data/bioclim/AHM1.asc
NCOLS 391 
NROWS 575 
XLLCORNER -1773000 
YLLCORNER 4368000 
CELLSIZE 1000 
NODATA_value -3.4e+38 
[rows 300 to 324 of 575, columns 112 to 167 of 391]
-3.4e+38 55 53.7999992370605 -3.4e+38 -3.4e+38 -3.4e+38 -3.4e+38 -3.4e+38 -3.4e+38 52.7000007629395 52.0999984741211 51 49.7999992370605 49.2999992370605 49.0999984741211 48.7000007629395 46.5999984741211 46.2999992370605 44.9000015258789 44.9000015258789 42.5999984741211 40.5 40.4000015258789 42.5 41 40.2999992370605 40.2999992370605 41.4000015258789 44.4000015258789 47 47.7999992370605 48.4000015258789 48.7000007629395 49.5 49.7999992370605 50.2000007629395 51.7999992370605 54.2999992370605 -3.4e+38 -3.4e+38 -3.4e+38 -3.4e+38 -3.4e+38 -3.4e+38 -3.4e+38 -3.4e+38 -3.4e+38 -3.4e+38 58.5999984741211 56.7999992370605 55.5999984741211 52.9000015258789 50 49.9000015258789 47.9000015258789 49.7999992370605
-3.4e+38 54.9000015258789 -3.4e+38 -3.4e+38 -3.4e+38 -3.4e+38 -3.4e+38 -3.4e+38 -3.4e+38 53.2999992370605 52.2999992370605 51.5999984741211 50.0999984741211 49.5999984741211 49.5999984741211 48.5999984741211 47.2000007629395 46.4000015258789 46.0999984741211 45.2999992370605 44.2000007629395 42.2000007629395 42.5 43.9000015258789 42 40.5999984741211 41.9000015258789 41.5999984741211 44.2000007629395 44 46 47 48.5999984741211 50.2999992370605 50 48.9000015258789 47.5 50.9000015258789 54.2999992370605 -3.4e+38 -3.4e+38 -3.4e+38 -3.4e+38 -3.4e+38 -3.4e+38 -3.4e+38 -3.4e+38 -3.4e+38 58.5 57.2000007629395 55.2999992370605 53.2999992370605 53.0999984741211 52.7000007629395 47.7999992370605 45.9000015258789
-3.4e+38 -3.4e+38 -3.4e+38 -3.4e+38 -3.4e+38 -3.4e+38 -3.4e+38 -3.4e+38 -3.4e+38 -3.4e+38 52.2999992370605 51 50.7000007629395 50.2999992370605 49 48.4000015258789 47.7000007629395 46.5999984741211 46.2000007629395 44 42.7999992370605 44.7999992370605 43.5999984741211 42.0999984741211 42.5999984741211 41.9000015258789 42.4000015258789 42.9000015258789 41.7000007629395 42.7000007629395 45.5999984741211 47 49.7999992370605 49.9000015258789 51.2000007629395 49.9000015258789 50.2000007629395 50 53.7999992370605 54.0999984741211 -3.4e+38 -3.4e+38 -3.4e+38 -3.4e+38 -3.4e+38 -3.4e+38 -3.4e+38 -3.4e+38 -3.4e+38 57.5999984741211 54.7999992370605 55.5999984741211 53.2999992370605 50.7000007629395 47.2000007629395 48.7999992370605
-3.4e+38 -3.4e+38 -3.4e+38 -3.4e+38 -3.4e+38 -3.4e+38 -3.4e+38 -3.4e+38 -3.4e+38 -3.4e+38 -3.4e+38 50.9000015258789 50.7999992370605 50.5 48.2000007629395 48.0999984741211 47.9000015258789 47 46.7999992370605 44.5999984741211 45.2000007629395 45 43.9000015258789 42.0999984741211 41.9000015258789 41.2999992370605 43.5 40.7999992370605 42.2000007629395 44.0999984741211 44.5 46.4000015258789 48.0999984741211 49.5 50.2000007629395 51.7000007629395 51 49.9000015258789 53.5 54.2000007629395 54.2999992370605 -3.4e+38 -3.4e+38 -3.4e+38 -3.4e+38 -3.4e+38 -3.4e+38 -3.4e+38 -3.4e+38 57.5 56.5999984741211 55.5 53.2000007629395 52.2999992370605 50 47
-3.4e+38 54.9000015258789 53.5 53.2000007629395 53.2999992370605 53.0999984741211 -3.4e+38 -3.4e+38 -3.4e+38 -3.4e+38 -3.4e+38 -3.4e+38 50.5 48.7999992370605 48.2999992370605 47.9000015258789 48.2000007629395 48.5 48.0999984741211 46 45.4000015258789 44.5999984741211 43.7999992370605 42 41.9000015258789 43.2999992370605 44.0999984741211 42.0999984741211 42.2000007629395 44.9000015258789 46.0999984741211 47.2000007629395 46.9000015258789 47.4000015258789 48.7999992370605 50.0999984741211 51.7000007629395 50.0999984741211 50.0999984741211 53.5 53.9000015258789 56.5 -3.4e+38 -3.4e+38 -3.4e+38 -3.4e+38 -3.4e+38 -3.4e+38 -3.4e+38 57.5999984741211 57.7999992370605 55.4000015258789 53.7999992370605 53.5999984741211 52.4000015258789 50.2000007629395
55 52.7000007629395 52.7000007629395 53.7000007629395 53.5999984741211 53.2000007629395 -3.4e+38 -3.4e+38 -3.4e+38 -3.4e+38 -3.4e+38 -3.4e+38 49.2999992370605 48.7999992370605 48 48.7000007629395 47.7999992370605 47.7000007629395 47.2000007629395 47.5 45.7999992370605 45.4000015258789 43.7000007629395 42 43.5999984741211 44.2999992370605 44.2999992370605 42 42.7000007629395 44.0999984741211 45.2000007629395 46.9000015258789 48.9000015258789 49.2000007629395 49.5999984741211 50.5999984741211 52.7999992370605 52.7000007629395 51.4000015258789 52.9000015258789 53.7999992370605 53.7999992370605 55.5999984741211 -3.4e+38 -3.4e+38 -3.4e+38 -3.4e+38 -3.4e+38 -3.4e+38 58.4000015258789 57.0999984741211 55.2000007629395 55.5 53.5999984741211 51.9000015258789 49.5
53.9000015258789 52.7000007629395 50.2000007629395 50.5 48.5999984741211 50.7000007629395 -3.4e+38 -3.4e+38 -3.4e+38 -3.4e+38 -3.4e+38 -3.4e+38 50 49.7999992370605 49.4000015258789 47.9000015258789 47.2000007629395 47.5999984741211 46.5 47.5 47 46.4000015258789 45.0999984741211 43.2999992370605 44.0999984741211 45.5 43.2000007629395 41.9000015258789 44 45.4000015258789 46.4000015258789 49.2999992370605 49.5 49.5 50 51.9000015258789 51.5999984741211 53.2999992370605 53.2999992370605 51.0999984741211 50.5 53.9000015258789 52.7000007629395 57.0999984741211 -3.4e+38 -3.4e+38 -3.4e+38 -3.4e+38 -3.4e+38 58.5999984741211 57 51.4000015258789 51.9000015258789 52.4000015258789 51.2999992370605 50.2000007629395
52.5 52.7999992370605 50.4000015258789 50.5999984741211 49.7000007629395 51.4000015258789 -3.4e+38 -3.4e+38 -3.4e+38 -3.4e+38 -3.4e+38 -3.4e+38 -3.4e+38 49.9000015258789 48.7000007629395 48.0999984741211 48.2000007629395 47.5 47.4000015258789 47.4000015258789 47.5999984741211 47.4000015258789 45.0999984741211 45.4000015258789 45.4000015258789 45.5999984741211 41.9000015258789 44.4000015258789 43.9000015258789 44.0999984741211 47.2000007629395 48.0999984741211 49.2999992370605 50 51.2999992370605 52.2999992370605 53.2000007629395 53.9000015258789 53.2000007629395 53.2999992370605 51.7000007629395 53.2000007629395 54.2999992370605 58 -3.4e+38 -3.4e+38 -3.4e+38 -3.4e+38 -3.4e+38 -3.4e+38 56.5 54.0999984741211 49.7000007629395 50.2000007629395 52.2000007629395 52.2000007629395
54.5999984741211 49.9000015258789 48.0999984741211 47.4000015258789 47.5999984741211 51.0999984741211 -3.4e+38 -3.4e+38 -3.4e+38 -3.4e+38 -3.4e+38 -3.4e+38 -3.4e+38 49.5 49.4000015258789 48.7999992370605 47.5 47.4000015258789 47.5999984741211 47.9000015258789 48.0999984741211 48 47.4000015258789 45.7999992370605 45.2999992370605 44 44.7000007629395 45.7999992370605 45.9000015258789 46.0999984741211 47.7000007629395 48 48 49.2000007629395 50.7000007629395 51.9000015258789 52.2000007629395 52.2000007629395 53.0999984741211 53.7999992370605 53.5999984741211 53 53.5999984741211 55.2999992370605 -3.4e+38 -3.4e+38 -3.4e+38 -3.4e+38 -3.4e+38 -3.4e+38 56.7000007629395 55.5 54.9000015258789 51.2999992370605 55.2000007629395 52
53.2000007629395 51.5 50 44.7999992370605 51.5 50.4000015258789 -3.4e+38 -3.4e+38 -3.4e+38 -3.4e+38 -3.4e+38 -3.4e+38 -3.4e+38 49.5999984741211 48.7999992370605 48 47.5 47.7000007629395 47.5 48.5 47.0999984741211 45.5 45.5 45.5 44.7999992370605 43.7999992370605 44.5 45.5 46.7000007629395 47.9000015258789 48.7999992370605 48.5999984741211 49.2000007629395 49.7999992370605 51.9000015258789 52.7999992370605 52.7999992370605 53.4000015258789 53.2000007629395 53.7000007629395 53.7999992370605 54.5 52 57.4000015258789 -3.4e+38 -3.4e+38 -3.4e+38 -3.4e+38 -3.4e+38 -3.4e+38 -3.4e+38 56.9000015258789 54.9000015258789 53.2000007629395 53.5 53.4000015258789
55.4000015258789 53 52.5 52.7999992370605 52.5999984741211 50.7999992370605 -3.4e+38 -3.4e+38 -3.4e+38 -3.4e+38 -3.4e+38 -3.4e+38 -3.4e+38 49.7000007629395 49.5999984741211 48.9000015258789 47.9000015258789 48.5 48.9000015258789 47.5 47 44.2999992370605 45.0999984741211 44.4000015258789 43.7000007629395 43.7000007629395 45.5 46.0999984741211 47.5999984741211 48 48.5 48.7999992370605 50 49.9000015258789 47.5 52.5999984741211 52.5 53.5 53.5 54.7999992370605 55.4000015258789 55 49.5999984741211 57.4000015258789 -3.4e+38 -3.4e+38 -3.4e+38 -3.4e+38 -3.4e+38 -3.4e+38 -3.4e+38 57 56.9000015258789 55.0999984741211 55.0999984741211 55
55.5 55.5999984741211 52.7999992370605 52.5999984741211 47.5999984741211 49.2999992370605 -3.4e+38 -3.4e+38 -3.4e+38 -3.4e+38 -3.4e+38 -3.4e+38 50.5999984741211 49.7999992370605 49.2999992370605 49.5999984741211 49.7999992370605 49.4000015258789 47.4000015258789 46 45.5999984741211 45.5999984741211 45 44.5 43.7999992370605 45.0999984741211 46.7000007629395 47.2000007629395 47.5 47.7999992370605 49.0999984741211 49.2999992370605 48.9000015258789 47 39.5 46.4000015258789 51.2999992370605 50.7999992370605 47.7000007629395 49.7000007629395 49.5 54.2000007629395 54.7999992370605 53.9000015258789 -3.4e+38 -3.4e+38 -3.4e+38 -3.4e+38 -3.4e+38 -3.4e+38 -3.4e+38 58.2999992370605 57 55.0999984741211 55 56.4000015258789
56.5 55.4000015258789 53.2999992370605 52.7000007629395 51.2999992370605 49.7000007629395 49.7999992370605 49.7999992370605 -3.4e+38 -3.4e+38 -3.4e+38 -3.4e+38 52.0999984741211 49.9000015258789 48.7999992370605 49.4000015258789 49.2999992370605 49.5999984741211 47.5 47.5 47.4000015258789 45.5999984741211 44.9000015258789 44.2000007629395 44.2000007629395 43.5999984741211 45.5999984741211 46.5 47.9000015258789 48.7000007629395 49.0999984741211 48.9000015258789 46.4000015258789 41.9000015258789 40.2999992370605 45.7000007629395 47.2000007629395 46.7000007629395 46.4000015258789 46.7999992370605 46.5 45.7999992370605 51.9000015258789 53.7000007629395 -3.4e+38 -3.4e+38 -3.4e+38 -3.4e+38 -3.4e+38 -3.4e+38 -3.4e+38 59.2000007629395 57.7999992370605 55.0999984741211 54.7999992370605 57.2999992370605
55.5 53.4000015258789 52.9000015258789 51.7999992370605 52.2999992370605 50.0999984741211 49.5999984741211 47.9000015258789 49.7000007629395 52.2999992370605 -3.4e+38 -3.4e+38 -3.4e+38 50.5 49.9000015258789 51.2000007629395 47.9000015258789 49.7000007629395 49.5 47.7000007629395 47.5999984741211 45.5999984741211 45.4000015258789 45.5 45.7000007629395 43.5999984741211 44.4000015258789 44.4000015258789 46.5 47.5 48.4000015258789 48.5 46.7999992370605 44.7999992370605 37.4000015258789 43.0999984741211 43.9000015258789 46.7000007629395 46.2999992370605 46.5 48.9000015258789 47.2000007629395 50.5 57.5999984741211 -3.4e+38 -3.4e+38 -3.4e+38 -3.4e+38 -3.4e+38 -3.4e+38 -3.4e+38 59.2000007629395 58.5 55.7000007629395 58.2000007629395 58.2999992370605
53.0999984741211 53 50.2999992370605 50.9000015258789 49.7999992370605 47.0999984741211 47.2999992370605 48 50.7999992370605 52 -3.4e+38 -3.4e+38 -3.4e+38 51.9000015258789 51.4000015258789 49.7999992370605 48 47.5999984741211 46.2000007629395 47 46.7999992370605 46.7000007629395 45.7000007629395 46 46.2999992370605 44.2000007629395 43.4000015258789 44.2000007629395 45.9000015258789 48 48.0999984741211 47.7000007629395 48.2999992370605 47.5 42.4000015258789 41.2999992370605 41.0999984741211 45.9000015258789 47 47.9000015258789 53 49.5999984741211 50.5 58.9000015258789 53.2999992370605 57.2999992370605 -3.4e+38 -3.4e+38 -3.4e+38 -3.4e+38 -3.4e+38 -3.4e+38 58.4000015258789 57.4000015258789 58.4000015258789 58.5
51.7999992370605 50.5 50.0999984741211 48.0999984741211 50.7000007629395 50 47.2999992370605 46.7999992370605 47.5999984741211 50.2999992370605 -3.4e+38 -3.4e+38 -3.4e+38 51.7000007629395 50.0999984741211 47.9000015258789 47.9000015258789 47.7000007629395 47.4000015258789 45.7999992370605 45.7999992370605 47.5999984741211 47.5 47.2999992370605 46.4000015258789 45.5 44.7999992370605 43.5999984741211 43.7999992370605 46.2999992370605 46.7000007629395 46.4000015258789 46.9000015258789 47 44.5999984741211 44.7999992370605 44.7999992370605 46.5 50.2000007629395 46.4000015258789 49.5 54.2000007629395 53.2999992370605 56.5 59.0999984741211 58.0999984741211 -3.4e+38 57.9000015258789 58.2000007629395 58.5999984741211 -3.4e+38 -3.4e+38 59.2999992370605 59.2999992370605 58.7000007629395 58.2999992370605
51.0999984741211 51.4000015258789 50.7999992370605 47.2000007629395 46.0999984741211 45.4000015258789 47.4000015258789 46.7999992370605 47.4000015258789 50.7000007629395 -3.4e+38 -3.4e+38 -3.4e+38 -3.4e+38 50.7000007629395 49.9000015258789 48.0999984741211 47.5 47.9000015258789 48.5 45.7999992370605 48.0999984741211 47.5999984741211 46.9000015258789 45.5 45.5 43.9000015258789 44.5 42.7999992370605 44.9000015258789 44.9000015258789 44.9000015258789 45.2999992370605 47.4000015258789 46.5 46 47.4000015258789 46.7999992370605 48 51.5999984741211 52.0999984741211 53.2000007629395 56.2000007629395 56.4000015258789 59.9000015258789 57.2000007629395 57.5 55.7999992370605 58.2999992370605 57.7000007629395 59.7999992370605 -3.4e+38 -3.4e+38 -3.4e+38 -3.4e+38 58.7000007629395
52 50.2999992370605 50.0999984741211 47.5 44.7000007629395 44.0999984741211 45.7999992370605 46.4000015258789 52.0999984741211 -3.4e+38 -3.4e+38 -3.4e+38 -3.4e+38 52.5 52.0999984741211 48.2999992370605 49.2000007629395 49.7999992370605 49.7999992370605 49.7000007629395 46.7999992370605 48.7000007629395 48.0999984741211 47.7000007629395 45.5 43.4000015258789 43.4000015258789 43.4000015258789 42.7999992370605 42.4000015258789 39.7999992370605 40 40 45.7000007629395 46.9000015258789 46.4000015258789 49.2999992370605 46.7999992370605 49.0999984741211 49.5 52.7999992370605 55.2999992370605 52.7999992370605 57 59.9000015258789 61.5 54.5 52.9000015258789 54.9000015258789 57.7000007629395 59.7999992370605 60.7999992370605 58.2999992370605 59.4000015258789 -3.4e+38 59.5
52.4000015258789 52.0999984741211 48.5 45.5 40.2999992370605 45 47.2000007629395 49.5999984741211 52.2000007629395 -3.4e+38 -3.4e+38 -3.4e+38 53.2999992370605 52.5 50.2999992370605 48.2999992370605 49.7999992370605 47.7999992370605 47.4000015258789 48.2999992370605 49.7999992370605 49.2000007629395 48.4000015258789 47.5 47.5 46 44.7999992370605 42.9000015258789 39.7000007629395 37.2999992370605 33.7000007629395 33.7000007629395 40.5 43.4000015258789 46.4000015258789 46.5 48 47.7000007629395 49.2000007629395 49 49.5 54.9000015258789 54 57.7999992370605 56.7999992370605 60.0999984741211 57.5 56 55.7999992370605 59.0999984741211 55.5999984741211 62 58.7999992370605 60.0999984741211 -3.4e+38 -3.4e+38
50.5 47.5999984741211 44.5999984741211 43.2999992370605 38 43.7000007629395 49 50.4000015258789 51.2999992370605 -3.4e+38 -3.4e+38 -3.4e+38 52.7999992370605 52.5999984741211 49.5 49.9000015258789 49.5999984741211 47.7000007629395 47.5999984741211 46.5 48.9000015258789 48.2000007629395 48.5999984741211 48 46 44.4000015258789 39.5 36.2999992370605 39.4000015258789 35.5 33.4000015258789 33.7999992370605 38.2000007629395 41.2000007629395 45.9000015258789 46.5 49.0999984741211 49.5 47.7000007629395 46.4000015258789 43.9000015258789 50.5999984741211 53.5 54.5 55.2999992370605 56.9000015258789 57 58 57.5999984741211 58.5999984741211 57.9000015258789 60 61.9000015258789 60.7999992370605 -3.4e+38 -3.4e+38
53.2000007629395 49.9000015258789 47.0999984741211 45.2000007629395 46.0999984741211 45.0999984741211 48.9000015258789 52.0999984741211 52.5 -3.4e+38 -3.4e+38 51.7999992370605 53.9000015258789 50.0999984741211 49.9000015258789 49.4000015258789 48.0999984741211 47.7000007629395 48 46.5 48 47.5999984741211 47.9000015258789 46.2000007629395 45.7999992370605 39.2000007629395 37.4000015258789 34.5999984741211 37.7000007629395 37.7999992370605 36.2000007629395 35.7999992370605 43.5999984741211 45.2999992370605 43.9000015258789 46.5 49.2999992370605 52.5999984741211 51.5 50 49.2999992370605 47.7000007629395 49.2999992370605 52.7999992370605 54.0999984741211 56.9000015258789 60.4000015258789 60.4000015258789 57.4000015258789 57.9000015258789 58.9000015258789 59.7999992370605 59.7000007629395 59.5999984741211 -3.4e+38 -3.4e+38
53.5999984741211 50.7000007629395 47.0999984741211 48.5 50.2000007629395 49.7000007629395 52.2000007629395 -3.4e+38 -3.4e+38 -3.4e+38 -3.4e+38 53.5 50.2000007629395 49.5999984741211 49.9000015258789 49.9000015258789 49.7000007629395 47.5999984741211 50 48.2000007629395 47.5999984741211 46.7000007629395 46.0999984741211 46.2000007629395 41.2999992370605 39.2999992370605 39.2999992370605 37.2999992370605 35.2999992370605 38.5 38.4000015258789 43.7000007629395 44.5 46.0999984741211 43.5999984741211 48.2999992370605 49.2000007629395 49.5999984741211 52.5 53.7999992370605 55 52.9000015258789 51.5 56.5 56.4000015258789 53.0999984741211 55.4000015258789 60.9000015258789 60.4000015258789 57.9000015258789 58.2000007629395 60.9000015258789 60.5 -3.4e+38 -3.4e+38 -3.4e+38
56.4000015258789 53 52.7999992370605 53.0999984741211 52.9000015258789 53 53.0999984741211 -3.4e+38 -3.4e+38 -3.4e+38 -3.4e+38 52.4000015258789 -3.4e+38 49.9000015258789 49.7000007629395 49.9000015258789 50.0999984741211 50.7000007629395 49.9000015258789 48.9000015258789 47.5999984741211 46.2000007629395 45.2000007629395 45.0999984741211 43.2000007629395 41.2000007629395 35.7000007629395 36.0999984741211 39.7999992370605 37.0999984741211 41 43.9000015258789 46 46.4000015258789 43.5 49.5999984741211 51.2000007629395 52 51.7999992370605 50.4000015258789 54.9000015258789 56.0999984741211 57.0999984741211 58.5999984741211 58.5 56.9000015258789 58.4000015258789 61.5999984741211 57.4000015258789 57.2999992370605 58.0999984741211 59.4000015258789 60.7999992370605 60.7000007629395 -3.4e+38 -3.4e+38
56.4000015258789 54.2999992370605 55 55.7000007629395 54.0999984741211 53 -3.4e+38 -3.4e+38 -3.4e+38 -3.4e+38 -3.4e+38 -3.4e+38 -3.4e+38 50 50.7000007629395 51.7000007629395 50 50.2000007629395 49.9000015258789 46.2999992370605 45.2000007629395 45.7000007629395 44.2000007629395 37.5999984741211 38.4000015258789 36 38.5999984741211 37.2000007629395 40.7000007629395 35.7999992370605 38.0999984741211 40 45.7999992370605 46.5 50.2000007629395 51.7000007629395 51.7999992370605 54.5999984741211 51.7999992370605 46.2999992370605 46.9000015258789 51.4000015258789 54.2000007629395 55.9000015258789 56.5999984741211 60.2999992370605 61.0999984741211 62 57 54.9000015258789 57.5 59.7000007629395 60.9000015258789 60.5999984741211 -3.4e+38 -3.4e+38
59.4000015258789 56.7999992370605 57.4000015258789 55.9000015258789 53.9000015258789 53 -3.4e+38 -3.4e+38 -3.4e+38 -3.4e+38 -3.4e+38 -3.4e+38 -3.4e+38 -3.4e+38 52.5 49.7000007629395 49 49.9000015258789 49.7999992370605 48 45.2999992370605 45.2000007629395 40.7000007629395 40 39 36.2000007629395 39.0999984741211 37.0999984741211 40.7000007629395 41.4000015258789 38.9000015258789 44.2999992370605 47.2000007629395 48.4000015258789 50.5 51.2999992370605 52.7000007629395 54.9000015258789 53.7000007629395 50 45.9000015258789 49.2000007629395 55.7000007629395 56.7999992370605 56.2000007629395 54.7999992370605 56.7000007629395 59.7999992370605 56.2000007629395 57.5 57 58.5 60.2000007629395 60.5999984741211 -3.4e+38 61.2000007629395
