data/bioclim/AHM1.asc
NCOLS 391 
NROWS 575 
XLLCORNER -1773000 
YLLCORNER 4368000 
CELLSIZE 1000 
NODATA_value -3.4e+38 
[rows 375 to 399 of 575, columns 168 to 223 of 391]
58.5999984741211 -3.4e+38 -3.4e+38 -3.4e+38 58.9000015258789 58.2999992370605 55.4000015258789 53.2999992370605 51.7000007629395 56.5 54.2000007629395 49 51.5999984741211 53.7999992370605 57.4000015258789 62 62.4000015258789 61.7000007629395 58.9000015258789 61.7999992370605 62.0999984741211 -3.4e+38 -3.4e+38 -3.4e+38 -3.4e+38 -3.4e+38 -3.4e+38 -3.4e+38 -3.4e+38 -3.4e+38 63.5 62.0999984741211 59.7000007629395 61 60.2999992370605 60.5999984741211 59.4000015258789 56.2999992370605 54.5 56.5999984741211 56.5 56.7000007629395 55.4000015258789 52.2999992370605 46.0999984741211 51.0999984741211 54.7999992370605 53.9000015258789 52.0999984741211 51.5999984741211 51 49.0999984741211 46.9000015258789 39.5 39.2000007629395 46.0999984741211
56.7000007629395 -3.4e+38 -3.4e+38 -3.4e+38 59.4000015258789 57.2999992370605 56.9000015258789 57 53.7000007629395 54.2999992370605 52.4000015258789 47.0999984741211 42.5999984741211 47.9000015258789 57.5 61.7000007629395 61.9000015258789 63.7000007629395 62.0999984741211 58 62.2999992370605 -3.4e+38 -3.4e+38 -3.4e+38 -3.4e+38 -3.4e+38 -3.4e+38 -3.4e+38 -3.4e+38 63.5999984741211 61.2000007629395 61.4000015258789 59.9000015258789 58.5999984741211 59.5999984741211 61.5 59.7000007629395 56.5999984741211 58.5999984741211 57.2999992370605 58.5999984741211 56.9000015258789 56.5 56.2000007629395 55.2000007629395 53.7999992370605 53 54.0999984741211 52.9000015258789 52.0999984741211 49.7999992370605 47 44.5 41.2000007629395 40.9000015258789 44.0999984741211
60.2999992370605 59.0999984741211 -3.4e+38 60.5999984741211 58.5999984741211 57.4000015258789 53.2000007629395 54.9000015258789 56.0999984741211 54.7999992370605 54.0999984741211 48.0999984741211 48.2999992370605 48 59 61.5999984741211 57.7999992370605 64 63.7999992370605 62 61.2000007629395 -3.4e+38 -3.4e+38 -3.4e+38 -3.4e+38 -3.4e+38 -3.4e+38 67 66.1999969482422 64.1999969482422 64.3000030517578 64.6999969482422 61.5 62.0999984741211 62.7000007629395 63.2000007629395 61.0999984741211 59.9000015258789 60.2000007629395 56.7000007629395 56.7999992370605 56.9000015258789 57.2000007629395 56.7000007629395 54 53.7000007629395 53.9000015258789 51.7000007629395 51.2000007629395 49.0999984741211 49.7999992370605 44.7000007629395 44.7000007629395 42.5 42.9000015258789 42.7999992370605
57.2000007629395 60.2000007629395 -3.4e+38 60 57 55.5 51.5 53.2000007629395 53 53 45.7999992370605 52.5 52.5999984741211 54 55.9000015258789 56.5 60.9000015258789 62.7999992370605 64 63.7000007629395 -3.4e+38 -3.4e+38 -3.4e+38 -3.4e+38 -3.4e+38 -3.4e+38 -3.4e+38 -3.4e+38 66.5999984741211 65.3000030517578 63.9000015258789 63.0999984741211 64.9000015258789 63.9000015258789 63.9000015258789 59.7999992370605 61.2000007629395 57.5 57 54.7999992370605 54.7000007629395 56.2000007629395 53.5 56.4000015258789 48.4000015258789 51.2000007629395 53.2000007629395 51.5 49.2999992370605 46.9000015258789 46.5 46.5 46.7000007629395 44.5999984741211 45.2999992370605 40.5999984741211
57.2999992370605 58.7000007629395 60.4000015258789 60 58.0999984741211 51.9000015258789 54.5999984741211 58 55.7999992370605 54.5999984741211 54 54.5999984741211 55.7000007629395 54 54.7000007629395 58.5999984741211 58.4000015258789 63 67.1999969482422 -3.4e+38 -3.4e+38 -3.4e+38 -3.4e+38 -3.4e+38 -3.4e+38 -3.4e+38 -3.4e+38 -3.4e+38 -3.4e+38 62 61 59.9000015258789 63.4000015258789 63.7999992370605 61.0999984741211 60 56.5 56.4000015258789 56.2999992370605 50.7999992370605 50.5999984741211 50.7999992370605 53.4000015258789 53.5999984741211 53.5999984741211 51.2000007629395 53 53.5999984741211 52.9000015258789 50.9000015258789 44.9000015258789 46.5999984741211 47.9000015258789 47.5999984741211 44.0999984741211 42.5999984741211
56.5999984741211 57 61.4000015258789 -3.4e+38 58.9000015258789 56.4000015258789 57.2000007629395 59.0999984741211 58 54.5999984741211 56.2000007629395 57 57.7999992370605 54.0999984741211 58 56.4000015258789 59.4000015258789 63.5 67.5999984741211 -3.4e+38 -3.4e+38 -3.4e+38 -3.4e+38 -3.4e+38 -3.4e+38 -3.4e+38 -3.4e+38 -3.4e+38 -3.4e+38 -3.4e+38 60.5999984741211 59.9000015258789 59.7999992370605 61.7000007629395 62.2000007629395 60.2000007629395 58.5999984741211 56.2999992370605 53.2000007629395 48.9000015258789 50.5999984741211 49.7000007629395 53.4000015258789 53.9000015258789 51.7999992370605 51.0999984741211 51.0999984741211 52.5999984741211 51.5999984741211 51.4000015258789 48.9000015258789 49.0999984741211 48.4000015258789 48 45.7999992370605 44.4000015258789
57.4000015258789 59.5999984741211 60.5 61.7999992370605 -3.4e+38 58.7000007629395 58.7999992370605 60.5 60.5999984741211 53.5 55.7000007629395 58.2999992370605 56.7000007629395 54.0999984741211 58.9000015258789 60.5 62.7000007629395 63.5999984741211 66.9000015258789 -3.4e+38 -3.4e+38 -3.4e+38 -3.4e+38 -3.4e+38 -3.4e+38 -3.4e+38 -3.4e+38 -3.4e+38 -3.4e+38 -3.4e+38 63.2999992370605 60.2999992370605 60.5 59.5999984741211 59.7999992370605 56 53.0999984741211 50.2000007629395 52.7999992370605 52.7000007629395 50.4000015258789 47.7000007629395 49.9000015258789 50.5999984741211 52.7000007629395 46.2999992370605 50.5 51 51.5 50.7999992370605 51.2999992370605 50.7999992370605 49 47.7000007629395 47.7000007629395 47.2000007629395
57.5999984741211 59.0999984741211 60.5 62.5 -3.4e+38 -3.4e+38 -3.4e+38 -3.4e+38 -3.4e+38 57.5999984741211 57.7999992370605 56.5999984741211 57.5 50.7000007629395 51.0999984741211 56.2000007629395 58.4000015258789 63.5 65.6999969482422 -3.4e+38 -3.4e+38 -3.4e+38 -3.4e+38 -3.4e+38 -3.4e+38 -3.4e+38 -3.4e+38 -3.4e+38 -3.4e+38 -3.4e+38 -3.4e+38 62 59.0999984741211 55.5999984741211 53 55.9000015258789 50.9000015258789 49.2999992370605 49 50.4000015258789 50.4000015258789 47.5999984741211 49.4000015258789 48.5 45.7000007629395 46.4000015258789 50.9000015258789 51 51.5 49.9000015258789 48.5 46.4000015258789 47.2999992370605 48.5 48.9000015258789 51.5
56.4000015258789 60.7000007629395 59.4000015258789 58.9000015258789 62.7999992370605 -3.4e+38 -3.4e+38 -3.4e+38 -3.4e+38 60.2999992370605 59.4000015258789 59.4000015258789 56.2999992370605 52.2000007629395 48.7000007629395 55.0999984741211 58.5999984741211 64.5 66.6999969482422 -3.4e+38 -3.4e+38 -3.4e+38 -3.4e+38 -3.4e+38 -3.4e+38 -3.4e+38 -3.4e+38 -3.4e+38 -3.4e+38 -3.4e+38 -3.4e+38 59.2000007629395 56.7999992370605 57.7000007629395 60.2000007629395 56 55.9000015258789 49.7000007629395 48.2000007629395 47.5 50.0999984741211 45.5 46.2000007629395 50.0999984741211 46.7999992370605 44.2999992370605 49.7999992370605 50.7999992370605 55.2999992370605 53.5999984741211 50.4000015258789 49.2000007629395 47.7999992370605 48.7000007629395 54 52.2999992370605
56.2000007629395 56 57.2999992370605 60.2000007629395 61.2000007629395 62.2000007629395 -3.4e+38 -3.4e+38 -3.4e+38 61.0999984741211 58.5 59.2999992370605 56.2999992370605 47.7000007629395 54.2999992370605 58.4000015258789 62.0999984741211 64.3000030517578 66.8000030517578 -3.4e+38 -3.4e+38 -3.4e+38 -3.4e+38 -3.4e+38 -3.4e+38 -3.4e+38 -3.4e+38 -3.4e+38 -3.4e+38 -3.4e+38 -3.4e+38 60.5999984741211 61.7000007629395 59.4000015258789 55.9000015258789 57.2000007629395 52.9000015258789 44.0999984741211 37.2999992370605 47.2999992370605 47.4000015258789 42.7000007629395 42.9000015258789 45.4000015258789 46.5 41.4000015258789 47.5999984741211 53.7999992370605 56.2999992370605 56.2999992370605 52.7000007629395 52.5999984741211 51.2999992370605 48.7000007629395 55.2999992370605 54
50.7000007629395 50.9000015258789 53.4000015258789 58.5 60.5999984741211 61.5 -3.4e+38 -3.4e+38 -3.4e+38 61.7999992370605 60.7000007629395 60 48.7999992370605 50.5 52.2000007629395 54.2000007629395 62.2000007629395 64.0999984741211 -3.4e+38 -3.4e+38 -3.4e+38 -3.4e+38 -3.4e+38 -3.4e+38 -3.4e+38 -3.4e+38 -3.4e+38 -3.4e+38 -3.4e+38 -3.4e+38 -3.4e+38 62.2999992370605 59 55.2999992370605 56.2000007629395 51.2000007629395 46.5 44.4000015258789 42.2999992370605 43.7999992370605 45.9000015258789 43.2999992370605 39.7999992370605 39.9000015258789 47 39.4000015258789 44.2000007629395 53.0999984741211 58 59.7000007629395 57.9000015258789 56.2999992370605 57.9000015258789 53.5 54.5 57.7000007629395
53.2999992370605 54.7999992370605 56.7000007629395 57.9000015258789 61.5 -3.4e+38 -3.4e+38 -3.4e+38 -3.4e+38 62 61.7000007629395 62.7999992370605 58.5 55.7999992370605 58.0999984741211 60.9000015258789 61.0999984741211 -3.4e+38 -3.4e+38 -3.4e+38 -3.4e+38 -3.4e+38 -3.4e+38 -3.4e+38 -3.4e+38 -3.4e+38 -3.4e+38 -3.4e+38 -3.4e+38 -3.4e+38 -3.4e+38 60.0999984741211 57.2000007629395 55.7000007629395 55.4000015258789 49.5 44.7999992370605 40.7000007629395 42.7000007629395 47.0999984741211 43.7000007629395 41.5999984741211 41.2000007629395 39.9000015258789 39.7000007629395 44.2000007629395 50.4000015258789 50.7000007629395 59.9000015258789 60.7000007629395 62.2000007629395 60.5999984741211 57.2000007629395 59.2000007629395 59.5 60.9000015258789
53.5 52.7999992370605 55.2999992370605 57.5 57.5 -3.4e+38 -3.4e+38 -3.4e+38 -3.4e+38 66.5999984741211 65.5999984741211 62.9000015258789 62.7000007629395 63.2000007629395 62.7999992370605 64.5999984741211 63.5999984741211 -3.4e+38 -3.4e+38 -3.4e+38 -3.4e+38 -3.4e+38 -3.4e+38 -3.4e+38 -3.4e+38 -3.4e+38 -3.4e+38 -3.4e+38 -3.4e+38 -3.4e+38 -3.4e+38 59.7000007629395 55.0999984741211 59.7000007629395 56 52.7999992370605 47.5 43 47.5 49.7000007629395 49.7000007629395 45.2999992370605 43.5999984741211 42.2999992370605 38.7000007629395 42.7999992370605 47.0999984741211 53.7000007629395 57.2999992370605 61.2000007629395 63 64.8000030517578 57.7999992370605 61.9000015258789 63.2000007629395 63.2000007629395
53.0999984741211 52.7999992370605 57.0999984741211 57.2999992370605 58.5999984741211 -3.4e+38 -3.4e+38 -3.4e+38 -3.4e+38 -3.4e+38 67.8000030517578 65.9000015258789 66.3000030517578 68.6999969482422 68 69.5 68 -3.4e+38 -3.4e+38 -3.4e+38 -3.4e+38 -3.4e+38 -3.4e+38 -3.4e+38 -3.4e+38 -3.4e+38 -3.4e+38 -3.4e+38 -3.4e+38 -3.4e+38 -3.4e+38 60 60.2999992370605 -3.4e+38 56.7999992370605 51.0999984741211 49.5999984741211 46.0999984741211 52.9000015258789 42.7000007629395 41.0999984741211 44.4000015258789 41.4000015258789 40.5999984741211 37.2999992370605 38.5999984741211 46.9000015258789 53.5999984741211 55.0999984741211 56.2999992370605 61.5999984741211 64.6999969482422 61.7000007629395 61.5999984741211 62 65.8000030517578
50.7999992370605 50.2000007629395 53.5999984741211 57.4000015258789 57.2000007629395 60.5 -3.4e+38 -3.4e+38 -3.4e+38 -3.4e+38 -3.4e+38 68.4000015258789 68.6999969482422 68.6999969482422 -3.4e+38 -3.4e+38 -3.4e+38 -3.4e+38 -3.4e+38 -3.4e+38 -3.4e+38 -3.4e+38 -3.4e+38 -3.4e+38 -3.4e+38 -3.4e+38 -3.4e+38 -3.4e+38 -3.4e+38 -3.4e+38 -3.4e+38 -3.4e+38 -3.4e+38 -3.4e+38 59.7999992370605 53.4000015258789 55.2999992370605 56.2999992370605 50.7000007629395 42.0999984741211 47.7999992370605 49.7000007629395 43.7000007629395 35.7999992370605 36.9000015258789 39 43.7999992370605 46 50.2999992370605 53.7999992370605 58.5 61.5999984741211 64.1999969482422 61.5 61 65.9000015258789
53.0999984741211 53.9000015258789 50.5999984741211 54.2000007629395 57.9000015258789 -3.4e+38 -3.4e+38 -3.4e+38 -3.4e+38 -3.4e+38 -3.4e+38 -3.4e+38 -3.4e+38 -3.4e+38 -3.4e+38 -3.4e+38 -3.4e+38 -3.4e+38 -3.4e+38 -3.4e+38 -3.4e+38 -3.4e+38 -3.4e+38 -3.4e+38 -3.4e+38 -3.4e+38 -3.4e+38 -3.4e+38 -3.4e+38 -3.4e+38 -3.4e+38 -3.4e+38 -3.4e+38 -3.4e+38 -3.4e+38 60.7999992370605 55.7999992370605 57.2000007629395 53.7999992370605 47.0999984741211 49.5 43.4000015258789 43.5999984741211 40.5 36.2999992370605 36.2999992370605 42 45 50.5999984741211 54.5999984741211 56.2000007629395 57.4000015258789 63.0999984741211 65.5999984741211 66.4000015258789 66.4000015258789
53.0999984741211 54 53.7000007629395 57.2999992370605 57.4000015258789 58.4000015258789 -3.4e+38 -3.4e+38 -3.4e+38 -3.4e+38 -3.4e+38 -3.4e+38 -3.4e+38 -3.4e+38 -3.4e+38 -3.4e+38 -3.4e+38 -3.4e+38 -3.4e+38 -3.4e+38 -3.4e+38 -3.4e+38 -3.4e+38 -3.4e+38 -3.4e+38 -3.4e+38 -3.4e+38 -3.4e+38 -3.4e+38 -3.4e+38 -3.4e+38 -3.4e+38 -3.4e+38 -3.4e+38 -3.4e+38 -3.4e+38 60.0999984741211 59.2999992370605 56.0999984741211 54.5 50.5999984741211 39.2999992370605 39.2999992370605 38.7000007629395 40.5 38.5 34.5 43.2000007629395 45 50.5999984741211 54.9000015258789 57.2999992370605 61 65 65.9000015258789 65.1999969482422
53.5999984741211 57.0999984741211 53.2999992370605 53.7000007629395 61.4000015258789 62.2000007629395 -3.4e+38 -3.4e+38 -3.4e+38 -3.4e+38 -3.4e+38 -3.4e+38 -3.4e+38 -3.4e+38 -3.4e+38 -3.4e+38 -3.4e+38 -3.4e+38 -3.4e+38 -3.4e+38 -3.4e+38 -3.4e+38 -3.4e+38 -3.4e+38 -3.4e+38 -3.4e+38 -3.4e+38 -3.4e+38 -3.4e+38 -3.4e+38 -3.4e+38 -3.4e+38 -3.4e+38 -3.4e+38 -3.4e+38 -3.4e+38 -3.4e+38 -3.4e+38 -3.4e+38 52.7000007629395 47.0999984741211 42.4000015258789 40.2000007629395 41.2999992370605 42.7999992370605 42.0999984741211 34.5 37.5999984741211 42.5999984741211 48.5 55.7999992370605 61.2000007629395 65.5 65.5 66.8000030517578 66.8000030517578
50.4000015258789 53.9000015258789 51.5 50.4000015258789 57.9000015258789 62.2999992370605 62.5999984741211 -3.4e+38 -3.4e+38 -3.4e+38 -3.4e+38 -3.4e+38 -3.4e+38 -3.4e+38 -3.4e+38 -3.4e+38 -3.4e+38 -3.4e+38 -3.4e+38 -3.4e+38 -3.4e+38 -3.4e+38 -3.4e+38 -3.4e+38 -3.4e+38 -3.4e+38 -3.4e+38 -3.4e+38 -3.4e+38 -3.4e+38 -3.4e+38 -3.4e+38 -3.4e+38 -3.4e+38 -3.4e+38 -3.4e+38 -3.4e+38 -3.4e+38 -3.4e+38 51.7999992370605 48.7999992370605 47.2000007629395 40.7999992370605 42.5 45 44.4000015258789 39.5 39.5 44.7000007629395 47.9000015258789 54.5999984741211 60.2999992370605 63.0999984741211 65.3000030517578 66.0999984741211 67
50.5 51.5999984741211 53.7000007629395 54.5 59.2000007629395 58 62.7000007629395 64.3000030517578 -3.4e+38 -3.4e+38 -3.4e+38 -3.4e+38 -3.4e+38 -3.4e+38 -3.4e+38 -3.4e+38 -3.4e+38 -3.4e+38 -3.4e+38 -3.4e+38 -3.4e+38 -3.4e+38 -3.4e+38 -3.4e+38 -3.4e+38 -3.4e+38 -3.4e+38 -3.4e+38 -3.4e+38 -3.4e+38 -3.4e+38 -3.4e+38 -3.4e+38 -3.4e+38 -3.4e+38 -3.4e+38 -3.4e+38 -3.4e+38 60.0999984741211 54.2000007629395 47.2000007629395 47.2999992370605 45 47.2000007629395 44 42.0999984741211 39.2000007629395 38.2000007629395 42.7000007629395 46.7000007629395 54.5 57.2000007629395 61.0999984741211 64.5 65.8000030517578 65.8000030517578
44.9000015258789 49.5 46.2999992370605 53.5999984741211 58.7000007629395 58.2999992370605 60.2999992370605 61.9000015258789 64.0999984741211 63.5 -3.4e+38 -3.4e+38 -3.4e+38 -3.4e+38 -3.4e+38 -3.4e+38 -3.4e+38 -3.4e+38 -3.4e+38 -3.4e+38 -3.4e+38 -3.4e+38 -3.4e+38 -3.4e+38 -3.4e+38 -3.4e+38 -3.4e+38 -3.4e+38 -3.4e+38 -3.4e+38 -3.4e+38 -3.4e+38 -3.4e+38 -3.4e+38 -3.4e+38 -3.4e+38 -3.4e+38 -3.4e+38 60.5999984741211 57.7999992370605 52.5 47.2000007629395 50 50 46.7999992370605 44.4000015258789 37.4000015258789 34.5 38.2000007629395 45.0999984741211 50.5 54 60.4000015258789 65.3000030517578 66.1999969482422 67.1999969482422
47.5 47.5 50.5999984741211 53.7999992370605 58.2999992370605 58.2000007629395 62.9000015258789 61.7000007629395 61.2000007629395 63.0999984741211 64.4000015258789 66.5999984741211 -3.4e+38 -3.4e+38 -3.4e+38 -3.4e+38 -3.4e+38 -3.4e+38 -3.4e+38 -3.4e+38 -3.4e+38 -3.4e+38 -3.4e+38 -3.4e+38 -3.4e+38 -3.4e+38 -3.4e+38 -3.4e+38 -3.4e+38 -3.4e+38 -3.4e+38 -3.4e+38 -3.4e+38 -3.4e+38 -3.4e+38 -3.4e+38 -3.4e+38 63.9000015258789 63.7999992370605 59.9000015258789 55.5999984741211 52.4000015258789 51.4000015258789 47.5 44.7999992370605 44.2999992370605 40.5 34.4000015258789 36.4000015258789 39.4000015258789 53.7000007629395 60.9000015258789 62.5999984741211 65.0999984741211 65.1999969482422 66.6999969482422
43.5 47.0999984741211 50.5999984741211 52 58.2000007629395 57.9000015258789 62 58.5999984741211 57.9000015258789 58.7999992370605 63.7999992370605 68.5999984741211 -3.4e+38 -3.4e+38 -3.4e+38 -3.4e+38 -3.4e+38 -3.4e+38 -3.4e+38 -3.4e+38 -3.4e+38 -3.4e+38 -3.4e+38 -3.4e+38 -3.4e+38 -3.4e+38 -3.4e+38 -3.4e+38 -3.4e+38 -3.4e+38 -3.4e+38 -3.4e+38 -3.4e+38 -3.4e+38 -3.4e+38 -3.4e+38 -3.4e+38 63.5999984741211 59.7000007629395 56.5999984741211 54.5 49.7999992370605 49.2000007629395 46.7999992370605 44.2999992370605 42.0999984741211 40.5999984741211 43 43.5 42.7999992370605 54 53.7999992370605 57.7999992370605 64.1999969482422 65 66.8000030517578
47.2000007629395 47.2999992370605 42 48.9000015258789 57.7000007629395 59 55.5 56.5999984741211 54.5 58.9000015258789 59 61.2999992370605 -3.4e+38 -3.4e+38 -3.4e+38 -3.4e+38 -3.4e+38 -3.4e+38 -3.4e+38 -3.4e+38 -3.4e+38 -3.4e+38 -3.4e+38 -3.4e+38 -3.4e+38 -3.4e+38 -3.4e+38 -3.4e+38 -3.4e+38 -3.4e+38 -3.4e+38 -3.4e+38 -3.4e+38 -3.4e+38 -3.4e+38 -3.4e+38 -3.4e+38 64.0999984741211 59.7999992370605 57.7000007629395 54.4000015258789 49.2999992370605 47.2999992370605 47.0999984741211 46.2999992370605 40.5999984741211 38.0999984741211 41.9000015258789 47.7000007629395 42.7000007629395 45.7999992370605 48.0999984741211 52.7999992370605 61.5 65.0999984741211 67.1999969482422
47.0999984741211 47.7999992370605 54 55.5 59 56.2999992370605 53.2999992370605 49.2000007629395 54.5 57 54.5 63 -3.4e+38 -3.4e+38 -3.4e+38 -3.4e+38 -3.4e+38 -3.4e+38 -3.4e+38 -3.4e+38 -3.4e+38 -3.4e+38 -3.4e+38 -3.4e+38 -3.4e+38 -3.4e+38 -3.4e+38 -3.4e+38 -3.4e+38 -3.4e+38 -3.4e+38 -3.4e+38 -3.4e+38 -3.4e+38 -3.4e+38 -3.4e+38 -3.4e+38 -3.4e+38 63.5 60.0999984741211 55.5 49.2999992370605 49.7000007629395 48.5 45.7999992370605 42 36.5999984741211 38.2000007629395 40.4000015258789 49.5 48.4000015258789 50.7999992370605 53.5999984741211 62.4000015258789 64.4000015258789 64.5999984741211
