data/bioclim/AHM1.asc
NCOLS 391 
NROWS 575 
XLLCORNER -1773000 
YLLCORNER 4368000 
CELLSIZE 1000 
NODATA_value -3.4e+38 
[rows 425 to 449 of 575, columns 224 to 279 of 391]
49.0999984741211 43.7999992370605 41.4000015258789 47.5999984741211 54.4000015258789 55 55.5999984741211 57 64 65.4000015258789 -3.4e+38 -3.4e+38 -3.4e+38 -3.4e+38 62.0999984741211 62.9000015258789 63.2999992370605 60 53.7999992370605 52.2999992370605 52.9000015258789 50.7999992370605 53.2999992370605 55.2999992370605 58.2000007629395 62 -3.4e+38 -3.4e+38 -3.4e+38 -3.4e+38 -3.4e+38 -3.4e+38 -3.4e+38 -3.4e+38 -3.4e+38 61.0999984741211 59.9000015258789 59.7999992370605 55.2000007629395 51.2000007629395 41.0999984741211 38 34 38 42.7999992370605 43.4000015258789 47.2000007629395 49.7999992370605 52.2000007629395 52.5999984741211 50.2000007629395 46.4000015258789 48.9000015258789 53.2000007629395 -3.4e+38 -3.4e+38
39 43.5999984741211 46.5999984741211 48.7000007629395 54.4000015258789 57.7000007629395 60.9000015258789 63.7999992370605 59.5 61 63.4000015258789 -3.4e+38 -3.4e+38 -3.4e+38 62.0999984741211 60.2999992370605 58.9000015258789 56.2000007629395 53.5 50.7999992370605 51.4000015258789 53.9000015258789 53.4000015258789 56.0999984741211 59.2000007629395 62.2000007629395 -3.4e+38 -3.4e+38 -3.4e+38 -3.4e+38 -3.4e+38 -3.4e+38 -3.4e+38 -3.4e+38 63 61.2000007629395 60 54.2000007629395 49.5999984741211 45.2000007629395 40 38 35.4000015258789 37.2000007629395 37.9000015258789 42 47.0999984741211 50.0999984741211 50.7000007629395 50.7999992370605 47.5 52.5999984741211 51.2999992370605 54.7000007629395 -3.4e+38 -3.4e+38
42.2000007629395 46.0999984741211 48.5999984741211 50.5999984741211 53.5999984741211 55.5 60.2000007629395 61.5 56.5 56.5999984741211 64.3000030517578 -3.4e+38 -3.4e+38 -3.4e+38 64 60.9000015258789 57.7000007629395 55 50.7999992370605 50.5 52.5 52.7999992370605 53.5 56.9000015258789 61.5999984741211 64.5 -3.4e+38 -3.4e+38 -3.4e+38 -3.4e+38 -3.4e+38 -3.4e+38 -3.4e+38 64.9000015258789 61.7000007629395 57.5 54.4000015258789 48.5999984741211 46.7000007629395 43 40.0999984741211 35.5 35.2000007629395 36 38.2000007629395 39.0999984741211 45 50.0999984741211 44.2000007629395 45.0999984741211 52 53.2999992370605 52.2000007629395 54 -3.4e+38 -3.4e+38
49 50.5 50.4000015258789 53.5 53.2999992370605 56.2999992370605 59.7999992370605 61 59.0999984741211 60.4000015258789 64.1999969482422 -3.4e+38 -3.4e+38 -3.4e+38 64.4000015258789 62.7999992370605 63.0999984741211 60.7000007629395 54.7000007629395 50.2000007629395 52 55.4000015258789 57.2999992370605 59.5999984741211 61.5 64.6999969482422 -3.4e+38 -3.4e+38 -3.4e+38 -3.4e+38 -3.4e+38 -3.4e+38 -3.4e+38 64.0999984741211 61.9000015258789 59.4000015258789 50.4000015258789 47.4000015258789 40.7000007629395 39.9000015258789 36.7000007629395 37 33.5999984741211 37.5 38.9000015258789 42.4000015258789 46.7000007629395 46.9000015258789 42.9000015258789 46.2999992370605 49 51.7999992370605 54 54 -3.4e+38 -3.4e+38
51.4000015258789 52.2000007629395 52.7000007629395 54.2000007629395 56 55.4000015258789 56.7000007629395 61.2000007629395 63 62.2000007629395 64 -3.4e+38 -3.4e+38 65.5 64.5 60.4000015258789 57.7000007629395 58.5 52 52.5 53 56.0999984741211 56.7999992370605 57.9000015258789 61.0999984741211 63.5999984741211 -3.4e+38 -3.4e+38 -3.4e+38 -3.4e+38 -3.4e+38 -3.4e+38 64.0999984741211 61.7999992370605 61 56.5 50.2999992370605 44.9000015258789 45.2000007629395 40.2999992370605 39.2000007629395 35.7000007629395 38.5 42.7000007629395 42 42.2999992370605 42.5999984741211 43.4000015258789 41.2999992370605 45 48.7999992370605 50.7999992370605 54 54.9000015258789 -3.4e+38 -3.4e+38
52.5 52.7000007629395 55.7999992370605 56 55 54.4000015258789 56.2000007629395 58.7000007629395 60.7000007629395 60.5 62.9000015258789 -3.4e+38 -3.4e+38 62.5 55.9000015258789 56.9000015258789 56.2999992370605 54.7000007629395 53.5999984741211 52.4000015258789 54.2000007629395 54.7000007629395 55.5 57.7000007629395 60.9000015258789 62.9000015258789 65.0999984741211 -3.4e+38 -3.4e+38 -3.4e+38 -3.4e+38 -3.4e+38 63.2000007629395 61.2000007629395 58.5999984741211 59 54 52.5 44.0999984741211 42.2999992370605 37.0999984741211 38.2000007629395 40.5 43.5999984741211 42.5 41.5999984741211 44.5 46.7999992370605 42.7000007629395 49.5 50.2999992370605 53.5 54.5999984741211 56.7000007629395 -3.4e+38 -3.4e+38
53.0999984741211 52 56.2999992370605 57.0999984741211 55.2999992370605 55.7000007629395 58.0999984741211 58.5 59.9000015258789 60 64.0999984741211 -3.4e+38 65.5 63.5 59.5999984741211 60 60.0999984741211 56 58.2000007629395 55.5 53.5999984741211 54.5999984741211 52.7999992370605 56.5999984741211 59.7000007629395 63.0999984741211 65.1999969482422 -3.4e+38 -3.4e+38 -3.4e+38 -3.4e+38 -3.4e+38 63.5999984741211 61.0999984741211 58 58.0999984741211 51.2999992370605 49.9000015258789 48.5999984741211 41.5999984741211 39.9000015258789 43.2000007629395 46.7999992370605 44.2999992370605 43.5 41.5 40.0999984741211 47.2000007629395 51.0999984741211 50.9000015258789 50.9000015258789 53.2999992370605 56.2999992370605 54.0999984741211 -3.4e+38 -3.4e+38
53.7999992370605 52.4000015258789 55.5999984741211 57.9000015258789 57.2000007629395 59.0999984741211 60.4000015258789 63.0999984741211 60.2999992370605 62 -3.4e+38 63.7999992370605 66.1999969482422 64.5 63.5 61.7999992370605 60 60 59.2999992370605 59 56.4000015258789 54.5999984741211 56 57.7000007629395 59.2999992370605 60.4000015258789 63.2000007629395 66.0999984741211 -3.4e+38 -3.4e+38 -3.4e+38 -3.4e+38 60.0999984741211 58.2999992370605 59.0999984741211 56.2000007629395 55.5999984741211 53.5999984741211 49.9000015258789 48.7000007629395 47.5 49.2999992370605 48.2999992370605 44.4000015258789 43.2000007629395 41.7999992370605 46.2999992370605 47.0999984741211 46.5999984741211 50.7999992370605 53.2000007629395 51.0999984741211 52.5 54 -3.4e+38 -3.4e+38
55.0999984741211 54.5999984741211 55.5 59.2000007629395 60.0999984741211 60.5999984741211 63.2000007629395 -3.4e+38 -3.4e+38 -3.4e+38 63.9000015258789 65.8000030517578 66 64.4000015258789 63.9000015258789 62.5 61.5 61.5 60.4000015258789 57.4000015258789 54.9000015258789 53 49.2999992370605 52.7000007629395 57.5 60.0999984741211 62.7999992370605 65.5999984741211 -3.4e+38 -3.4e+38 -3.4e+38 63.0999984741211 61.4000015258789 60.7999992370605 60.2999992370605 58.5999984741211 58.4000015258789 56 53.7999992370605 53.5 51.5999984741211 49.2999992370605 44.4000015258789 42.7999992370605 43.4000015258789 41.5 44 44.2999992370605 46.2999992370605 51.7999992370605 51.7000007629395 50.5999984741211 49.2999992370605 53.9000015258789 -3.4e+38 -3.4e+38
55.9000015258789 55.5 58.9000015258789 60.0999984741211 61.2000007629395 62.7999992370605 65 -3.4e+38 62.2000007629395 61.7999992370605 61.7000007629395 65.6999969482422 66.0999984741211 63.7999992370605 57.4000015258789 60.2999992370605 61.2000007629395 62.2999992370605 62.0999984741211 59.9000015258789 54.9000015258789 55.4000015258789 52.9000015258789 54.7000007629395 55.4000015258789 59.9000015258789 62.7000007629395 -3.4e+38 -3.4e+38 -3.4e+38 -3.4e+38 63.5 62.7999992370605 62.2000007629395 60.0999984741211 57.2000007629395 55.4000015258789 53.5999984741211 53.5999984741211 51.2000007629395 50.0999984741211 46.5 43 41.0999984741211 47.0999984741211 43.9000015258789 46 44.0999984741211 44.9000015258789 49 48.5999984741211 -3.4e+38 -3.4e+38 -3.4e+38 -3.4e+38 -3.4e+38
56.5999984741211 57.4000015258789 54.9000015258789 57.5999984741211 62.5 -3.4e+38 -3.4e+38 -3.4e+38 62.5999984741211 63.7000007629395 66.1999969482422 61.4000015258789 63.2999992370605 58.2000007629395 56.9000015258789 60.2000007629395 61.7000007629395 62.0999984741211 63 61.9000015258789 56.7999992370605 58.0999984741211 57.2000007629395 54.7000007629395 61.2000007629395 63.2000007629395 65.5999984741211 -3.4e+38 -3.4e+38 -3.4e+38 63.9000015258789 62.7000007629395 60.4000015258789 57.5 59.2999992370605 55.5 54 54.0999984741211 53.5 53.2999992370605 51 45.7000007629395 43.7000007629395 44.0999984741211 46.7999992370605 46.2999992370605 47.4000015258789 45.9000015258789 46.2000007629395 47.2000007629395 -3.4e+38 -3.4e+38 -3.4e+38 -3.4e+38 -3.4e+38 -3.4e+38
56.7999992370605 56.9000015258789 55.7000007629395 61.2999992370605 -3.4e+38 -3.4e+38 -3.4e+38 64.6999969482422 64.5 64 63.7999992370605 62.5 59.9000015258789 61.2999992370605 59.4000015258789 60.2000007629395 61.5999984741211 62.5999984741211 64.5 63.2000007629395 58.2999992370605 58.7999992370605 58.7999992370605 57.7000007629395 62.7999992370605 64.5999984741211 -3.4e+38 -3.4e+38 -3.4e+38 -3.4e+38 62.5 61.9000015258789 59.9000015258789 54.7999992370605 51.9000015258789 52.9000015258789 55.5 55.2000007629395 55.2999992370605 53.4000015258789 53.2000007629395 51.2999992370605 48 44.2000007629395 49.0999984741211 47.5 45.9000015258789 42.2000007629395 46 47 -3.4e+38 -3.4e+38 -3.4e+38 -3.4e+38 -3.4e+38 -3.4e+38
57 57 55.7999992370605 -3.4e+38 -3.4e+38 -3.4e+38 -3.4e+38 63 63.5 63.9000015258789 63.5999984741211 64.5999984741211 59.7999992370605 60.5999984741211 59.2999992370605 60 61.7999992370605 64.5 62.7000007629395 64.5 61.2999992370605 57.4000015258789 63.7999992370605 63.0999984741211 62.5999984741211 62.7000007629395 64.5999984741211 61.5999984741211 64 61.9000015258789 61.0999984741211 60.4000015258789 59.2000007629395 56.9000015258789 54.2000007629395 55.2999992370605 57 53.5999984741211 55.2000007629395 55 55.2999992370605 51.5 53.2000007629395 51.2999992370605 51.2999992370605 46.2000007629395 47.2999992370605 44.7999992370605 47.7000007629395 48.2000007629395 -3.4e+38 -3.4e+38 -3.4e+38 -3.4e+38 -3.4e+38 -3.4e+38
58.2999992370605 55.2999992370605 61.2999992370605 62.5 -3.4e+38 -3.4e+38 -3.4e+38 60.4000015258789 61 60.7000007629395 65 65.0999984741211 62.9000015258789 62.9000015258789 62.4000015258789 61.5 63.9000015258789 64.6999969482422 64.9000015258789 64.1999969482422 64 63.2999992370605 62.5 64.3000030517578 63.5999984741211 64.3000030517578 61.5999984741211 61.5 61.5999984741211 61.7000007629395 58.7999992370605 56.7999992370605 52.7000007629395 56.5999984741211 55.2000007629395 56.0999984741211 55.2000007629395 54.0999984741211 55.2999992370605 55.4000015258789 54.0999984741211 52.9000015258789 55.2999992370605 54.2999992370605 50.7999992370605 49.2000007629395 50 49.2000007629395 47.2999992370605 49.5999984741211 -3.4e+38 -3.4e+38 -3.4e+38 -3.4e+38 -3.4e+38 -3.4e+38
58.2999992370605 56.7999992370605 58.9000015258789 61.4000015258789 61.2000007629395 63.0999984741211 62.7000007629395 60.7000007629395 60.2999992370605 58.5999984741211 64.6999969482422 62.4000015258789 60.4000015258789 60.9000015258789 62.2999992370605 62.7000007629395 64 63.5999984741211 60.7999992370605 64.6999969482422 59.2999992370605 60.0999984741211 56.4000015258789 60.2999992370605 63.4000015258789 62.2000007629395 61.2000007629395 60.4000015258789 61.2999992370605 60.7999992370605 56.5 54.0999984741211 56.7000007629395 51.9000015258789 51.7000007629395 53.5999984741211 54.2999992370605 54.9000015258789 57.2000007629395 57.5 -3.4e+38 55.7000007629395 56.5 57.5 53.0999984741211 51.0999984741211 52.7000007629395 49.2999992370605 51.2000007629395 52.7000007629395 -3.4e+38 -3.4e+38 -3.4e+38 -3.4e+38 -3.4e+38 -3.4e+38
58.2000007629395 56.9000015258789 55.7999992370605 54.5999984741211 55.0999984741211 61.5 61.5999984741211 55.7999992370605 59.2999992370605 59.9000015258789 65.5 60.7000007629395 60.4000015258789 61.7000007629395 61.2000007629395 64.0999984741211 63.9000015258789 62.2000007629395 61.4000015258789 64.1999969482422 56 55.7999992370605 55.9000015258789 63 63.2000007629395 63.7000007629395 63.7999992370605 63.2999992370605 61.0999984741211 57 56.4000015258789 58.4000015258789 58.2000007629395 51 52 54.7999992370605 54.4000015258789 54.9000015258789 56 -3.4e+38 -3.4e+38 -3.4e+38 -3.4e+38 -3.4e+38 57.0999984741211 54.5 53.7999992370605 52.5999984741211 52.0999984741211 -3.4e+38 -3.4e+38 -3.4e+38 -3.4e+38 -3.4e+38 -3.4e+38 -3.4e+38
58.2000007629395 56.7999992370605 56.7000007629395 54.5999984741211 56.0999984741211 59.4000015258789 59 55.2999992370605 57.7999992370605 60 60.5 63 60.2999992370605 62.7000007629395 60.9000015258789 63.0999984741211 64 61.7000007629395 57.5999984741211 60.7999992370605 56.5 57.2999992370605 58.0999984741211 60.2999992370605 59.7000007629395 63.0999984741211 60.7999992370605 60.7999992370605 62.4000015258789 57.9000015258789 56 56.2000007629395 56.5999984741211 53.9000015258789 54.9000015258789 54.5 55 54.7999992370605 57.2000007629395 -3.4e+38 -3.4e+38 -3.4e+38 -3.4e+38 -3.4e+38 -3.4e+38 57.2999992370605 57 55.2000007629395 53.5999984741211 -3.4e+38 -3.4e+38 -3.4e+38 -3.4e+38 -3.4e+38 -3.4e+38 -3.4e+38
56.5999984741211 56.2000007629395 56.5999984741211 55.5 56.0999984741211 58.5999984741211 56.7999992370605 54.2000007629395 57.2000007629395 61.9000015258789 62.7000007629395 63 61.0999984741211 62.7000007629395 63 63.5 61.2000007629395 61.5999984741211 57.2999992370605 59.4000015258789 55.0999984741211 53.2999992370605 54 58.5999984741211 58.4000015258789 60.2999992370605 60.9000015258789 60.7000007629395 54.9000015258789 56.0999984741211 55.2000007629395 51.2000007629395 53.7999992370605 56.5 56.5999984741211 54.5 54.5 55.9000015258789 -3.4e+38 -3.4e+38 -3.4e+38 -3.4e+38 -3.4e+38 -3.4e+38 -3.4e+38 -3.4e+38 -3.4e+38 -3.4e+38 -3.4e+38 -3.4e+38 -3.4e+38 -3.4e+38 -3.4e+38 -3.4e+38 -3.4e+38 -3.4e+38
56.4000015258789 54.5999984741211 54.5 53.5999984741211 56.5999984741211 58.5 55 55.2999992370605 58 61.2000007629395 63.2000007629395 60.4000015258789 62.0999984741211 62.7999992370605 62.7000007629395 62.2999992370605 58.9000015258789 61.2999992370605 59.7000007629395 58.7999992370605 55.2000007629395 52.7000007629395 49 57.0999984741211 54.2000007629395 57.7000007629395 56 60.2000007629395 58.0999984741211 51.2000007629395 53.4000015258789 51.0999984741211 48.5 53.0999984741211 54.5999984741211 54.2999992370605 56.7000007629395 -3.4e+38 -3.4e+38 -3.4e+38 -3.4e+38 -3.4e+38 -3.4e+38 -3.4e+38 -3.4e+38 -3.4e+38 -3.4e+38 -3.4e+38 -3.4e+38 -3.4e+38 -3.4e+38 -3.4e+38 -3.4e+38 -3.4e+38 -3.4e+38 -3.4e+38
55.7999992370605 54.2999992370605 52.0999984741211 50.9000015258789 54.2999992370605 56.2000007629395 54.2999992370605 56.0999984741211 57.2000007629395 58.7000007629395 63.7999992370605 64.4000015258789 61.0999984741211 65 63.4000015258789 61 58 60.5999984741211 59.4000015258789 58.7000007629395 53.0999984741211 48.7999992370605 53.0999984741211 57.2999992370605 54.7999992370605 49.5 52.5 60.2999992370605 59.5999984741211 55.2999992370605 50.9000015258789 48.9000015258789 48.7999992370605 53.7000007629395 52.0999984741211 55.7000007629395 56.5 -3.4e+38 -3.4e+38 -3.4e+38 -3.4e+38 -3.4e+38 -3.4e+38 -3.4e+38 -3.4e+38 -3.4e+38 -3.4e+38 -3.4e+38 -3.4e+38 -3.4e+38 -3.4e+38 -3.4e+38 -3.4e+38 -3.4e+38 -3.4e+38 -3.4e+38
53 54.2000007629395 52.0999984741211 51.9000015258789 52.2999992370605 52.4000015258789 52.7999992370605 50.7999992370605 55.9000015258789 56.5 60.5 63.7999992370605 65.5999984741211 64.5999984741211 61.2999992370605 59 58.7999992370605 59.4000015258789 57.4000015258789 52.4000015258789 48.5 51 52.5 55.2000007629395 53.2000007629395 51.5999984741211 52.9000015258789 57.7000007629395 59.0999984741211 58.5 48.7999992370605 49.9000015258789 50.5 50.2999992370605 49.5999984741211 53.9000015258789 56.2000007629395 -3.4e+38 -3.4e+38 -3.4e+38 -3.4e+38 -3.4e+38 -3.4e+38 -3.4e+38 -3.4e+38 -3.4e+38 -3.4e+38 -3.4e+38 -3.4e+38 -3.4e+38 -3.4e+38 -3.4e+38 -3.4e+38 -3.4e+38 -3.4e+38 -3.4e+38
49.9000015258789 52.9000015258789 52.0999984741211 52.0999984741211 51.7999992370605 50.2999992370605 51.9000015258789 56.2999992370605 56.0999984741211 59.0999984741211 60.4000015258789 62.7000007629395 65.5999984741211 64.5 58.4000015258789 60.7000007629395 59.2999992370605 58.9000015258789 56.5999984741211 54.4000015258789 50.7000007629395 48.5 49.7999992370605 54.5 52.5 50.2999992370605 53 54.9000015258789 58.2999992370605 58.2000007629395 54.7999992370605 48.5999984741211 48.7000007629395 50.5 51.5999984741211 49.5 55.5999984741211 -3.4e+38 -3.4e+38 -3.4e+38 -3.4e+38 -3.4e+38 -3.4e+38 -3.4e+38 -3.4e+38 -3.4e+38 -3.4e+38 -3.4e+38 -3.4e+38 -3.4e+38 -3.4e+38 -3.4e+38 -3.4e+38 -3.4e+38 -3.4e+38 -3.4e+38
53.4000015258789 52.5 51.5999984741211 51.7000007629395 50.2000007629395 47.9000015258789 50.5 54 57.5 60.5 61.9000015258789 63.2000007629395 60.4000015258789 62.5999984741211 60.4000015258789 60.5999984741211 60.7000007629395 59.7999992370605 56.2999992370605 53.9000015258789 51.2999992370605 48.4000015258789 52.2000007629395 51.9000015258789 50 50.0999984741211 49.7999992370605 53.7000007629395 55.5 57.2999992370605 55.7000007629395 48.5 49.7999992370605 49.7000007629395 50.2000007629395 52 54.2000007629395 -3.4e+38 -3.4e+38 -3.4e+38 -3.4e+38 -3.4e+38 -3.4e+38 -3.4e+38 -3.4e+38 -3.4e+38 -3.4e+38 -3.4e+38 -3.4e+38 -3.4e+38 -3.4e+38 -3.4e+38 -3.4e+38 -3.4e+38 -3.4e+38 -3.4e+38
51.5999984741211 50.9000015258789 51 51.5 50.2000007629395 49.0999984741211 47.5 56.5 55.7999992370605 60.7000007629395 55.2999992370605 58.0999984741211 64.6999969482422 65.1999969482422 62.7000007629395 62.7999992370605 61.0999984741211 60.5999984741211 57.2999992370605 55 54.2999992370605 51.2999992370605 52.4000015258789 52.5999984741211 50.2000007629395 50.2000007629395 49.9000015258789 48 50.7000007629395 54.7999992370605 55 50.5 47.7000007629395 49.2000007629395 49.5999984741211 55.7999992370605 55.5 -3.4e+38 -3.4e+38 -3.4e+38 -3.4e+38 -3.4e+38 -3.4e+38 -3.4e+38 -3.4e+38 -3.4e+38 -3.4e+38 -3.4e+38 -3.4e+38 -3.4e+38 -3.4e+38 -3.4e+38 -3.4e+38 -3.4e+38 -3.4e+38 -3.4e+38
49.5999984741211 51.4000015258789 51 50.5 49.7999992370605 46.5 44.7000007629395 51.7999992370605 54.9000015258789 56.7000007629395 56.4000015258789 60.4000015258789 63.9000015258789 66 62.5 59.7000007629395 61 58.5 58.5 56.0999984741211 51.7000007629395 51 53.2999992370605 -3.4e+38 52.4000015258789 50.4000015258789 51.2000007629395 50.2000007629395 48.0999984741211 50.2000007629395 54.7999992370605 50 50 51.5999984741211 53.0999984741211 52.7999992370605 56.2999992370605 -3.4e+38 -3.4e+38 -3.4e+38 -3.4e+38 -3.4e+38 -3.4e+38 -3.4e+38 -3.4e+38 -3.4e+38 -3.4e+38 -3.4e+38 -3.4e+38 -3.4e+38 -3.4e+38 -3.4e+38 -3.4e+38 -3.4e+38 -3.4e+38 -3.4e+38
