data/bioclim/AHM1.asc
NCOLS 391 
NROWS 575 
XLLCORNER -1773000 
YLLCORNER 4368000 
CELLSIZE 1000 
NODATA_value -3.4e+38 
[rows 175 to 199 of 575, columns 56 to 111 of 391]
-3.4e+38 -3.4e+38 -3.4e+38 -3.4e+38 -3.4e+38 -3.4e+38 -3.4e+38 -3.4e+38 -3.4e+38 -3.4e+38 -3.4e+38 -3.4e+38 -3.4e+38 -3.4e+38 -3.4e+38 -3.4e+38 -3.4e+38 56.5999984741211 55.7000007629395 55.7000007629395 52.5999984741211 54 58 -3.4e+38 -3.4e+38 56.5999984741211 53.7999992370605 56.9000015258789 51.7000007629395 57.9000015258789 49.4000015258789 46.4000015258789 47.7000007629395 52.5999984741211 50.5 49.7000007629395 51.7000007629395 49.0999984741211 49.4000015258789 49 53 55.0999984741211 51.5 46.0999984741211 55.7000007629395 57.7999992370605 65.3000030517578 65.4000015258789 68.9000015258789 69.4000015258789 -3.4e+38 -3.4e+38 -3.4e+38 -3.4e+38 64.9000015258789 62.2999992370605
-3.4e+38 -3.4e+38 -3.4e+38 -3.4e+38 -3.4e+38 -3.4e+38 -3.4e+38 -3.4e+38 -3.4e+38 -3.4e+38 -3.4e+38 -3.4e+38 -3.4e+38 -3.4e+38 -3.4e+38 -3.4e+38 -3.4e+38 58.2999992370605 56.7000007629395 56.2999992370605 54 51.5999984741211 53.7999992370605 -3.4e+38 57 53 56.2999992370605 53.5999984741211 54.0999984741211 56 54.5999984741211 50.4000015258789 51.2000007629395 52.4000015258789 52.4000015258789 50.9000015258789 49.2999992370605 52.2999992370605 51.4000015258789 52.2000007629395 53.9000015258789 57.5999984741211 54.0999984741211 52.4000015258789 51.2999992370605 61.4000015258789 64.9000015258789 64.9000015258789 66.9000015258789 67.5 -3.4e+38 -3.4e+38 -3.4e+38 66 62.0999984741211 59.7999992370605
-3.4e+38 -3.4e+38 -3.4e+38 -3.4e+38 -3.4e+38 -3.4e+38 -3.4e+38 -3.4e+38 -3.4e+38 -3.4e+38 -3.4e+38 -3.4e+38 -3.4e+38 -3.4e+38 -3.4e+38 -3.4e+38 -3.4e+38 58.2000007629395 58.7999992370605 54.4000015258789 53.7999992370605 49.5999984741211 51.2999992370605 56 53.7999992370605 53.9000015258789 56.5 53.5 51.2999992370605 55.7000007629395 56.2999992370605 54.7999992370605 53.5999984741211 53.5 52.5999984741211 51.5999984741211 52.4000015258789 53.4000015258789 55.0999984741211 52.7999992370605 55.7999992370605 56.7000007629395 57.4000015258789 55.7000007629395 57.2000007629395 61 63.4000015258789 64.5999984741211 64.9000015258789 64.9000015258789 68.1999969482422 -3.4e+38 67.0999984741211 64.4000015258789 61.2000007629395 57.9000015258789
-3.4e+38 -3.4e+38 -3.4e+38 -3.4e+38 -3.4e+38 -3.4e+38 -3.4e+38 -3.4e+38 -3.4e+38 -3.4e+38 -3.4e+38 -3.4e+38 -3.4e+38 -3.4e+38 -3.4e+38 -3.4e+38 -3.4e+38 59.5 56.0999984741211 55.9000015258789 52.4000015258789 51 52.4000015258789 53.7999992370605 50.9000015258789 53.9000015258789 55.4000015258789 53.9000015258789 50.7999992370605 53.7000007629395 53.0999984741211 52.7999992370605 55.0999984741211 54 53.2000007629395 54.7999992370605 55.7000007629395 56.9000015258789 56.7000007629395 54.9000015258789 56.7000007629395 57 57.2999992370605 58.2999992370605 57.7999992370605 60.7000007629395 63.7000007629395 62 64.0999984741211 64.0999984741211 67.6999969482422 -3.4e+38 66.9000015258789 64 61.2999992370605 56.7000007629395
-3.4e+38 -3.4e+38 -3.4e+38 -3.4e+38 -3.4e+38 -3.4e+38 -3.4e+38 -3.4e+38 -3.4e+38 -3.4e+38 -3.4e+38 -3.4e+38 -3.4e+38 -3.4e+38 -3.4e+38 -3.4e+38 -3.4e+38 59.5 56.0999984741211 55.5 53.9000015258789 47.7999992370605 51.7000007629395 53.5999984741211 51.7000007629395 55.7999992370605 56.7999992370605 54.5999984741211 53.2999992370605 53.0999984741211 52.7999992370605 52.7999992370605 52.7000007629395 54.0999984741211 53.2999992370605 53.7999992370605 51.5999984741211 58.5999984741211 57.5 58.5 59.0999984741211 59.7000007629395 59.7000007629395 59.7000007629395 59.2999992370605 60.4000015258789 61 62 64.5 66.9000015258789 65.1999969482422 -3.4e+38 66.1999969482422 64.3000030517578 61.2000007629395 58.7999992370605
-3.4e+38 -3.4e+38 -3.4e+38 -3.4e+38 -3.4e+38 -3.4e+38 -3.4e+38 -3.4e+38 -3.4e+38 -3.4e+38 -3.4e+38 -3.4e+38 -3.4e+38 -3.4e+38 -3.4e+38 -3.4e+38 -3.4e+38 57 56.0999984741211 58.2999992370605 55.5999984741211 51.7000007629395 51.5 53.5 55.5 58 53.5999984741211 55.5 52.5999984741211 50.7999992370605 52.7000007629395 53.2000007629395 52.7999992370605 52.5 52.0999984741211 51.7000007629395 52.4000015258789 51.5999984741211 51.2999992370605 57.4000015258789 59.4000015258789 60.0999984741211 60.5999984741211 62.5 59.9000015258789 61.9000015258789 63.7000007629395 65.5 64.5 66.4000015258789 66.0999984741211 -3.4e+38 66 63.2999992370605 60.5999984741211 58.4000015258789
-3.4e+38 -3.4e+38 -3.4e+38 -3.4e+38 -3.4e+38 -3.4e+38 -3.4e+38 -3.4e+38 -3.4e+38 -3.4e+38 -3.4e+38 -3.4e+38 -3.4e+38 -3.4e+38 -3.4e+38 -3.4e+38 -3.4e+38 58.9000015258789 58.7000007629395 56 56 53.4000015258789 52.7999992370605 53.5 58.9000015258789 57.5999984741211 59.0999984741211 49.4000015258789 49 50.7999992370605 52.5999984741211 54.9000015258789 52.7000007629395 52.4000015258789 52.0999984741211 51.5 48.5999984741211 47.5999984741211 51.2000007629395 55.5 57.5999984741211 60.5999984741211 58.4000015258789 59.4000015258789 59.9000015258789 60 62.9000015258789 62.5999984741211 61.7999992370605 63.5999984741211 64.6999969482422 -3.4e+38 65.5999984741211 62.9000015258789 60.4000015258789 58.7000007629395
-3.4e+38 -3.4e+38 -3.4e+38 -3.4e+38 -3.4e+38 -3.4e+38 -3.4e+38 -3.4e+38 -3.4e+38 -3.4e+38 -3.4e+38 -3.4e+38 -3.4e+38 -3.4e+38 -3.4e+38 -3.4e+38 -3.4e+38 59.5 59.2000007629395 58.5999984741211 56 55.9000015258789 55.9000015258789 54.2999992370605 58.5 58.5999984741211 59.7999992370605 55.5999984741211 50.9000015258789 50.7999992370605 52.9000015258789 54.9000015258789 53 52.5999984741211 51.9000015258789 50.2999992370605 47.0999984741211 50.2999992370605 51.0999984741211 54.2000007629395 57.2000007629395 57.5999984741211 58.7999992370605 59.7999992370605 57.4000015258789 60 60.2000007629395 60.2999992370605 62.2999992370605 62.5 63 -3.4e+38 -3.4e+38 63.2000007629395 61.2999992370605 59.5999984741211
-3.4e+38 -3.4e+38 -3.4e+38 -3.4e+38 -3.4e+38 -3.4e+38 -3.4e+38 -3.4e+38 -3.4e+38 -3.4e+38 -3.4e+38 -3.4e+38 -3.4e+38 -3.4e+38 -3.4e+38 -3.4e+38 -3.4e+38 61 59.2000007629395 58.7999992370605 56.0999984741211 58.5999984741211 56.4000015258789 56 58.4000015258789 61.4000015258789 58.7000007629395 53.2000007629395 50.7999992370605 53 55.5 53.7000007629395 53.2999992370605 53 51.9000015258789 49.5999984741211 45.5999984741211 48.0999984741211 50.2000007629395 51.2000007629395 52.5 54 56.4000015258789 57.5 57.7000007629395 58.2999992370605 59.2000007629395 60.2000007629395 62.0999984741211 62.4000015258789 -3.4e+38 -3.4e+38 -3.4e+38 62.9000015258789 61.2999992370605 60.7999992370605
-3.4e+38 -3.4e+38 -3.4e+38 -3.4e+38 -3.4e+38 -3.4e+38 -3.4e+38 -3.4e+38 -3.4e+38 -3.4e+38 -3.4e+38 -3.4e+38 -3.4e+38 -3.4e+38 -3.4e+38 -3.4e+38 61 63.9000015258789 59.7000007629395 59.2999992370605 56.0999984741211 56 61.5 59.4000015258789 61.2000007629395 62.5 55.9000015258789 56 52 53.2999992370605 56.7000007629395 55.2999992370605 53.5 51.5 48.9000015258789 47.7000007629395 45.5999984741211 49.4000015258789 48.0999984741211 51.7999992370605 52.5 54.5 57.7999992370605 57.2999992370605 57.4000015258789 59.5 61.5999984741211 61.5 -3.4e+38 -3.4e+38 -3.4e+38 -3.4e+38 -3.4e+38 -3.4e+38 61 61.2999992370605
-3.4e+38 -3.4e+38 -3.4e+38 -3.4e+38 -3.4e+38 -3.4e+38 -3.4e+38 -3.4e+38 -3.4e+38 -3.4e+38 -3.4e+38 -3.4e+38 -3.4e+38 -3.4e+38 -3.4e+38 65.3000030517578 64.4000015258789 63.5 60.2999992370605 60.2000007629395 58.7999992370605 60 59.9000015258789 56.2000007629395 61.2000007629395 63.5 57.5999984741211 57.9000015258789 52.2999992370605 55.2999992370605 55.2000007629395 54.4000015258789 54.2000007629395 52.9000015258789 50.0999984741211 43.5 48.2999992370605 50.7999992370605 53.5999984741211 54.2999992370605 57.9000015258789 56 56.2999992370605 57.5999984741211 58.7999992370605 59.0999984741211 59.2000007629395 -3.4e+38 -3.4e+38 -3.4e+38 -3.4e+38 -3.4e+38 -3.4e+38 -3.4e+38 -3.4e+38 -3.4e+38
-3.4e+38 -3.4e+38 -3.4e+38 -3.4e+38 -3.4e+38 -3.4e+38 -3.4e+38 -3.4e+38 -3.4e+38 -3.4e+38 -3.4e+38 -3.4e+38 -3.4e+38 -3.4e+38 -3.4e+38 65.4000015258789 64.8000030517578 64.1999969482422 64.3000030517578 64.3000030517578 59.5 60.7000007629395 61.2999992370605 61.0999984741211 62.7999992370605 63.2999992370605 60.5 58 57.9000015258789 58.4000015258789 55 55.5 54.4000015258789 53.0999984741211 49.9000015258789 44.5999984741211 48.5999984741211 50.5999984741211 48.2999992370605 51 53.2000007629395 55.2000007629395 56.7999992370605 -3.4e+38 58.7999992370605 -3.4e+38 -3.4e+38 -3.4e+38 -3.4e+38 -3.4e+38 -3.4e+38 -3.4e+38 -3.4e+38 -3.4e+38 -3.4e+38 -3.4e+38
-3.4e+38 -3.4e+38 -3.4e+38 -3.4e+38 -3.4e+38 -3.4e+38 -3.4e+38 -3.4e+38 -3.4e+38 -3.4e+38 -3.4e+38 -3.4e+38 -3.4e+38 -3.4e+38 64 59.2000007629395 65.1999969482422 65.4000015258789 67.0999984741211 64.1999969482422 60.2999992370605 61.5999984741211 64.0999984741211 61 64.3000030517578 61.0999984741211 58.2999992370605 61.0999984741211 61 57.0999984741211 57 55.7000007629395 54 53.5 50.2999992370605 50.7999992370605 50.7999992370605 51.5999984741211 53.0999984741211 53.0999984741211 54.2000007629395 56.9000015258789 57.2000007629395 -3.4e+38 -3.4e+38 -3.4e+38 -3.4e+38 -3.4e+38 -3.4e+38 -3.4e+38 -3.4e+38 -3.4e+38 -3.4e+38 -3.4e+38 -3.4e+38 -3.4e+38
-3.4e+38 -3.4e+38 -3.4e+38 -3.4e+38 -3.4e+38 -3.4e+38 -3.4e+38 -3.4e+38 -3.4e+38 -3.4e+38 -3.4e+38 -3.4e+38 -3.4e+38 -3.4e+38 65.6999969482422 61.5 64.4000015258789 67.6999969482422 68.5999984741211 63.7000007629395 61.7999992370605 64.1999969482422 64.8000030517578 63.7999992370605 64 61 58.0999984741211 61.2999992370605 60.7999992370605 58.2999992370605 55.4000015258789 55.0999984741211 54.7000007629395 52.9000015258789 51.5 50.7000007629395 51.7999992370605 52.7000007629395 54.2000007629395 54.7999992370605 55.0999984741211 58.0999984741211 57.7999992370605 58 -3.4e+38 -3.4e+38 -3.4e+38 -3.4e+38 -3.4e+38 -3.4e+38 -3.4e+38 -3.4e+38 -3.4e+38 -3.4e+38 -3.4e+38 -3.4e+38
-3.4e+38 -3.4e+38 -3.4e+38 -3.4e+38 -3.4e+38 -3.4e+38 -3.4e+38 -3.4e+38 -3.4e+38 -3.4e+38 -3.4e+38 -3.4e+38 -3.4e+38 -3.4e+38 65.8000030517578 63.2000007629395 65 67.5999984741211 65.0999984741211 64.9000015258789 64.5 67.3000030517578 66.3000030517578 63.4000015258789 63.7999992370605 62.7000007629395 63.5 63.5 53.2999992370605 55.7999992370605 55.2999992370605 55.9000015258789 54.7000007629395 53.2999992370605 52.5999984741211 49.5 51.4000015258789 51.4000015258789 54.0999984741211 54.4000015258789 54.7999992370605 57.7999992370605 56.0999984741211 -3.4e+38 -3.4e+38 -3.4e+38 -3.4e+38 -3.4e+38 -3.4e+38 -3.4e+38 -3.4e+38 -3.4e+38 -3.4e+38 -3.4e+38 -3.4e+38 -3.4e+38
-3.4e+38 -3.4e+38 -3.4e+38 -3.4e+38 -3.4e+38 -3.4e+38 -3.4e+38 -3.4e+38 -3.4e+38 -3.4e+38 -3.4e+38 -3.4e+38 -3.4e+38 -3.4e+38 -3.4e+38 64.1999969482422 -3.4e+38 70.6999969482422 69.5999984741211 67.4000015258789 69.5999984741211 68.3000030517578 63.9000015258789 63.7999992370605 64.3000030517578 59.5 59.7999992370605 59.0999984741211 55.7000007629395 54.5999984741211 55.0999984741211 53.2999992370605 55.2999992370605 53.7000007629395 52.5999984741211 52.7999992370605 50.4000015258789 51.9000015258789 53.2000007629395 55.9000015258789 56.4000015258789 55.7999992370605 56.9000015258789 -3.4e+38 -3.4e+38 -3.4e+38 -3.4e+38 -3.4e+38 -3.4e+38 -3.4e+38 -3.4e+38 -3.4e+38 -3.4e+38 -3.4e+38 -3.4e+38 -3.4e+38
-3.4e+38 -3.4e+38 -3.4e+38 -3.4e+38 -3.4e+38 -3.4e+38 -3.4e+38 -3.4e+38 -3.4e+38 -3.4e+38 -3.4e+38 -3.4e+38 -3.4e+38 -3.4e+38 -3.4e+38 -3.4e+38 -3.4e+38 -3.4e+38 -3.4e+38 -3.4e+38 69.5999984741211 69.4000015258789 69.0999984741211 64 61.2000007629395 60.0999984741211 61.0999984741211 56.4000015258789 56.7999992370605 54.7999992370605 54.7999992370605 54.2000007629395 52.2000007629395 51.2000007629395 52.2000007629395 52.5 53.5999984741211 54.4000015258789 55.7000007629395 55.2000007629395 55.7999992370605 55.5 56.7000007629395 55.4000015258789 -3.4e+38 -3.4e+38 -3.4e+38 -3.4e+38 -3.4e+38 -3.4e+38 -3.4e+38 -3.4e+38 -3.4e+38 -3.4e+38 -3.4e+38 -3.4e+38
-3.4e+38 -3.4e+38 -3.4e+38 -3.4e+38 -3.4e+38 -3.4e+38 -3.4e+38 -3.4e+38 -3.4e+38 -3.4e+38 -3.4e+38 -3.4e+38 -3.4e+38 -3.4e+38 -3.4e+38 -3.4e+38 -3.4e+38 -3.4e+38 -3.4e+38 -3.4e+38 68 66.0999984741211 64.1999969482422 64 62.7000007629395 61.4000015258789 61 60.4000015258789 58.7999992370605 55.9000015258789 53.7999992370605 52.4000015258789 51 51.2999992370605 51.0999984741211 52.5 51.7999992370605 52.2000007629395 52.9000015258789 53.7999992370605 54.5 54.5 55.7000007629395 54.0999984741211 54.9000015258789 -3.4e+38 -3.4e+38 -3.4e+38 -3.4e+38 -3.4e+38 -3.4e+38 -3.4e+38 -3.4e+38 -3.4e+38 -3.4e+38 -3.4e+38
-3.4e+38 -3.4e+38 -3.4e+38 -3.4e+38 -3.4e+38 -3.4e+38 -3.4e+38 -3.4e+38 -3.4e+38 -3.4e+38 -3.4e+38 -3.4e+38 -3.4e+38 -3.4e+38 -3.4e+38 -3.4e+38 -3.4e+38 -3.4e+38 -3.4e+38 69.4000015258789 65 63.7000007629395 65.6999969482422 64.6999969482422 64 62.7000007629395 60.0999984741211 59.7999992370605 58 56.0999984741211 53.2000007629395 50.0999984741211 51 51.7999992370605 51.0999984741211 52.5999984741211 51.4000015258789 53.2999992370605 53.7999992370605 53.7999992370605 54.2000007629395 54.2000007629395 53.9000015258789 54.4000015258789 54.4000015258789 54.4000015258789 -3.4e+38 -3.4e+38 -3.4e+38 -3.4e+38 -3.4e+38 -3.4e+38 -3.4e+38 -3.4e+38 -3.4e+38 -3.4e+38
-3.4e+38 -3.4e+38 -3.4e+38 -3.4e+38 -3.4e+38 -3.4e+38 -3.4e+38 -3.4e+38 -3.4e+38 -3.4e+38 -3.4e+38 -3.4e+38 -3.4e+38 -3.4e+38 -3.4e+38 -3.4e+38 -3.4e+38 -3.4e+38 -3.4e+38 69.1999969482422 65.5 64.6999969482422 61.7999992370605 60.2000007629395 59.9000015258789 59.5 60.0999984741211 59.0999984741211 58.7000007629395 56.5 54.2000007629395 50.9000015258789 49.2000007629395 51.2000007629395 52 50 52.2000007629395 50.4000015258789 51.2000007629395 52.9000015258789 52.2000007629395 52.9000015258789 53.5 53 52.7000007629395 53.2000007629395 -3.4e+38 -3.4e+38 -3.4e+38 -3.4e+38 -3.4e+38 -3.4e+38 -3.4e+38 -3.4e+38 -3.4e+38 -3.4e+38
-3.4e+38 -3.4e+38 -3.4e+38 -3.4e+38 -3.4e+38 -3.4e+38 -3.4e+38 -3.4e+38 -3.4e+38 -3.4e+38 -3.4e+38 -3.4e+38 -3.4e+38 -3.4e+38 -3.4e+38 -3.4e+38 -3.4e+38 -3.4e+38 -3.4e+38 65.4000015258789 64.1999969482422 65 62.4000015258789 60.5999984741211 59.9000015258789 61.2000007629395 59.2000007629395 60.5 58.4000015258789 56.2999992370605 55.2999992370605 51.7999992370605 50.7000007629395 50 49.7999992370605 51.7000007629395 50.5999984741211 51 51.7999992370605 49.0999984741211 50.7999992370605 51.4000015258789 52.2000007629395 51.2999992370605 52.2000007629395 52.5 52.2999992370605 -3.4e+38 -3.4e+38 -3.4e+38 -3.4e+38 -3.4e+38 -3.4e+38 -3.4e+38 -3.4e+38 -3.4e+38
-3.4e+38 -3.4e+38 -3.4e+38 -3.4e+38 -3.4e+38 -3.4e+38 -3.4e+38 -3.4e+38 -3.4e+38 -3.4e+38 -3.4e+38 -3.4e+38 -3.4e+38 -3.4e+38 -3.4e+38 -3.4e+38 -3.4e+38 -3.4e+38 67 66.1999969482422 66 65 61.7000007629395 61.0999984741211 62.5999984741211 63 61.4000015258789 59.2999992370605 56.2999992370605 56.4000015258789 56 54.5999984741211 53 50.9000015258789 48.5999984741211 49.5 50.7000007629395 50.7999992370605 48.5999984741211 49.7000007629395 50.4000015258789 50.2999992370605 51.7000007629395 50.9000015258789 51 51.9000015258789 52.4000015258789 -3.4e+38 -3.4e+38 -3.4e+38 -3.4e+38 -3.4e+38 -3.4e+38 -3.4e+38 -3.4e+38 -3.4e+38
-3.4e+38 -3.4e+38 -3.4e+38 -3.4e+38 -3.4e+38 -3.4e+38 -3.4e+38 -3.4e+38 -3.4e+38 -3.4e+38 -3.4e+38 -3.4e+38 -3.4e+38 -3.4e+38 -3.4e+38 -3.4e+38 -3.4e+38 -3.4e+38 69.9000015258789 65.4000015258789 64.5 62.7000007629395 60.2000007629395 62.9000015258789 64.5999984741211 61.5999984741211 59.4000015258789 59.4000015258789 59.2999992370605 56.5 56.7000007629395 56.0999984741211 54.7000007629395 51.0999984741211 50.5 50.2000007629395 49.7000007629395 49.5 48.9000015258789 48.5999984741211 49.2000007629395 48.7000007629395 49.5999984741211 50.2000007629395 50.7000007629395 52.0999984741211 52.2999992370605 -3.4e+38 -3.4e+38 -3.4e+38 -3.4e+38 -3.4e+38 -3.4e+38 -3.4e+38 -3.4e+38 -3.4e+38
-3.4e+38 -3.4e+38 -3.4e+38 -3.4e+38 -3.4e+38 -3.4e+38 -3.4e+38 -3.4e+38 -3.4e+38 -3.4e+38 -3.4e+38 -3.4e+38 -3.4e+38 -3.4e+38 -3.4e+38 -3.4e+38 -3.4e+38 70.6999969482422 65.0999984741211 64.8000030517578 63.2999992370605 62.5 61.2000007629395 65.0999984741211 63.7999992370605 62.2000007629395 61.2999992370605 60.4000015258789 59.2000007629395 56.2000007629395 56.0999984741211 56.0999984741211 55.0999984741211 53.4000015258789 52.4000015258789 49.9000015258789 49.4000015258789 49 48 47.7000007629395 47.9000015258789 48.5999984741211 50 50.2999992370605 51.5999984741211 52 54 -3.4e+38 -3.4e+38 -3.4e+38 -3.4e+38 -3.4e+38 -3.4e+38 -3.4e+38 -3.4e+38 -3.4e+38
-3.4e+38 -3.4e+38 -3.4e+38 -3.4e+38 -3.4e+38 -3.4e+38 -3.4e+38 -3.4e+38 -3.4e+38 -3.4e+38 -3.4e+38 -3.4e+38 -3.4e+38 -3.4e+38 -3.4e+38 -3.4e+38 -3.4e+38 68.1999969482422 65.3000030517578 63.7000007629395 65.0999984741211 63.9000015258789 65.4000015258789 65.5999984741211 64.0999984741211 61.5999984741211 59.7000007629395 59 58.0999984741211 57.0999984741211 57.2000007629395 56.2999992370605 55.2000007629395 54.5 50.4000015258789 47.9000015258789 49.2999992370605 48.5999984741211 46.7999992370605 46.7000007629395 47.9000015258789 49 48.5999984741211 49.0999984741211 50.4000015258789 52.0999984741211 52.4000015258789 52 -3.4e+38 -3.4e+38 -3.4e+38 -3.4e+38 -3.4e+38 -3.4e+38 -3.4e+38 -3.4e+38
