data/bioclim/bFFP1.asc
NCOLS 391 
NROWS 575 
XLLCORNER -1773000 
YLLCORNER 4368000 
CELLSIZE 1000 
NODATA_value -3.4e+38 
[rows 363 to 395 of 575, columns 150 to 224 of 391]
40 42 43 41 42 42 47 47 53 68 70 62 71 58 66 60 55 53 59 51 54 55 55 60 60 51 49 50 53 51 55 68 62 57 54 52 52 51 50 51 46 49 -3.4e+38 -3.4e+38 -3.4e+38 -3.4e+38 -3.4e+38 -3.4e+38 -3.4e+38 -3.4e+38 -3.4e+38 -3.4e+38 -3.4e+38 -3.4e+38 -3.4e+38 47 53 60 49 59 59 62 59 65 67 68 68 70 73 76 82 88 87 86 82
40 42 41 42 44 42 44 48 52 60 57 63 60 56 58 58 54 54 53 54 50 52 54 58 58 55 50 50 50 50 50 60 75 65 58 51 52 53 51 48 48 46 -3.4e+38 -3.4e+38 -3.4e+38 -3.4e+38 -3.4e+38 -3.4e+38 -3.4e+38 -3.4e+38 -3.4e+38 -3.4e+38 -3.4e+38 -3.4e+38 45 46 50 54 62 59 59 56 66 62 65 64 68 70 74 82 88 89 96 95 89
39 39 39 41 46 45 47 74 50 50 53 62 61 55 58 57 53 51 51 47 49 -3.4e+38 -3.4e+38 54 49 53 48 50 53 49 49 59 68 55 56 50 52 55 52 48 49 48 -3.4e+38 -3.4e+38 -3.4e+38 -3.4e+38 -3.4e+38 -3.4e+38 -3.4e+38 -3.4e+38 -3.4e+38 -3.4e+38 -3.4e+38 45 54 54 60 59 62 58 56 66 65 68 66 66 69 75 80 82 86 92 99 112 99
41 38 40 46 45 46 47 53 44 51 51 62 60 50 54 52 51 51 48 48 -3.4e+38 -3.4e+38 -3.4e+38 52 53 49 48 50 48 49 56 57 62 55 54 51 50 49 51 47 47 46 45 -3.4e+38 -3.4e+38 -3.4e+38 -3.4e+38 -3.4e+38 -3.4e+38 -3.4e+38 -3.4e+38 -3.4e+38 49 51 54 58 59 61 64 65 66 71 74 69 63 62 65 71 82 86 85 92 88 96 102
37 39 41 41 50 46 42 42 44 49 57 68 57 51 51 52 48 47 48 -3.4e+38 -3.4e+38 -3.4e+38 -3.4e+38 51 55 49 49 47 50 50 56 61 56 52 51 53 52 48 48 46 47 46 -3.4e+38 -3.4e+38 -3.4e+38 -3.4e+38 -3.4e+38 -3.4e+38 -3.4e+38 -3.4e+38 -3.4e+38 47 49 52 51 53 58 61 62 60 60 59 64 63 59 61 65 70 72 76 91 93 83 89 93
37 40 39 36 45 40 46 46 45 57 66 65 52 47 47 48 48 48 48 -3.4e+38 -3.4e+38 -3.4e+38 -3.4e+38 53 55 55 46 44 49 47 55 55 55 51 51 50 51 48 47 47 45 46 -3.4e+38 -3.4e+38 -3.4e+38 -3.4e+38 -3.4e+38 -3.4e+38 -3.4e+38 -3.4e+38 45 49 49 50 49 56 53 58 56 56 53 54 58 64 54 59 66 72 73 82 78 87 88 82 84
37 37 35 36 39 40 50 50 54 67 59 59 52 46 46 46 47 46 45 -3.4e+38 -3.4e+38 -3.4e+38 48 48 54 54 48 45 44 49 50 62 55 49 51 50 47 48 48 47 45 -3.4e+38 -3.4e+38 -3.4e+38 -3.4e+38 -3.4e+38 -3.4e+38 -3.4e+38 -3.4e+38 -3.4e+38 47 49 50 50 54 48 49 53 54 50 48 54 52 51 54 58 63 68 70 69 78 81 86 75 75
36 36 35 37 40 50 50 51 56 81 73 76 53 46 47 44 44 45 -3.4e+38 -3.4e+38 -3.4e+38 -3.4e+38 47 49 50 49 46 46 49 49 55 61 54 50 47 47 46 47 48 45 45 -3.4e+38 -3.4e+38 -3.4e+38 -3.4e+38 -3.4e+38 -3.4e+38 -3.4e+38 -3.4e+38 45 47 53 51 47 48 49 47 47 57 56 58 49 59 55 53 59 63 68 69 69 71 75 80 81 70
33 35 40 40 42 47 46 50 61 77 83 62 49 44 42 42 43 43 -3.4e+38 -3.4e+38 -3.4e+38 -3.4e+38 45 50 48 54 53 47 46 49 51 56 54 50 51 47 46 46 47 45 44 -3.4e+38 -3.4e+38 -3.4e+38 -3.4e+38 -3.4e+38 -3.4e+38 -3.4e+38 46 48 49 49 50 48 47 49 47 50 57 62 63 53 53 54 57 59 63 69 69 84 77 77 78 75 69
32 39 53 40 45 45 45 49 70 76 66 56 55 49 45 44 42 -3.4e+38 -3.4e+38 -3.4e+38 -3.4e+38 -3.4e+38 43 48 48 48 48 55 50 49 44 47 50 50 48 46 45 45 46 44 -3.4e+38 -3.4e+38 -3.4e+38 -3.4e+38 -3.4e+38 -3.4e+38 -3.4e+38 -3.4e+38 47 48 47 49 49 -3.4e+38 46 47 51 60 74 69 62 63 51 55 57 55 57 71 85 86 81 80 81 79 75
33 39 53 49 43 43 44 48 58 62 73 56 53 55 51 46 42 41 -3.4e+38 -3.4e+38 -3.4e+38 -3.4e+38 43 44 48 53 47 44 44 43 42 42 46 47 50 47 46 45 44 44 -3.4e+38 -3.4e+38 -3.4e+38 -3.4e+38 -3.4e+38 -3.4e+38 -3.4e+38 -3.4e+38 -3.4e+38 45 45 47 45 45 49 51 59 61 71 62 62 64 63 59 53 63 64 70 82 86 83 87 92 85 81
36 36 49 40 40 40 42 44 45 50 65 63 57 61 46 44 43 42 -3.4e+38 -3.4e+38 -3.4e+38 -3.4e+38 41 43 46 48 46 44 48 44 49 46 44 45 46 44 44 45 44 44 -3.4e+38 -3.4e+38 -3.4e+38 -3.4e+38 -3.4e+38 -3.4e+38 -3.4e+38 -3.4e+38 45 45 44 45 45 48 48 51 55 56 56 67 57 58 72 63 55 61 63 63 68 74 86 87 98 95 72
37 35 36 39 38 40 41 44 45 49 59 58 52 53 47 46 43 42 41 -3.4e+38 -3.4e+38 -3.4e+38 41 41 45 49 52 44 48 59 53 49 46 43 43 43 46 44 44 -3.4e+38 -3.4e+38 -3.4e+38 -3.4e+38 -3.4e+38 -3.4e+38 -3.4e+38 -3.4e+38 -3.4e+38 45 46 48 47 47 47 49 53 55 52 53 52 54 60 72 62 55 57 61 63 64 68 74 97 98 77 74
33 38 40 40 39 41 44 45 63 62 65 57 50 49 49 43 43 43 42 -3.4e+38 -3.4e+38 -3.4e+38 41 43 44 44 48 48 51 64 76 56 46 43 43 42 43 46 44 -3.4e+38 -3.4e+38 -3.4e+38 -3.4e+38 -3.4e+38 -3.4e+38 -3.4e+38 -3.4e+38 45 47 47 48 49 48 47 48 52 50 51 50 52 52 53 55 57 59 56 59 61 66 74 81 91 92 82 77
32 38 39 44 39 44 49 49 62 72 61 55 53 48 45 43 43 40 39 40 -3.4e+38 40 41 43 48 46 44 46 48 60 59 54 45 43 46 42 42 43 44 -3.4e+38 -3.4e+38 -3.4e+38 -3.4e+38 -3.4e+38 -3.4e+38 43 43 45 45 44 47 46 46 46 47 48 48 52 52 52 51 52 56 56 56 62 63 68 66 80 80 87 86 86 75
32 36 39 40 40 39 44 52 65 72 60 71 60 58 44 46 44 42 42 39 -3.4e+38 40 43 45 51 48 49 49 65 50 50 49 48 47 44 44 42 42 -3.4e+38 -3.4e+38 -3.4e+38 -3.4e+38 -3.4e+38 -3.4e+38 -3.4e+38 -3.4e+38 43 44 45 46 44 45 45 48 47 51 51 54 55 52 57 52 67 62 58 62 67 74 75 74 74 80 78 92 82
32 33 37 38 38 39 45 58 65 78 68 57 53 46 46 49 45 42 41 40 39 40 42 50 46 42 45 46 47 46 47 49 49 46 46 43 41 -3.4e+38 -3.4e+38 -3.4e+38 -3.4e+38 -3.4e+38 -3.4e+38 -3.4e+38 -3.4e+38 -3.4e+38 -3.4e+38 47 47 48 45 45 47 48 52 52 52 60 61 61 57 57 57 62 58 57 58 62 79 74 70 71 81 86 86
31 33 37 35 35 39 42 59 72 67 72 66 54 52 46 49 46 42 42 42 38 -3.4e+38 41 44 43 41 42 47 44 43 45 49 47 47 45 43 41 -3.4e+38 -3.4e+38 -3.4e+38 -3.4e+38 -3.4e+38 -3.4e+38 -3.4e+38 -3.4e+38 -3.4e+38 -3.4e+38 -3.4e+38 47 48 48 46 46 48 49 52 56 63 61 63 56 56 60 62 61 59 61 61 67 66 68 69 76 80 81
31 32 35 34 37 38 42 52 58 72 65 61 61 52 45 45 44 41 41 39 39 40 -3.4e+38 42 42 40 39 49 45 42 46 48 46 44 44 43 41 -3.4e+38 -3.4e+38 -3.4e+38 -3.4e+38 -3.4e+38 -3.4e+38 -3.4e+38 -3.4e+38 -3.4e+38 -3.4e+38 -3.4e+38 45 47 47 48 48 52 56 60 56 56 61 66 62 61 58 73 63 61 61 62 61 62 67 70 70 71 72
30 35 35 36 37 38 43 48 53 72 78 70 59 54 50 48 45 45 40 39 40 39 -3.4e+38 -3.4e+38 -3.4e+38 -3.4e+38 -3.4e+38 43 43 45 45 51 51 47 45 43 41 -3.4e+38 -3.4e+38 -3.4e+38 -3.4e+38 -3.4e+38 -3.4e+38 -3.4e+38 -3.4e+38 -3.4e+38 -3.4e+38 -3.4e+38 -3.4e+38 46 48 50 52 52 59 61 62 60 61 66 63 65 72 70 61 61 60 64 67 73 71 68 68 62 73
31 34 35 35 38 38 38 42 52 68 71 60 54 49 49 46 47 45 41 38 40 41 39 -3.4e+38 -3.4e+38 -3.4e+38 -3.4e+38 41 42 43 45 50 53 47 45 42 41 -3.4e+38 -3.4e+38 -3.4e+38 -3.4e+38 -3.4e+38 -3.4e+38 -3.4e+38 -3.4e+38 -3.4e+38 -3.4e+38 -3.4e+38 -3.4e+38 47 49 49 47 51 51 60 62 65 61 70 69 61 69 75 63 61 52 56 62 65 69 67 56 60 62
31 36 34 34 36 38 37 50 68 58 56 53 52 49 44 44 43 47 42 42 42 40 40 40 -3.4e+38 -3.4e+38 -3.4e+38 40 43 43 45 54 47 45 43 42 41 -3.4e+38 -3.4e+38 -3.4e+38 -3.4e+38 -3.4e+38 -3.4e+38 -3.4e+38 -3.4e+38 -3.4e+38 -3.4e+38 -3.4e+38 -3.4e+38 46 46 47 51 50 55 69 84 66 65 76 76 71 69 82 67 55 50 50 57 58 61 67 54 56 60
29 31 33 37 36 37 39 48 58 64 60 66 52 52 47 46 44 43 48 48 44 41 40 40 -3.4e+38 -3.4e+38 -3.4e+38 40 41 42 52 51 49 47 43 43 -3.4e+38 -3.4e+38 -3.4e+38 -3.4e+38 -3.4e+38 -3.4e+38 -3.4e+38 -3.4e+38 -3.4e+38 -3.4e+38 -3.4e+38 -3.4e+38 -3.4e+38 45 47 50 51 57 64 68 73 73 68 74 83 84 67 86 74 56 47 45 48 51 49 58 56 51 53
31 34 36 36 36 38 39 45 56 65 64 67 59 47 46 45 45 48 45 43 42 41 39 -3.4e+38 -3.4e+38 -3.4e+38 -3.4e+38 40 40 41 43 46 44 43 43 -3.4e+38 -3.4e+38 -3.4e+38 -3.4e+38 -3.4e+38 -3.4e+38 -3.4e+38 -3.4e+38 -3.4e+38 -3.4e+38 -3.4e+38 -3.4e+38 -3.4e+38 -3.4e+38 47 49 50 52 59 68 76 76 65 72 78 79 84 85 74 61 61 48 47 46 48 51 48 49 46 51
32 34 35 36 39 37 41 48 54 70 64 61 52 50 49 47 45 46 44 45 43 42 42 -3.4e+38 -3.4e+38 -3.4e+38 -3.4e+38 39 40 40 41 41 41 42 42 -3.4e+38 -3.4e+38 -3.4e+38 -3.4e+38 -3.4e+38 -3.4e+38 -3.4e+38 -3.4e+38 -3.4e+38 -3.4e+38 -3.4e+38 -3.4e+38 -3.4e+38 -3.4e+38 47 50 47 51 54 63 71 65 60 60 69 74 78 88 77 68 56 51 47 45 44 52 48 47 48 47
31 34 34 37 37 37 43 47 50 58 67 63 55 53 51 47 48 46 45 45 42 42 41 -3.4e+38 -3.4e+38 -3.4e+38 -3.4e+38 -3.4e+38 39 40 40 40 40 40 40 -3.4e+38 -3.4e+38 -3.4e+38 -3.4e+38 -3.4e+38 -3.4e+38 -3.4e+38 -3.4e+38 -3.4e+38 -3.4e+38 -3.4e+38 -3.4e+38 -3.4e+38 -3.4e+38 47 46 -3.4e+38 50 56 59 65 54 75 79 72 80 82 92 88 68 56 54 52 46 44 47 48 48 45 46
32 33 34 38 41 40 46 49 46 53 65 63 58 52 51 47 48 48 47 47 44 41 42 40 -3.4e+38 -3.4e+38 -3.4e+38 -3.4e+38 -3.4e+38 39 39 40 -3.4e+38 -3.4e+38 -3.4e+38 -3.4e+38 -3.4e+38 -3.4e+38 -3.4e+38 -3.4e+38 -3.4e+38 -3.4e+38 -3.4e+38 -3.4e+38 -3.4e+38 -3.4e+38 -3.4e+38 -3.4e+38 -3.4e+38 -3.4e+38 -3.4e+38 -3.4e+38 46 53 51 50 58 76 63 61 74 96 93 87 75 70 61 56 50 47 45 48 49 44 46
33 34 36 37 41 41 41 52 63 54 63 63 55 55 50 50 48 46 45 44 47 44 41 -3.4e+38 -3.4e+38 -3.4e+38 -3.4e+38 -3.4e+38 -3.4e+38 -3.4e+38 -3.4e+38 -3.4e+38 -3.4e+38 -3.4e+38 -3.4e+38 -3.4e+38 -3.4e+38 -3.4e+38 -3.4e+38 -3.4e+38 -3.4e+38 -3.4e+38 -3.4e+38 -3.4e+38 -3.4e+38 -3.4e+38 -3.4e+38 -3.4e+38 -3.4e+38 -3.4e+38 -3.4e+38 -3.4e+38 -3.4e+38 45 51 48 53 65 61 73 74 82 93 94 79 72 61 55 53 52 46 44 44 44 47
32 33 35 39 37 41 41 44 54 75 61 59 57 51 48 49 47 48 45 44 44 41 41 41 -3.4e+38 -3.4e+38 -3.4e+38 -3.4e+38 -3.4e+38 -3.4e+38 -3.4e+38 -3.4e+38 -3.4e+38 -3.4e+38 -3.4e+38 -3.4e+38 -3.4e+38 -3.4e+38 -3.4e+38 -3.4e+38 -3.4e+38 -3.4e+38 -3.4e+38 -3.4e+38 -3.4e+38 -3.4e+38 -3.4e+38 -3.4e+38 -3.4e+38 -3.4e+38 -3.4e+38 -3.4e+38 -3.4e+38 -3.4e+38 46 46 50 52 59 83 85 87 82 88 98 76 72 61 55 52 48 44 44 45 44
32 31 35 35 35 36 48 63 78 65 60 57 54 52 54 47 45 44 44 41 44 44 39 39 -3.4e+38 -3.4e+38 -3.4e+38 -3.4e+38 -3.4e+38 -3.4e+38 -3.4e+38 -3.4e+38 -3.4e+38 -3.4e+38 -3.4e+38 -3.4e+38 -3.4e+38 -3.4e+38 -3.4e+38 -3.4e+38 -3.4e+38 -3.4e+38 -3.4e+38 -3.4e+38 -3.4e+38 -3.4e+38 -3.4e+38 -3.4e+38 -3.4e+38 -3.4e+38 -3.4e+38 -3.4e+38 -3.4e+38 -3.4e+38 -3.4e+38 -3.4e+38 -3.4e+38 55 66 76 83 80 77 78 98 90 77 65 53 48 45 45 44 43 45
31 33 33 35 36 38 47 59 77 69 59 57 58 52 54 48 47 47 47 43 46 47 41 39 39 -3.4e+38 -3.4e+38 -3.4e+38 -3.4e+38 -3.4e+38 -3.4e+38 -3.4e+38 -3.4e+38 -3.4e+38 -3.4e+38 -3.4e+38 -3.4e+38 -3.4e+38 -3.4e+38 -3.4e+38 -3.4e+38 -3.4e+38 -3.4e+38 -3.4e+38 -3.4e+38 -3.4e+38 -3.4e+38 -3.4e+38 -3.4e+38 -3.4e+38 -3.4e+38 -3.4e+38 -3.4e+38 -3.4e+38 -3.4e+38 -3.4e+38 -3.4e+38 57 63 66 81 77 72 73 85 85 72 66 55 49 46 45 44 44 43
33 34 36 36 37 36 41 49 65 72 64 58 57 53 52 49 48 47 47 46 44 43 41 41 39 39 -3.4e+38 -3.4e+38 -3.4e+38 -3.4e+38 -3.4e+38 -3.4e+38 -3.4e+38 -3.4e+38 -3.4e+38 -3.4e+38 -3.4e+38 -3.4e+38 -3.4e+38 -3.4e+38 -3.4e+38 -3.4e+38 -3.4e+38 -3.4e+38 -3.4e+38 -3.4e+38 -3.4e+38 -3.4e+38 -3.4e+38 -3.4e+38 -3.4e+38 -3.4e+38 -3.4e+38 -3.4e+38 -3.4e+38 -3.4e+38 47 54 65 66 70 66 73 78 85 88 77 68 56 52 48 45 45 45 43
32 32 35 36 38 36 40 52 66 81 68 67 62 53 50 51 51 51 54 48 52 44 41 41 40 39 39 39 -3.4e+38 -3.4e+38 -3.4e+38 -3.4e+38 -3.4e+38 -3.4e+38 -3.4e+38 -3.4e+38 -3.4e+38 -3.4e+38 -3.4e+38 -3.4e+38 -3.4e+38 -3.4e+38 -3.4e+38 -3.4e+38 -3.4e+38 -3.4e+38 -3.4e+38 -3.4e+38 -3.4e+38 -3.4e+38 -3.4e+38 -3.4e+38 -3.4e+38 -3.4e+38 -3.4e+38 -3.4e+38 47 50 57 65 60 61 67 72 90 99 88 71 61 56 48 45 44 44 44
