data/bioclim/bFFP1.asc
NCOLS 391 
NROWS 575 
XLLCORNER -1773000 
YLLCORNER 4368000 
CELLSIZE 1000 
NODATA_value -3.4e+38 
[rows 66 to 98 of 575, columns 150 to 224 of 391]
-3.4e+38 59 60 63 67 64 72 77 91 86 80 74 75 83 101 89 83 83 80 72 66 66 -3.4e+38 -3.4e+38 -3.4e+38 -3.4e+38 -3.4e+38 -3.4e+38 -3.4e+38 -3.4e+38 -3.4e+38 -3.4e+38 -3.4e+38 -3.4e+38 -3.4e+38 -3.4e+38 -3.4e+38 -3.4e+38 -3.4e+38 -3.4e+38 -3.4e+38 -3.4e+38 -3.4e+38 -3.4e+38 -3.4e+38 -3.4e+38 67 66 65 64 66 72 77 93 101 98 96 91 100 107 106 110 112 105 98 91 89 84 84 -3.4e+38 -3.4e+38 81 82 83 -3.4e+38
-3.4e+38 58 60 61 68 73 77 87 99 90 83 72 88 108 113 95 92 86 78 73 68 -3.4e+38 -3.4e+38 -3.4e+38 -3.4e+38 -3.4e+38 -3.4e+38 -3.4e+38 -3.4e+38 -3.4e+38 -3.4e+38 -3.4e+38 -3.4e+38 -3.4e+38 -3.4e+38 -3.4e+38 -3.4e+38 -3.4e+38 -3.4e+38 -3.4e+38 -3.4e+38 -3.4e+38 -3.4e+38 -3.4e+38 -3.4e+38 -3.4e+38 -3.4e+38 66 64 64 67 74 75 90 90 96 87 94 97 100 98 106 111 103 93 99 92 87 -3.4e+38 -3.4e+38 -3.4e+38 80 81 83 83
-3.4e+38 58 62 64 66 74 90 87 105 96 79 80 86 95 109 101 98 79 76 73 70 -3.4e+38 -3.4e+38 -3.4e+38 -3.4e+38 -3.4e+38 -3.4e+38 -3.4e+38 -3.4e+38 -3.4e+38 -3.4e+38 -3.4e+38 -3.4e+38 -3.4e+38 -3.4e+38 -3.4e+38 -3.4e+38 -3.4e+38 -3.4e+38 -3.4e+38 -3.4e+38 -3.4e+38 -3.4e+38 -3.4e+38 -3.4e+38 -3.4e+38 67 66 65 65 68 71 72 83 77 83 94 99 108 105 105 106 116 102 105 100 96 99 87 -3.4e+38 -3.4e+38 80 81 81 83
57 60 63 65 71 79 96 107 96 84 82 83 88 98 117 99 88 86 75 72 71 -3.4e+38 -3.4e+38 -3.4e+38 -3.4e+38 -3.4e+38 -3.4e+38 -3.4e+38 -3.4e+38 -3.4e+38 -3.4e+38 -3.4e+38 -3.4e+38 -3.4e+38 -3.4e+38 -3.4e+38 -3.4e+38 -3.4e+38 -3.4e+38 -3.4e+38 -3.4e+38 -3.4e+38 -3.4e+38 -3.4e+38 -3.4e+38 -3.4e+38 67 65 65 64 66 66 71 74 96 91 95 93 102 105 105 102 115 113 110 100 92 86 83 -3.4e+38 -3.4e+38 80 81 80 82
56 66 63 66 78 108 114 98 89 87 90 87 98 117 102 90 87 79 79 77 71 69 -3.4e+38 -3.4e+38 -3.4e+38 -3.4e+38 -3.4e+38 -3.4e+38 -3.4e+38 -3.4e+38 -3.4e+38 -3.4e+38 -3.4e+38 -3.4e+38 -3.4e+38 -3.4e+38 -3.4e+38 -3.4e+38 -3.4e+38 -3.4e+38 -3.4e+38 -3.4e+38 -3.4e+38 -3.4e+38 -3.4e+38 -3.4e+38 67 67 66 67 69 68 72 82 96 101 108 93 100 103 97 103 114 116 106 106 92 87 81 -3.4e+38 -3.4e+38 -3.4e+38 -3.4e+38 81 81
56 63 65 76 86 99 117 106 91 96 91 92 99 110 104 92 90 77 74 67 68 69 -3.4e+38 -3.4e+38 -3.4e+38 -3.4e+38 -3.4e+38 -3.4e+38 -3.4e+38 -3.4e+38 -3.4e+38 -3.4e+38 -3.4e+38 -3.4e+38 -3.4e+38 -3.4e+38 -3.4e+38 -3.4e+38 -3.4e+38 -3.4e+38 -3.4e+38 -3.4e+38 -3.4e+38 -3.4e+38 -3.4e+38 -3.4e+38 -3.4e+38 67 67 68 70 71 78 88 94 105 96 96 94 103 94 96 100 110 100 97 87 85 84 -3.4e+38 -3.4e+38 -3.4e+38 -3.4e+38 -3.4e+38 -3.4e+38
59 68 73 83 94 105 116 102 111 116 104 103 108 115 105 94 79 74 72 71 71 70 68 -3.4e+38 -3.4e+38 -3.4e+38 -3.4e+38 -3.4e+38 -3.4e+38 -3.4e+38 -3.4e+38 -3.4e+38 -3.4e+38 -3.4e+38 -3.4e+38 -3.4e+38 -3.4e+38 -3.4e+38 -3.4e+38 -3.4e+38 -3.4e+38 -3.4e+38 -3.4e+38 -3.4e+38 -3.4e+38 -3.4e+38 -3.4e+38 -3.4e+38 -3.4e+38 69 70 70 74 84 93 96 87 92 99 86 97 103 105 102 89 93 89 88 85 -3.4e+38 -3.4e+38 -3.4e+38 -3.4e+38 -3.4e+38 -3.4e+38
69 70 75 83 95 112 106 113 124 125 107 108 112 113 96 83 84 81 72 73 70 69 67 68 -3.4e+38 -3.4e+38 -3.4e+38 -3.4e+38 -3.4e+38 -3.4e+38 -3.4e+38 -3.4e+38 -3.4e+38 -3.4e+38 -3.4e+38 -3.4e+38 -3.4e+38 -3.4e+38 -3.4e+38 -3.4e+38 -3.4e+38 -3.4e+38 -3.4e+38 -3.4e+38 -3.4e+38 -3.4e+38 -3.4e+38 -3.4e+38 -3.4e+38 -3.4e+38 69 68 71 76 90 86 82 86 90 87 98 97 102 105 94 91 85 87 -3.4e+38 -3.4e+38 -3.4e+38 -3.4e+38 -3.4e+38 -3.4e+38 -3.4e+38
77 92 80 88 115 120 117 123 132 128 117 117 117 107 97 96 89 76 76 71 64 67 66 67 65 65 -3.4e+38 -3.4e+38 -3.4e+38 -3.4e+38 -3.4e+38 -3.4e+38 -3.4e+38 -3.4e+38 -3.4e+38 -3.4e+38 -3.4e+38 -3.4e+38 -3.4e+38 -3.4e+38 -3.4e+38 -3.4e+38 -3.4e+38 -3.4e+38 -3.4e+38 -3.4e+38 -3.4e+38 -3.4e+38 -3.4e+38 -3.4e+38 68 69 70 77 89 98 81 84 85 91 95 103 112 100 98 86 82 -3.4e+38 -3.4e+38 -3.4e+38 -3.4e+38 -3.4e+38 -3.4e+38 -3.4e+38 -3.4e+38
81 93 88 103 116 119 120 130 134 128 124 125 117 106 98 85 82 80 77 67 76 76 66 67 68 66 66 -3.4e+38 -3.4e+38 -3.4e+38 -3.4e+38 -3.4e+38 -3.4e+38 -3.4e+38 -3.4e+38 -3.4e+38 -3.4e+38 -3.4e+38 -3.4e+38 -3.4e+38 -3.4e+38 -3.4e+38 -3.4e+38 -3.4e+38 -3.4e+38 -3.4e+38 -3.4e+38 -3.4e+38 -3.4e+38 -3.4e+38 -3.4e+38 68 70 74 87 92 86 91 80 87 102 103 103 111 89 86 85 -3.4e+38 -3.4e+38 -3.4e+38 -3.4e+38 -3.4e+38 -3.4e+38 -3.4e+38 -3.4e+38
85 101 103 111 114 119 128 120 118 123 124 122 119 105 97 94 95 90 75 82 81 84 71 67 68 68 67 -3.4e+38 -3.4e+38 -3.4e+38 -3.4e+38 -3.4e+38 -3.4e+38 -3.4e+38 -3.4e+38 -3.4e+38 -3.4e+38 -3.4e+38 -3.4e+38 -3.4e+38 -3.4e+38 -3.4e+38 -3.4e+38 -3.4e+38 -3.4e+38 -3.4e+38 -3.4e+38 -3.4e+38 -3.4e+38 -3.4e+38 -3.4e+38 68 69 74 81 84 80 84 75 83 84 97 109 96 88 86 -3.4e+38 -3.4e+38 -3.4e+38 -3.4e+38 -3.4e+38 -3.4e+38 -3.4e+38 -3.4e+38 -3.4e+38
82 96 98 105 108 117 116 115 117 123 121 119 121 105 98 104 100 94 89 85 72 62 69 66 65 66 67 -3.4e+38 -3.4e+38 -3.4e+38 -3.4e+38 -3.4e+38 -3.4e+38 -3.4e+38 -3.4e+38 -3.4e+38 -3.4e+38 -3.4e+38 -3.4e+38 -3.4e+38 -3.4e+38 -3.4e+38 -3.4e+38 -3.4e+38 -3.4e+38 -3.4e+38 -3.4e+38 -3.4e+38 70 69 68 68 70 75 90 84 80 71 80 82 100 109 105 97 90 87 84 -3.4e+38 -3.4e+38 -3.4e+38 -3.4e+38 -3.4e+38 -3.4e+38 -3.4e+38 -3.4e+38
96 88 95 110 114 114 111 109 113 123 124 122 121 114 106 112 109 94 79 72 70 74 68 70 69 69 68 -3.4e+38 -3.4e+38 -3.4e+38 -3.4e+38 -3.4e+38 -3.4e+38 -3.4e+38 -3.4e+38 -3.4e+38 -3.4e+38 -3.4e+38 -3.4e+38 -3.4e+38 -3.4e+38 -3.4e+38 -3.4e+38 -3.4e+38 -3.4e+38 -3.4e+38 -3.4e+38 70 69 68 68 69 70 78 89 82 79 72 94 97 101 112 103 95 91 89 84 -3.4e+38 -3.4e+38 -3.4e+38 -3.4e+38 -3.4e+38 -3.4e+38 -3.4e+38 -3.4e+38
101 109 99 95 108 107 101 110 104 112 113 125 121 123 121 120 109 89 85 77 79 75 79 73 71 67 68 -3.4e+38 -3.4e+38 -3.4e+38 -3.4e+38 -3.4e+38 -3.4e+38 -3.4e+38 -3.4e+38 -3.4e+38 -3.4e+38 -3.4e+38 -3.4e+38 -3.4e+38 -3.4e+38 -3.4e+38 -3.4e+38 -3.4e+38 -3.4e+38 -3.4e+38 70 70 69 68 67 68 72 77 88 85 70 80 78 96 96 110 102 97 89 88 85 -3.4e+38 -3.4e+38 -3.4e+38 -3.4e+38 -3.4e+38 82 -3.4e+38 -3.4e+38
105 113 101 86 82 104 99 100 107 111 117 119 115 125 123 121 115 98 94 82 93 89 81 76 70 71 68 -3.4e+38 -3.4e+38 -3.4e+38 -3.4e+38 -3.4e+38 -3.4e+38 -3.4e+38 -3.4e+38 -3.4e+38 -3.4e+38 -3.4e+38 -3.4e+38 -3.4e+38 -3.4e+38 -3.4e+38 -3.4e+38 -3.4e+38 -3.4e+38 -3.4e+38 70 70 69 68 67 68 72 72 82 78 73 69 78 87 103 116 100 93 96 88 85 -3.4e+38 -3.4e+38 -3.4e+38 82 82 82 83 -3.4e+38
104 106 105 95 82 82 80 95 94 105 110 110 113 118 119 113 119 102 96 91 82 88 77 73 72 70 69 69 -3.4e+38 -3.4e+38 -3.4e+38 -3.4e+38 -3.4e+38 -3.4e+38 -3.4e+38 -3.4e+38 -3.4e+38 -3.4e+38 -3.4e+38 -3.4e+38 -3.4e+38 -3.4e+38 -3.4e+38 -3.4e+38 -3.4e+38 -3.4e+38 70 69 68 68 66 67 70 77 80 72 66 79 76 99 99 112 109 99 89 89 88 -3.4e+38 -3.4e+38 82 83 83 83 83 84
101 91 99 96 71 66 72 84 93 101 99 108 109 118 111 111 113 106 98 100 91 78 73 68 69 69 69 70 -3.4e+38 -3.4e+38 -3.4e+38 -3.4e+38 -3.4e+38 -3.4e+38 -3.4e+38 -3.4e+38 -3.4e+38 -3.4e+38 -3.4e+38 -3.4e+38 -3.4e+38 -3.4e+38 -3.4e+38 -3.4e+38 -3.4e+38 70 70 69 68 67 67 68 69 73 74 69 67 74 75 83 92 101 109 104 103 91 86 -3.4e+38 -3.4e+38 -3.4e+38 -3.4e+38 83 83 84 -3.4e+38
92 80 86 95 85 77 63 65 79 88 96 101 109 108 108 110 115 110 106 97 91 79 73 65 66 69 70 70 70 70 -3.4e+38 -3.4e+38 -3.4e+38 -3.4e+38 71 71 -3.4e+38 -3.4e+38 -3.4e+38 -3.4e+38 -3.4e+38 -3.4e+38 -3.4e+38 -3.4e+38 -3.4e+38 70 69 69 68 67 67 68 65 67 74 69 72 71 75 89 86 93 107 104 101 96 90 85 83 -3.4e+38 -3.4e+38 83 85 -3.4e+38 -3.4e+38
97 75 81 81 91 86 59 61 65 83 87 92 108 107 105 107 112 110 106 109 89 78 70 66 66 70 70 70 70 71 71 71 72 72 72 72 -3.4e+38 -3.4e+38 -3.4e+38 -3.4e+38 -3.4e+38 -3.4e+38 -3.4e+38 -3.4e+38 71 71 70 69 68 67 67 68 65 73 73 70 70 71 76 78 78 101 107 102 95 89 91 85 84 83 -3.4e+38 84 85 85 -3.4e+38
74 63 74 62 78 67 54 59 61 67 79 91 94 104 95 89 97 96 106 96 101 81 74 67 66 70 70 70 70 71 71 71 72 73 73 73 -3.4e+38 -3.4e+38 -3.4e+38 -3.4e+38 -3.4e+38 -3.4e+38 -3.4e+38 72 73 72 71 69 68 68 68 68 67 69 73 76 64 72 74 80 92 105 101 101 94 95 85 86 85 85 85 85 86 88 86
60 59 61 56 67 66 53 68 66 63 69 68 77 88 90 93 102 100 102 93 88 82 74 72 64 71 70 70 70 71 71 71 72 73 73 -3.4e+38 -3.4e+38 -3.4e+38 -3.4e+38 -3.4e+38 -3.4e+38 -3.4e+38 -3.4e+38 73 72 72 71 72 71 68 68 63 62 64 70 70 65 75 79 80 90 102 101 98 88 88 87 87 85 85 87 86 86 88 87
45 48 48 53 61 52 74 68 61 64 68 74 80 89 93 88 95 89 88 92 80 74 71 67 66 71 70 71 70 72 72 65 72 73 74 -3.4e+38 -3.4e+38 -3.4e+38 -3.4e+38 -3.4e+38 -3.4e+38 -3.4e+38 -3.4e+38 73 73 72 72 71 70 70 70 70 70 65 66 72 72 69 82 77 81 86 94 93 92 95 90 90 88 85 86 86 86 87 88
-3.4e+38 47 49 52 51 67 50 57 66 77 76 74 76 81 84 78 86 81 81 73 78 77 71 72 70 71 70 70 70 72 72 67 71 73 -3.4e+38 -3.4e+38 -3.4e+38 -3.4e+38 -3.4e+38 -3.4e+38 -3.4e+38 -3.4e+38 -3.4e+38 74 74 73 72 72 71 70 70 70 70 70 71 75 72 75 72 72 79 92 98 93 92 92 90 88 88 88 88 87 91 88 90
-3.4e+38 47 50 55 54 49 58 58 63 60 61 67 70 69 68 77 72 73 68 70 71 68 66 68 69 69 70 69 69 70 69 68 72 74 -3.4e+38 -3.4e+38 -3.4e+38 -3.4e+38 -3.4e+38 -3.4e+38 -3.4e+38 -3.4e+38 -3.4e+38 75 74 74 73 73 72 72 71 70 70 70 71 69 70 72 77 75 77 84 94 94 91 89 92 94 91 89 89 89 88 90 91
-3.4e+38 -3.4e+38 50 51 53 53 52 58 60 55 61 66 68 62 60 66 66 65 63 63 63 62 61 64 67 68 68 68 69 69 67 69 72 -3.4e+38 -3.4e+38 -3.4e+38 -3.4e+38 -3.4e+38 -3.4e+38 -3.4e+38 -3.4e+38 -3.4e+38 -3.4e+38 -3.4e+38 76 75 75 74 74 73 72 71 70 70 71 67 73 76 77 77 76 80 90 86 87 89 88 90 91 89 90 90 90 91 93
-3.4e+38 -3.4e+38 -3.4e+38 -3.4e+38 53 54 51 55 54 51 53 62 63 62 58 60 57 58 56 61 59 60 61 62 65 66 66 67 67 63 64 69 71 -3.4e+38 -3.4e+38 -3.4e+38 -3.4e+38 -3.4e+38 -3.4e+38 -3.4e+38 -3.4e+38 -3.4e+38 -3.4e+38 -3.4e+38 77 76 75 76 75 74 72 72 71 71 71 71 72 72 73 74 77 87 85 86 86 84 86 92 92 90 91 93 92 93 95
-3.4e+38 -3.4e+38 -3.4e+38 -3.4e+38 -3.4e+38 -3.4e+38 -3.4e+38 -3.4e+38 55 54 49 55 55 55 52 56 53 53 55 58 58 59 60 62 64 65 65 65 68 65 63 68 71 72 -3.4e+38 -3.4e+38 -3.4e+38 -3.4e+38 -3.4e+38 -3.4e+38 -3.4e+38 -3.4e+38 -3.4e+38 -3.4e+38 -3.4e+38 77 78 78 78 75 74 73 71 72 74 73 73 75 75 77 76 86 85 86 84 81 86 91 90 91 93 93 95 95 96
-3.4e+38 -3.4e+38 -3.4e+38 -3.4e+38 -3.4e+38 -3.4e+38 -3.4e+38 -3.4e+38 -3.4e+38 -3.4e+38 54 54 54 56 46 51 50 56 56 56 57 58 60 61 62 64 64 64 64 64 65 65 69 74 77 -3.4e+38 -3.4e+38 -3.4e+38 -3.4e+38 -3.4e+38 -3.4e+38 -3.4e+38 -3.4e+38 -3.4e+38 -3.4e+38 79 79 78 78 76 75 73 72 73 73 73 74 76 77 78 77 80 83 81 82 84 87 88 88 91 94 94 97 101 96
-3.4e+38 -3.4e+38 -3.4e+38 -3.4e+38 -3.4e+38 -3.4e+38 -3.4e+38 -3.4e+38 -3.4e+38 -3.4e+38 52 52 53 54 56 56 58 58 59 59 59 60 62 60 61 63 63 61 61 63 65 69 74 77 78 -3.4e+38 -3.4e+38 -3.4e+38 -3.4e+38 79 79 -3.4e+38 -3.4e+38 -3.4e+38 -3.4e+38 -3.4e+38 78 77 78 76 75 73 73 73 73 74 74 76 79 79 78 81 78 80 83 82 88 89 92 91 95 98 98 102 99
-3.4e+38 -3.4e+38 -3.4e+38 -3.4e+38 -3.4e+38 -3.4e+38 -3.4e+38 -3.4e+38 -3.4e+38 52 51 51 52 54 55 56 58 56 57 56 56 57 60 59 61 62 62 60 62 63 61 69 72 76 77 79 -3.4e+38 -3.4e+38 -3.4e+38 80 80 -3.4e+38 -3.4e+38 -3.4e+38 -3.4e+38 -3.4e+38 79 78 76 76 74 73 73 74 74 74 75 76 80 78 79 81 80 82 82 86 85 90 96 95 95 97 100 104 109
-3.4e+38 -3.4e+38 -3.4e+38 -3.4e+38 -3.4e+38 -3.4e+38 -3.4e+38 -3.4e+38 -3.4e+38 -3.4e+38 52 51 52 53 54 54 56 55 54 54 54 56 61 61 63 64 62 62 63 62 63 67 70 74 77 79 -3.4e+38 -3.4e+38 80 80 79 80 -3.4e+38 -3.4e+38 -3.4e+38 -3.4e+38 -3.4e+38 79 77 76 75 73 74 74 74 74 75 77 79 79 79 80 81 81 84 85 87 88 94 95 98 98 100 104 109
-3.4e+38 -3.4e+38 -3.4e+38 -3.4e+38 -3.4e+38 -3.4e+38 -3.4e+38 -3.4e+38 -3.4e+38 -3.4e+38 -3.4e+38 -3.4e+38 52 53 54 55 54 53 53 52 53 55 56 59 59 60 62 64 65 67 63 66 67 74 76 78 79 79 76 78 79 79 -3.4e+38 -3.4e+38 -3.4e+38 -3.4e+38 -3.4e+38 79 78 76 74 75 74 74 74 74 75 76 76 78 79 80 81 82 83 86 87 86 88 100 97 98 102 107 108
-3.4e+38 -3.4e+38 -3.4e+38 -3.4e+38 -3.4e+38 -3.4e+38 -3.4e+38 -3.4e+38 -3.4e+38 -3.4e+38 -3.4e+38 53 53 53 54 54 54 54 53 53 54 55 53 59 56 57 61 63 65 66 69 69 71 73 74 77 77 75 75 75 77 78 -3.4e+38 -3.4e+38 -3.4e+38 -3.4e+38 -3.4e+38 -3.4e+38 79 77 77 76 77 75 74 74 74 74 75 76 79 80 80 83 84 85 85 86 86 99 101 101 102 104 113
