data/bioclim/bFFP1.asc
NCOLS 391 
NROWS 575 
XLLCORNER -1773000 
YLLCORNER 4368000 
CELLSIZE 1000 
NODATA_value -3.4e+38 
[rows 363 to 395 of 575, columns 75 to 149 of 391]
-3.4e+38 -3.4e+38 -3.4e+38 -3.4e+38 -3.4e+38 -3.4e+38 -3.4e+38 -3.4e+38 -3.4e+38 -3.4e+38 -3.4e+38 -3.4e+38 32 31 30 29 31 29 26 24 25 23 -3.4e+38 24 24 25 33 39 34 36 37 39 44 41 41 56 62 61 67 69 84 66 63 62 59 47 48 46 47 42 47 43 39 42 47 42 38 39 43 40 42 47 41 35 35 34 -3.4e+38 -3.4e+38 -3.4e+38 -3.4e+38 -3.4e+38 33 34 34 37
-3.4e+38 -3.4e+38 -3.4e+38 -3.4e+38 -3.4e+38 -3.4e+38 -3.4e+38 -3.4e+38 -3.4e+38 -3.4e+38 -3.4e+38 -3.4e+38 31 34 36 28 26 25 25 28 25 24 -3.4e+38 25 28 30 35 32 38 35 34 39 44 47 44 51 69 76 75 70 71 75 63 63 69 60 69 56 53 57 56 52 47 42 47 42 39 35 43 43 37 39 35 35 35 33 -3.4e+38 -3.4e+38 -3.4e+38 -3.4e+38 32 33 36 37 38
-3.4e+38 -3.4e+38 -3.4e+38 -3.4e+38 -3.4e+38 -3.4e+38 -3.4e+38 -3.4e+38 -3.4e+38 -3.4e+38 -3.4e+38 -3.4e+38 33 39 37 33 28 29 32 24 23 -3.4e+38 -3.4e+38 23 28 29 33 29 32 30 29 29 38 43 43 44 68 57 70 80 85 75 63 55 55 70 59 51 48 57 57 52 51 39 35 36 34 38 38 38 39 35 37 33 33 33 -3.4e+38 -3.4e+38 -3.4e+38 -3.4e+38 32 33 34 42 42
-3.4e+38 -3.4e+38 -3.4e+38 -3.4e+38 -3.4e+38 -3.4e+38 -3.4e+38 -3.4e+38 -3.4e+38 -3.4e+38 -3.4e+38 -3.4e+38 34 34 32 30 29 32 32 28 24 22 -3.4e+38 23 25 27 30 28 27 27 31 33 38 33 49 54 54 57 68 76 85 76 62 62 61 65 57 57 51 46 48 47 46 42 42 38 35 37 34 35 38 36 33 32 32 32 -3.4e+38 -3.4e+38 -3.4e+38 -3.4e+38 32 33 38 42 39
-3.4e+38 -3.4e+38 -3.4e+38 -3.4e+38 -3.4e+38 -3.4e+38 -3.4e+38 -3.4e+38 -3.4e+38 -3.4e+38 -3.4e+38 -3.4e+38 -3.4e+38 31 32 31 31 31 32 28 26 24 -3.4e+38 22 25 25 24 25 26 28 26 28 33 39 44 43 59 57 72 66 76 63 61 57 48 51 56 51 51 56 50 40 39 41 42 44 37 32 34 34 36 36 35 34 32 -3.4e+38 -3.4e+38 -3.4e+38 -3.4e+38 -3.4e+38 32 33 35 37 36
-3.4e+38 -3.4e+38 -3.4e+38 -3.4e+38 -3.4e+38 -3.4e+38 -3.4e+38 -3.4e+38 -3.4e+38 -3.4e+38 -3.4e+38 -3.4e+38 -3.4e+38 35 32 32 33 31 28 27 24 22 -3.4e+38 24 23 23 26 27 29 24 24 28 33 33 42 49 51 59 52 55 77 65 61 51 59 56 51 41 56 57 48 46 39 39 41 41 40 36 33 32 34 36 34 34 32 -3.4e+38 -3.4e+38 -3.4e+38 -3.4e+38 -3.4e+38 32 32 33 36 35
-3.4e+38 -3.4e+38 -3.4e+38 -3.4e+38 -3.4e+38 -3.4e+38 -3.4e+38 -3.4e+38 -3.4e+38 -3.4e+38 -3.4e+38 -3.4e+38 -3.4e+38 33 35 35 35 31 26 28 26 23 -3.4e+38 21 22 22 24 28 26 24 24 28 34 33 33 50 39 44 54 54 60 71 60 55 50 47 47 40 47 46 42 43 44 40 40 37 34 33 30 30 31 34 34 33 32 -3.4e+38 -3.4e+38 -3.4e+38 -3.4e+38 -3.4e+38 31 31 35 36 37
-3.4e+38 -3.4e+38 -3.4e+38 -3.4e+38 -3.4e+38 -3.4e+38 -3.4e+38 -3.4e+38 -3.4e+38 -3.4e+38 -3.4e+38 -3.4e+38 -3.4e+38 32 37 36 38 32 29 28 26 23 -3.4e+38 22 22 22 24 23 25 29 32 30 37 43 42 40 44 46 49 56 61 51 52 49 49 50 46 43 38 42 40 40 37 43 42 40 33 33 33 31 30 32 33 33 -3.4e+38 -3.4e+38 -3.4e+38 -3.4e+38 -3.4e+38 -3.4e+38 30 33 34 34 36
-3.4e+38 -3.4e+38 -3.4e+38 -3.4e+38 -3.4e+38 -3.4e+38 -3.4e+38 -3.4e+38 -3.4e+38 -3.4e+38 -3.4e+38 -3.4e+38 -3.4e+38 -3.4e+38 34 33 36 35 31 29 27 25 -3.4e+38 22 21 22 24 22 26 31 32 29 30 38 34 34 40 38 40 51 49 47 45 53 44 49 41 42 42 45 44 40 34 36 40 36 34 33 32 30 30 31 31 31 -3.4e+38 -3.4e+38 -3.4e+38 -3.4e+38 -3.4e+38 30 30 31 32 33 34
-3.4e+38 -3.4e+38 -3.4e+38 -3.4e+38 -3.4e+38 -3.4e+38 -3.4e+38 -3.4e+38 -3.4e+38 -3.4e+38 -3.4e+38 -3.4e+38 -3.4e+38 -3.4e+38 -3.4e+38 -3.4e+38 32 35 30 36 25 23 -3.4e+38 -3.4e+38 24 21 22 24 28 28 31 28 28 34 34 37 42 42 48 43 48 54 55 42 48 47 49 46 43 43 39 40 39 40 36 32 36 34 32 32 30 31 31 -3.4e+38 -3.4e+38 -3.4e+38 -3.4e+38 -3.4e+38 -3.4e+38 30 29 30 31 32 33
-3.4e+38 -3.4e+38 -3.4e+38 -3.4e+38 -3.4e+38 -3.4e+38 -3.4e+38 -3.4e+38 -3.4e+38 -3.4e+38 -3.4e+38 -3.4e+38 -3.4e+38 -3.4e+38 -3.4e+38 -3.4e+38 30 31 29 29 24 22 -3.4e+38 -3.4e+38 21 22 22 23 27 24 27 25 25 26 31 41 55 49 48 48 61 57 69 47 47 42 36 39 38 40 37 38 42 37 34 36 35 35 34 32 32 31 31 -3.4e+38 -3.4e+38 -3.4e+38 -3.4e+38 -3.4e+38 -3.4e+38 -3.4e+38 29 29 29 30 32
-3.4e+38 -3.4e+38 -3.4e+38 -3.4e+38 -3.4e+38 -3.4e+38 -3.4e+38 -3.4e+38 -3.4e+38 -3.4e+38 -3.4e+38 -3.4e+38 -3.4e+38 -3.4e+38 -3.4e+38 -3.4e+38 27 32 27 26 24 -3.4e+38 -3.4e+38 -3.4e+38 20 22 23 25 25 23 24 23 28 37 31 40 41 37 42 49 46 51 58 45 48 39 34 33 43 43 42 36 36 33 31 33 35 35 34 33 32 31 -3.4e+38 -3.4e+38 -3.4e+38 -3.4e+38 -3.4e+38 -3.4e+38 -3.4e+38 -3.4e+38 -3.4e+38 29 31 31 33
-3.4e+38 -3.4e+38 -3.4e+38 -3.4e+38 -3.4e+38 -3.4e+38 -3.4e+38 -3.4e+38 -3.4e+38 -3.4e+38 -3.4e+38 -3.4e+38 -3.4e+38 -3.4e+38 -3.4e+38 -3.4e+38 29 25 23 22 21 -3.4e+38 -3.4e+38 -3.4e+38 20 21 22 23 22 23 23 25 27 29 31 35 40 40 39 47 40 44 60 51 39 39 33 32 37 43 38 37 34 30 31 31 32 31 33 33 32 31 -3.4e+38 -3.4e+38 -3.4e+38 -3.4e+38 -3.4e+38 -3.4e+38 -3.4e+38 -3.4e+38 -3.4e+38 29 30 32 35
-3.4e+38 -3.4e+38 -3.4e+38 -3.4e+38 -3.4e+38 -3.4e+38 25 -3.4e+38 -3.4e+38 -3.4e+38 -3.4e+38 -3.4e+38 -3.4e+38 29 -3.4e+38 -3.4e+38 -3.4e+38 24 24 23 26 20 20 -3.4e+38 20 20 21 21 21 21 23 25 27 29 32 31 31 32 33 33 33 36 51 54 46 36 31 31 37 41 38 35 32 32 30 30 31 31 31 32 31 -3.4e+38 -3.4e+38 -3.4e+38 -3.4e+38 -3.4e+38 -3.4e+38 -3.4e+38 -3.4e+38 -3.4e+38 -3.4e+38 -3.4e+38 -3.4e+38 32 33
-3.4e+38 -3.4e+38 -3.4e+38 -3.4e+38 -3.4e+38 -3.4e+38 23 23 24 -3.4e+38 -3.4e+38 -3.4e+38 -3.4e+38 27 28 27 -3.4e+38 25 26 24 26 29 25 -3.4e+38 20 20 20 20 21 23 24 23 23 25 26 26 26 32 28 33 37 44 50 43 34 31 30 29 30 33 39 31 31 30 30 29 30 30 30 31 31 -3.4e+38 -3.4e+38 -3.4e+38 -3.4e+38 -3.4e+38 -3.4e+38 -3.4e+38 -3.4e+38 -3.4e+38 -3.4e+38 -3.4e+38 -3.4e+38 -3.4e+38 32
-3.4e+38 -3.4e+38 -3.4e+38 -3.4e+38 -3.4e+38 -3.4e+38 22 23 24 24 -3.4e+38 -3.4e+38 -3.4e+38 -3.4e+38 31 32 26 29 29 24 31 33 24 20 -3.4e+38 20 21 21 21 23 22 23 26 24 27 26 26 27 32 37 44 51 51 48 45 38 32 29 28 29 32 30 29 30 28 27 28 28 28 31 -3.4e+38 -3.4e+38 -3.4e+38 -3.4e+38 -3.4e+38 -3.4e+38 -3.4e+38 -3.4e+38 -3.4e+38 -3.4e+38 -3.4e+38 -3.4e+38 -3.4e+38 -3.4e+38 31
-3.4e+38 -3.4e+38 -3.4e+38 -3.4e+38 -3.4e+38 -3.4e+38 21 22 25 24 -3.4e+38 -3.4e+38 -3.4e+38 -3.4e+38 29 32 27 28 30 29 22 21 20 -3.4e+38 -3.4e+38 19 19 19 21 20 20 23 26 25 24 27 33 30 31 34 38 41 54 54 50 38 30 28 27 29 29 29 29 28 30 28 -3.4e+38 -3.4e+38 -3.4e+38 -3.4e+38 -3.4e+38 -3.4e+38 -3.4e+38 -3.4e+38 -3.4e+38 -3.4e+38 -3.4e+38 -3.4e+38 -3.4e+38 -3.4e+38 -3.4e+38 -3.4e+38 -3.4e+38 -3.4e+38 31
-3.4e+38 -3.4e+38 -3.4e+38 -3.4e+38 -3.4e+38 -3.4e+38 -3.4e+38 24 23 23 24 -3.4e+38 -3.4e+38 -3.4e+38 -3.4e+38 32 31 26 24 27 22 21 -3.4e+38 -3.4e+38 -3.4e+38 -3.4e+38 -3.4e+38 -3.4e+38 -3.4e+38 -3.4e+38 21 26 25 26 24 26 33 30 30 32 33 39 54 54 48 40 34 31 26 28 28 28 27 28 28 -3.4e+38 -3.4e+38 -3.4e+38 -3.4e+38 -3.4e+38 -3.4e+38 -3.4e+38 -3.4e+38 -3.4e+38 -3.4e+38 -3.4e+38 -3.4e+38 -3.4e+38 -3.4e+38 -3.4e+38 -3.4e+38 -3.4e+38 -3.4e+38 -3.4e+38 30
-3.4e+38 -3.4e+38 -3.4e+38 -3.4e+38 -3.4e+38 -3.4e+38 -3.4e+38 22 22 23 24 24 24 25 32 30 27 25 23 26 22 22 -3.4e+38 -3.4e+38 -3.4e+38 -3.4e+38 -3.4e+38 -3.4e+38 -3.4e+38 23 24 24 26 30 30 30 26 27 28 32 33 43 54 57 59 44 39 37 33 26 27 -3.4e+38 -3.4e+38 -3.4e+38 -3.4e+38 -3.4e+38 -3.4e+38 -3.4e+38 -3.4e+38 -3.4e+38 -3.4e+38 -3.4e+38 -3.4e+38 -3.4e+38 -3.4e+38 -3.4e+38 -3.4e+38 -3.4e+38 -3.4e+38 -3.4e+38 -3.4e+38 -3.4e+38 -3.4e+38 -3.4e+38 29
-3.4e+38 -3.4e+38 -3.4e+38 -3.4e+38 -3.4e+38 -3.4e+38 -3.4e+38 -3.4e+38 22 23 23 24 27 27 28 29 26 23 25 21 20 21 21 -3.4e+38 -3.4e+38 -3.4e+38 -3.4e+38 -3.4e+38 -3.4e+38 22 24 24 24 30 30 35 31 33 34 38 37 43 52 62 57 51 44 40 36 28 25 -3.4e+38 -3.4e+38 -3.4e+38 -3.4e+38 -3.4e+38 -3.4e+38 -3.4e+38 -3.4e+38 -3.4e+38 -3.4e+38 -3.4e+38 -3.4e+38 -3.4e+38 -3.4e+38 -3.4e+38 -3.4e+38 -3.4e+38 -3.4e+38 -3.4e+38 -3.4e+38 -3.4e+38 -3.4e+38 28 29
-3.4e+38 -3.4e+38 -3.4e+38 -3.4e+38 -3.4e+38 -3.4e+38 -3.4e+38 -3.4e+38 22 22 24 26 25 26 27 27 27 27 24 27 20 19 19 18 -3.4e+38 -3.4e+38 -3.4e+38 -3.4e+38 20 21 21 24 24 24 29 32 37 42 45 42 40 45 58 60 62 52 43 42 32 29 25 -3.4e+38 -3.4e+38 -3.4e+38 -3.4e+38 -3.4e+38 -3.4e+38 -3.4e+38 -3.4e+38 -3.4e+38 -3.4e+38 -3.4e+38 -3.4e+38 -3.4e+38 -3.4e+38 -3.4e+38 -3.4e+38 -3.4e+38 -3.4e+38 -3.4e+38 -3.4e+38 -3.4e+38 -3.4e+38 28 30
-3.4e+38 -3.4e+38 -3.4e+38 -3.4e+38 -3.4e+38 -3.4e+38 -3.4e+38 -3.4e+38 20 23 23 24 27 29 31 27 27 24 21 20 20 19 19 18 -3.4e+38 -3.4e+38 -3.4e+38 -3.4e+38 19 19 22 25 25 30 27 32 38 42 51 54 41 42 58 55 51 48 46 45 32 31 27 -3.4e+38 -3.4e+38 -3.4e+38 -3.4e+38 -3.4e+38 -3.4e+38 -3.4e+38 -3.4e+38 -3.4e+38 -3.4e+38 -3.4e+38 -3.4e+38 -3.4e+38 -3.4e+38 -3.4e+38 -3.4e+38 -3.4e+38 -3.4e+38 -3.4e+38 -3.4e+38 -3.4e+38 -3.4e+38 28 28
-3.4e+38 -3.4e+38 -3.4e+38 -3.4e+38 -3.4e+38 -3.4e+38 -3.4e+38 -3.4e+38 19 20 24 24 30 27 25 24 27 27 22 21 21 21 19 -3.4e+38 -3.4e+38 -3.4e+38 -3.4e+38 -3.4e+38 -3.4e+38 -3.4e+38 22 26 33 29 23 27 34 37 46 53 41 45 57 58 51 50 47 43 38 32 26 -3.4e+38 -3.4e+38 -3.4e+38 -3.4e+38 -3.4e+38 -3.4e+38 -3.4e+38 -3.4e+38 -3.4e+38 -3.4e+38 -3.4e+38 -3.4e+38 -3.4e+38 -3.4e+38 -3.4e+38 -3.4e+38 -3.4e+38 -3.4e+38 -3.4e+38 -3.4e+38 -3.4e+38 -3.4e+38 29 28
-3.4e+38 -3.4e+38 -3.4e+38 -3.4e+38 -3.4e+38 -3.4e+38 -3.4e+38 -3.4e+38 19 20 24 28 35 31 25 25 23 22 25 21 21 20 -3.4e+38 -3.4e+38 -3.4e+38 -3.4e+38 -3.4e+38 -3.4e+38 -3.4e+38 19 20 24 28 24 22 24 30 33 37 54 50 47 58 57 54 51 49 42 38 30 24 -3.4e+38 -3.4e+38 -3.4e+38 24 27 24 25 25 26 27 -3.4e+38 -3.4e+38 -3.4e+38 -3.4e+38 -3.4e+38 -3.4e+38 -3.4e+38 -3.4e+38 -3.4e+38 -3.4e+38 -3.4e+38 -3.4e+38 29 29
-3.4e+38 -3.4e+38 -3.4e+38 -3.4e+38 -3.4e+38 -3.4e+38 -3.4e+38 -3.4e+38 20 20 23 24 21 31 30 31 24 21 23 20 22 20 -3.4e+38 -3.4e+38 -3.4e+38 -3.4e+38 -3.4e+38 -3.4e+38 -3.4e+38 -3.4e+38 20 21 22 23 25 24 28 31 32 40 41 45 46 65 58 53 41 34 30 26 24 24 24 25 26 27 26 26 27 27 27 26 -3.4e+38 -3.4e+38 -3.4e+38 -3.4e+38 -3.4e+38 -3.4e+38 -3.4e+38 -3.4e+38 -3.4e+38 -3.4e+38 -3.4e+38 29 30
-3.4e+38 -3.4e+38 -3.4e+38 -3.4e+38 -3.4e+38 -3.4e+38 -3.4e+38 -3.4e+38 18 20 21 20 20 24 26 26 22 19 19 19 18 18 18 -3.4e+38 -3.4e+38 -3.4e+38 -3.4e+38 -3.4e+38 -3.4e+38 18 19 20 22 23 25 27 28 35 31 35 35 39 44 56 54 54 46 38 30 26 25 24 26 26 26 29 27 27 29 27 27 26 26 -3.4e+38 -3.4e+38 -3.4e+38 -3.4e+38 -3.4e+38 -3.4e+38 -3.4e+38 -3.4e+38 -3.4e+38 -3.4e+38 -3.4e+38 31
-3.4e+38 -3.4e+38 -3.4e+38 -3.4e+38 -3.4e+38 -3.4e+38 -3.4e+38 -3.4e+38 18 19 18 20 23 22 23 28 24 24 19 20 19 18 17 -3.4e+38 -3.4e+38 -3.4e+38 -3.4e+38 -3.4e+38 -3.4e+38 18 21 22 22 22 25 27 27 28 31 33 36 33 31 54 55 53 50 41 34 31 30 26 29 26 28 31 31 27 27 27 26 26 26 -3.4e+38 -3.4e+38 -3.4e+38 -3.4e+38 -3.4e+38 -3.4e+38 -3.4e+38 -3.4e+38 -3.4e+38 -3.4e+38 -3.4e+38 31
-3.4e+38 -3.4e+38 -3.4e+38 -3.4e+38 -3.4e+38 -3.4e+38 -3.4e+38 -3.4e+38 18 18 18 20 20 22 30 27 21 20 19 18 18 19 17 -3.4e+38 -3.4e+38 -3.4e+38 -3.4e+38 -3.4e+38 -3.4e+38 18 20 21 20 21 24 24 25 27 30 30 30 28 31 44 53 54 52 45 40 40 30 28 28 28 28 31 27 27 27 27 27 26 26 26 -3.4e+38 -3.4e+38 -3.4e+38 -3.4e+38 -3.4e+38 -3.4e+38 -3.4e+38 -3.4e+38 -3.4e+38 -3.4e+38 31
-3.4e+38 -3.4e+38 -3.4e+38 -3.4e+38 -3.4e+38 -3.4e+38 -3.4e+38 -3.4e+38 17 17 18 18 20 21 23 25 26 20 18 17 17 18 17 -3.4e+38 -3.4e+38 -3.4e+38 -3.4e+38 -3.4e+38 -3.4e+38 18 19 19 19 21 23 24 24 26 28 28 26 26 30 38 42 54 48 44 42 38 32 26 25 28 26 28 27 28 27 27 27 26 26 26 -3.4e+38 -3.4e+38 -3.4e+38 -3.4e+38 -3.4e+38 -3.4e+38 -3.4e+38 -3.4e+38 -3.4e+38 30 32
-3.4e+38 -3.4e+38 -3.4e+38 -3.4e+38 -3.4e+38 -3.4e+38 -3.4e+38 -3.4e+38 -3.4e+38 17 17 17 19 19 20 25 25 19 18 19 18 17 17 -3.4e+38 -3.4e+38 -3.4e+38 -3.4e+38 -3.4e+38 -3.4e+38 18 19 20 20 21 22 24 24 24 26 25 24 26 28 38 55 56 47 45 44 45 32 30 25 25 25 26 26 28 26 27 26 26 26 -3.4e+38 -3.4e+38 -3.4e+38 -3.4e+38 -3.4e+38 -3.4e+38 -3.4e+38 -3.4e+38 -3.4e+38 -3.4e+38 30 31
-3.4e+38 -3.4e+38 -3.4e+38 -3.4e+38 -3.4e+38 -3.4e+38 -3.4e+38 -3.4e+38 -3.4e+38 17 17 17 18 19 21 22 21 19 20 19 18 17 17 -3.4e+38 -3.4e+38 -3.4e+38 -3.4e+38 -3.4e+38 -3.4e+38 18 20 21 22 21 24 24 24 24 23 22 24 26 30 40 62 71 48 45 41 38 35 32 24 24 24 24 24 23 23 26 25 26 25 -3.4e+38 -3.4e+38 -3.4e+38 -3.4e+38 -3.4e+38 -3.4e+38 -3.4e+38 -3.4e+38 -3.4e+38 -3.4e+38 29 31
-3.4e+38 -3.4e+38 -3.4e+38 -3.4e+38 -3.4e+38 -3.4e+38 -3.4e+38 -3.4e+38 -3.4e+38 -3.4e+38 17 19 19 21 21 21 22 21 20 19 19 17 17 -3.4e+38 -3.4e+38 -3.4e+38 -3.4e+38 -3.4e+38 -3.4e+38 18 20 20 22 22 22 21 21 22 22 22 27 27 34 40 49 71 57 41 37 35 28 30 29 31 24 25 23 24 23 24 25 25 -3.4e+38 -3.4e+38 -3.4e+38 -3.4e+38 -3.4e+38 -3.4e+38 -3.4e+38 -3.4e+38 -3.4e+38 -3.4e+38 29 30 31
-3.4e+38 -3.4e+38 -3.4e+38 -3.4e+38 -3.4e+38 -3.4e+38 -3.4e+38 -3.4e+38 -3.4e+38 -3.4e+38 -3.4e+38 19 24 21 31 20 23 21 20 19 17 17 17 -3.4e+38 -3.4e+38 -3.4e+38 -3.4e+38 -3.4e+38 18 18 20 21 22 21 22 21 22 22 22 22 27 31 32 37 47 54 49 44 44 43 31 42 40 41 29 31 28 26 23 23 24 25 -3.4e+38 -3.4e+38 -3.4e+38 -3.4e+38 -3.4e+38 -3.4e+38 -3.4e+38 -3.4e+38 -3.4e+38 -3.4e+38 30 31 31
