data/bioclim/bFFP1.asc
NCOLS 391 
NROWS 575 
XLLCORNER -1773000 
YLLCORNER 4368000 
CELLSIZE 1000 
NODATA_value -3.4e+38 
[rows 330 to 362 of 575, columns 225 to 299 of 391]
83 84 85 84 88 81 85 83 77 85 75 80 76 74 72 72 69 70 61 58 58 58 55 53 -3.4e+38 -3.4e+38 56 57 56 57 57 59 61 61 73 73 72 72 84 92 85 87 79 80 105 104 104 108 109 108 103 94 89 87 84 79 75 71 74 72 71 67 -3.4e+38 -3.4e+38 64 68 71 71 71 70 75 81 90 79 80
84 84 87 88 88 86 90 89 81 82 84 81 77 76 74 76 77 72 65 57 55 54 55 53 -3.4e+38 -3.4e+38 54 55 58 58 58 62 61 67 69 74 78 75 79 88 102 97 94 92 88 101 104 107 110 110 103 94 91 88 93 79 76 75 75 71 71 66 62 -3.4e+38 -3.4e+38 67 67 67 69 66 69 71 80 81 85
84 84 86 88 88 92 94 87 88 82 78 90 85 79 71 66 69 66 62 61 59 58 55 -3.4e+38 -3.4e+38 -3.4e+38 56 57 57 68 71 68 69 74 75 79 82 81 86 104 109 109 102 100 109 109 104 107 107 101 94 88 93 84 79 77 76 73 69 66 66 64 64 -3.4e+38 -3.4e+38 -3.4e+38 68 68 65 70 75 82 90 88 85
84 84 85 92 105 108 99 94 88 87 80 84 88 85 70 67 64 63 62 60 58 57 54 -3.4e+38 -3.4e+38 -3.4e+38 -3.4e+38 58 61 70 81 73 65 75 76 83 82 83 94 102 107 109 108 102 110 114 103 104 102 107 103 93 86 83 84 77 74 74 72 71 66 67 67 -3.4e+38 -3.4e+38 -3.4e+38 64 64 66 69 78 85 99 107 95
84 86 87 89 105 111 97 89 91 84 92 87 83 80 80 70 65 59 61 57 57 57 52 -3.4e+38 -3.4e+38 -3.4e+38 -3.4e+38 57 59 65 79 81 72 73 75 73 82 85 86 88 97 116 118 108 108 100 93 88 102 102 102 97 87 84 79 74 74 70 70 73 70 71 67 63 61 63 65 65 66 71 75 80 90 99 106
87 90 88 90 102 108 100 90 91 84 90 84 77 79 73 67 67 67 57 54 52 53 51 -3.4e+38 -3.4e+38 -3.4e+38 -3.4e+38 55 57 64 73 77 77 71 80 80 80 85 90 91 102 109 114 111 103 97 93 84 85 87 92 93 79 74 78 73 69 69 66 66 69 66 63 71 69 66 61 63 67 70 73 76 81 93 102
87 91 95 92 100 104 89 77 91 88 83 81 82 74 73 73 62 62 60 58 56 53 50 -3.4e+38 -3.4e+38 -3.4e+38 52 55 58 70 83 83 82 73 86 86 83 88 88 94 106 119 119 110 106 96 88 83 84 79 79 83 83 78 74 78 74 70 66 66 62 70 66 70 71 65 70 67 66 71 75 70 79 93 95
87 87 88 89 95 97 87 79 84 84 83 87 88 79 68 68 72 63 63 59 56 53 50 -3.4e+38 -3.4e+38 -3.4e+38 53 56 62 66 70 80 90 80 89 92 88 90 91 94 106 109 117 114 101 92 91 88 79 91 72 73 69 75 73 69 66 74 73 65 66 67 68 72 70 68 60 64 -3.4e+38 68 69 75 76 88 98
87 86 88 89 91 90 81 79 74 80 78 78 79 76 83 76 73 68 58 55 55 49 49 -3.4e+38 -3.4e+38 -3.4e+38 52 54 56 65 84 81 86 84 93 89 89 97 84 94 96 101 108 120 112 96 97 92 89 90 92 88 85 72 69 69 76 75 73 70 71 69 68 68 71 65 62 60 -3.4e+38 62 67 70 74 81 86
85 85 89 87 85 85 72 73 69 78 80 73 84 81 93 83 69 68 58 52 52 49 49 -3.4e+38 -3.4e+38 -3.4e+38 52 54 56 59 72 88 90 90 97 102 94 87 82 91 94 90 110 106 110 109 108 108 91 88 92 87 80 82 77 80 78 73 70 71 70 69 65 65 63 62 61 60 -3.4e+38 -3.4e+38 65 69 74 80 85
83 80 82 83 83 78 73 74 67 71 77 77 71 73 69 71 63 63 57 52 51 50 50 -3.4e+38 -3.4e+38 -3.4e+38 50 55 55 69 79 81 82 92 101 90 83 80 87 87 83 99 101 105 110 121 114 106 107 94 89 75 88 87 82 73 70 72 69 66 66 68 68 65 69 73 66 60 -3.4e+38 -3.4e+38 -3.4e+38 69 74 75 83
80 78 78 82 70 75 72 69 70 67 75 80 83 74 67 68 60 59 55 54 51 50 50 -3.4e+38 -3.4e+38 51 53 55 58 69 86 91 88 96 100 91 84 77 79 87 78 78 95 103 109 110 123 109 99 91 85 78 78 87 84 78 80 77 72 73 70 70 68 68 71 72 64 60 -3.4e+38 -3.4e+38 -3.4e+38 -3.4e+38 71 74 77
78 76 79 77 69 70 70 64 65 64 65 84 72 71 67 57 69 60 57 53 50 -3.4e+38 -3.4e+38 -3.4e+38 -3.4e+38 52 55 55 58 68 87 90 95 90 92 82 78 77 72 82 74 85 81 95 117 119 124 105 94 87 87 80 92 92 80 79 87 81 76 73 71 69 68 68 68 64 60 60 -3.4e+38 -3.4e+38 -3.4e+38 -3.4e+38 68 71 73
78 76 80 73 68 65 68 64 63 57 59 74 67 65 66 59 60 57 51 49 47 -3.4e+38 -3.4e+38 -3.4e+38 50 52 54 55 62 67 80 84 85 85 93 83 79 75 77 77 72 82 94 98 107 110 119 108 93 96 91 92 91 92 79 82 89 95 77 74 75 68 64 64 64 64 60 -3.4e+38 -3.4e+38 -3.4e+38 -3.4e+38 -3.4e+38 -3.4e+38 71 73
77 79 73 69 65 65 62 60 60 65 62 58 58 57 65 59 55 51 51 49 46 -3.4e+38 -3.4e+38 49 50 51 55 55 65 80 87 93 81 79 82 86 81 78 71 70 72 72 82 98 94 102 110 117 103 101 97 103 101 101 85 86 90 94 86 84 69 63 65 63 60 57 59 -3.4e+38 -3.4e+38 -3.4e+38 -3.4e+38 -3.4e+38 -3.4e+38 69 73
75 77 74 65 62 63 64 59 57 59 65 55 55 54 55 60 55 52 52 50 46 -3.4e+38 46 49 52 55 60 63 73 79 83 89 81 74 77 78 79 70 65 67 66 66 86 85 102 110 110 115 115 104 96 105 101 102 92 94 97 90 84 86 72 66 63 61 59 57 -3.4e+38 -3.4e+38 -3.4e+38 -3.4e+38 -3.4e+38 -3.4e+38 -3.4e+38 68 71
72 81 76 64 61 59 62 59 61 57 61 55 56 53 51 54 55 50 52 49 -3.4e+38 -3.4e+38 48 52 52 55 58 71 80 89 90 96 86 80 71 74 76 75 66 64 66 65 76 96 96 100 109 118 108 110 105 105 107 105 96 107 101 96 88 72 68 67 63 62 59 -3.4e+38 -3.4e+38 -3.4e+38 -3.4e+38 -3.4e+38 -3.4e+38 -3.4e+38 -3.4e+38 -3.4e+38 67
66 74 76 69 64 59 58 58 58 53 54 54 51 53 51 49 49 48 51 45 45 -3.4e+38 51 51 52 55 58 68 81 83 89 98 75 71 69 65 65 69 67 65 63 64 86 84 102 100 113 118 112 99 104 111 110 105 108 106 105 93 85 77 71 67 63 60 57 -3.4e+38 -3.4e+38 -3.4e+38 -3.4e+38 -3.4e+38 -3.4e+38 -3.4e+38 -3.4e+38 -3.4e+38 67
63 66 69 68 63 57 55 56 58 58 48 48 47 48 51 49 46 45 49 48 44 -3.4e+38 51 50 51 54 65 68 81 98 102 84 80 76 74 75 67 63 66 61 66 75 86 105 114 105 108 112 99 93 100 110 111 109 107 104 105 98 86 86 74 67 64 60 57 -3.4e+38 -3.4e+38 -3.4e+38 -3.4e+38 -3.4e+38 -3.4e+38 -3.4e+38 -3.4e+38 64 67
66 62 61 60 58 58 57 54 53 54 58 57 56 48 47 46 49 49 49 44 48 46 53 52 50 53 57 72 75 87 98 85 79 75 69 76 71 63 56 62 64 68 83 90 113 110 109 93 88 85 94 110 104 99 104 103 101 95 95 87 74 66 63 61 -3.4e+38 -3.4e+38 -3.4e+38 -3.4e+38 -3.4e+38 -3.4e+38 -3.4e+38 -3.4e+38 -3.4e+38 63 63
63 75 63 58 56 55 56 55 56 56 53 52 48 52 47 48 48 50 49 50 44 46 53 52 57 61 55 71 72 84 91 81 67 66 69 74 65 61 59 64 65 71 73 108 111 115 109 95 91 91 81 99 97 91 91 95 92 86 89 91 81 70 63 60 -3.4e+38 -3.4e+38 -3.4e+38 -3.4e+38 -3.4e+38 -3.4e+38 -3.4e+38 -3.4e+38 -3.4e+38 60 62
66 64 63 61 56 55 52 53 53 58 57 54 45 52 48 48 44 49 48 48 42 49 54 53 60 58 53 62 61 70 68 70 74 64 68 77 68 65 54 64 66 76 90 109 115 115 110 101 99 84 81 86 88 88 79 88 96 81 72 73 81 68 63 58 57 -3.4e+38 -3.4e+38 -3.4e+38 -3.4e+38 -3.4e+38 -3.4e+38 -3.4e+38 60 64 69
73 63 62 56 56 54 51 52 53 63 57 56 48 45 47 48 45 48 45 48 53 53 50 56 56 55 48 52 64 65 65 73 73 60 69 68 67 61 60 64 66 71 95 108 108 105 115 97 90 96 89 79 79 86 78 87 95 85 85 77 66 63 61 57 57 -3.4e+38 -3.4e+38 -3.4e+38 -3.4e+38 -3.4e+38 -3.4e+38 -3.4e+38 65 67 69
79 74 65 59 62 53 52 51 52 57 50 48 46 45 44 57 55 53 47 47 49 49 49 49 55 48 48 47 57 57 54 73 73 61 56 64 61 53 62 63 58 68 72 94 109 120 106 95 84 90 89 81 72 69 71 80 82 75 76 65 66 65 62 60 58 -3.4e+38 -3.4e+38 -3.4e+38 -3.4e+38 -3.4e+38 -3.4e+38 -3.4e+38 -3.4e+38 65 68
72 61 59 55 57 56 54 51 55 53 55 57 54 55 55 56 52 55 53 43 44 43 54 43 46 46 50 46 47 48 54 78 65 56 58 57 58 52 61 63 63 63 69 104 104 117 111 98 95 101 87 83 80 75 79 77 73 71 66 70 63 61 61 61 58 -3.4e+38 -3.4e+38 -3.4e+38 -3.4e+38 -3.4e+38 -3.4e+38 -3.4e+38 -3.4e+38 63 66
81 63 54 52 56 56 51 54 55 59 57 56 55 57 60 58 54 54 54 44 48 47 48 44 47 46 51 58 61 52 44 60 58 51 47 52 54 55 60 56 63 63 82 89 99 106 115 114 108 108 90 85 81 85 76 68 68 67 70 70 67 66 65 60 57 -3.4e+38 -3.4e+38 -3.4e+38 -3.4e+38 -3.4e+38 -3.4e+38 -3.4e+38 -3.4e+38 -3.4e+38 68
70 59 52 52 51 51 50 56 56 56 56 55 54 64 65 60 54 45 44 46 45 45 50 50 48 48 51 70 66 58 56 44 49 50 55 52 61 58 62 64 62 64 78 93 94 106 111 115 113 105 95 88 86 92 76 75 75 75 73 71 70 67 65 61 60 -3.4e+38 -3.4e+38 -3.4e+38 -3.4e+38 -3.4e+38 -3.4e+38 -3.4e+38 -3.4e+38 -3.4e+38 -3.4e+38
55 52 52 51 50 51 48 48 51 53 55 55 54 54 70 51 45 43 45 45 -3.4e+38 -3.4e+38 -3.4e+38 48 49 54 58 74 72 71 56 56 56 59 67 56 65 58 58 62 62 66 78 89 90 95 108 105 110 105 102 98 93 86 88 83 75 72 67 70 70 66 65 61 -3.4e+38 -3.4e+38 -3.4e+38 -3.4e+38 -3.4e+38 -3.4e+38 -3.4e+38 -3.4e+38 -3.4e+38 65 66
59 53 48 49 48 49 48 49 50 51 51 55 49 57 65 54 48 43 43 43 -3.4e+38 -3.4e+38 -3.4e+38 48 50 51 55 69 68 76 66 63 67 78 60 55 67 64 62 63 64 72 88 100 93 93 100 105 104 114 105 97 90 85 91 79 77 74 72 67 67 65 65 61 -3.4e+38 -3.4e+38 -3.4e+38 -3.4e+38 -3.4e+38 -3.4e+38 -3.4e+38 -3.4e+38 -3.4e+38 66 67
61 55 52 46 46 46 48 46 46 46 46 49 51 49 51 52 48 45 42 42 -3.4e+38 -3.4e+38 -3.4e+38 47 47 50 53 65 83 80 81 71 81 72 67 54 52 61 59 63 61 88 89 95 99 95 94 98 104 104 105 100 86 85 79 80 71 69 72 69 65 64 62 60 -3.4e+38 -3.4e+38 -3.4e+38 -3.4e+38 -3.4e+38 -3.4e+38 60 -3.4e+38 65 67 70
66 60 52 49 46 45 46 46 47 45 45 48 57 52 51 46 53 46 43 45 -3.4e+38 -3.4e+38 -3.4e+38 -3.4e+38 46 48 49 68 83 83 77 86 87 87 67 57 61 66 65 67 89 100 89 94 94 94 95 85 87 98 97 95 90 85 79 78 80 70 67 67 64 61 60 -3.4e+38 -3.4e+38 -3.4e+38 -3.4e+38 -3.4e+38 -3.4e+38 58 60 61 67 75 82
71 57 52 47 46 45 44 44 45 44 44 47 48 49 49 45 47 43 46 46 -3.4e+38 -3.4e+38 45 46 47 46 54 60 68 83 83 85 102 92 72 71 66 58 66 66 78 95 105 97 99 100 98 79 88 90 88 89 95 82 80 85 82 73 66 64 64 63 60 -3.4e+38 -3.4e+38 -3.4e+38 -3.4e+38 -3.4e+38 -3.4e+38 60 62 66 67 73 84
66 71 51 48 46 47 44 43 43 42 45 45 44 42 42 43 43 45 44 -3.4e+38 -3.4e+38 45 47 47 51 52 50 54 60 70 68 75 82 85 71 69 70 61 65 71 78 90 102 97 105 96 94 88 79 79 80 84 85 90 85 76 79 79 74 67 64 63 -3.4e+38 -3.4e+38 -3.4e+38 -3.4e+38 -3.4e+38 -3.4e+38 -3.4e+38 -3.4e+38 61 64 71 71 75
