data/bioclim/CMD1.asc
NCOLS 391 
NROWS 575 
XLLCORNER -1773000 
YLLCORNER 4368000 
CELLSIZE 1000 
NODATA_value -3.4e+38 
[rows 320 to 351 of 575, columns 142 to 212 of 391]
730 719 925 964 928 990 1049 1111 1090 1060 1048 1014 1048 1112 1134 1180 1236 1237 1187 1194 1210 1227 1222 1216 -3.4e+38 -3.4e+38 -3.4e+38 1205 1104 1129 1078 1051 1103 1121 1115 1164 1275 1292 1229 1208 1231 1244 1288 1241 -3.4e+38 -3.4e+38 -3.4e+38 -3.4e+38 -3.4e+38 -3.4e+38 -3.4e+38 -3.4e+38 -3.4e+38 1190 1179 1155 1142 1132 1136 1170 1137 1122 1073 1036 997 984 936 917 871 1017 -3.4e+38
791 926 947 982 923 1028 1047 1055 1112 1131 1155 1117 1088 1176 1175 1117 1157 1243 1237 1192 1195 1252 1239 -3.4e+38 -3.4e+38 -3.4e+38 -3.4e+38 1208 1158 1117 1101 998 1102 1169 1198 1225 1283 1284 1219 1231 1231 1249 1299 1263 -3.4e+38 -3.4e+38 -3.4e+38 -3.4e+38 -3.4e+38 -3.4e+38 -3.4e+38 -3.4e+38 -3.4e+38 1206 1179 1149 1147 1091 1088 1144 1136 1098 1043 1036 1038 1028 874 827 939 1012 -3.4e+38
859 931 981 989 923 1057 1089 1103 1100 1070 1153 1172 1185 1212 1210 1184 1208 1254 1187 1185 1193 1219 1244 1239 -3.4e+38 -3.4e+38 -3.4e+38 1208 1143 1139 1082 1077 1133 1166 1227 1231 1282 1260 1153 1229 1243 1235 1295 -3.4e+38 -3.4e+38 -3.4e+38 -3.4e+38 -3.4e+38 -3.4e+38 -3.4e+38 -3.4e+38 -3.4e+38 -3.4e+38 1192 1190 1157 1141 1109 1098 1090 1088 1085 1070 980 930 902 807 811 941 1018 -3.4e+38
782 835 977 990 1069 1101 1100 1156 1100 987 1000 1091 1138 1168 1177 1238 1249 1261 1181 1145 1181 1226 1249 1240 -3.4e+38 -3.4e+38 -3.4e+38 1210 1139 1086 1103 1122 1149 1162 1201 1239 1276 1299 1252 1287 1287 1294 1238 -3.4e+38 -3.4e+38 -3.4e+38 -3.4e+38 -3.4e+38 -3.4e+38 -3.4e+38 -3.4e+38 -3.4e+38 -3.4e+38 1158 1197 1179 1161 1143 1101 1111 1087 1035 1026 986 878 841 751 810 883 995 -3.4e+38
806 941 1009 1034 1079 1091 1121 1157 1135 1063 978 1046 1165 1185 1172 1148 1178 1228 1171 1187 1170 1202 1238 1240 -3.4e+38 1242 -3.4e+38 -3.4e+38 1182 1113 1102 1132 1164 1193 1209 1265 1270 -3.4e+38 -3.4e+38 1292 1284 -3.4e+38 -3.4e+38 -3.4e+38 -3.4e+38 -3.4e+38 -3.4e+38 -3.4e+38 -3.4e+38 -3.4e+38 -3.4e+38 -3.4e+38 -3.4e+38 1173 1149 1134 1152 1157 1144 1123 1102 1084 1022 980 932 803 638 762 942 983 1025
883 962 1029 1034 1059 1090 1094 1143 1172 1090 1034 1090 1106 1162 1215 1202 1241 1276 1172 1215 1167 1241 1239 1249 -3.4e+38 1219 1206 1216 1176 1138 1138 1132 1172 1210 1245 1263 -3.4e+38 -3.4e+38 -3.4e+38 -3.4e+38 -3.4e+38 -3.4e+38 -3.4e+38 -3.4e+38 -3.4e+38 -3.4e+38 -3.4e+38 -3.4e+38 -3.4e+38 -3.4e+38 -3.4e+38 -3.4e+38 -3.4e+38 -3.4e+38 1150 1151 1147 1103 1145 1100 1058 1041 1025 947 915 691 612 829 860 928 1008
1024 1027 1034 1090 1102 1092 1057 1073 1176 1088 1053 1105 1081 1079 1174 1206 1172 1226 1181 1184 1232 1249 1252 1231 1221 1214 1204 1197 1192 1152 1145 1201 1194 1227 1254 -3.4e+38 -3.4e+38 -3.4e+38 -3.4e+38 -3.4e+38 -3.4e+38 -3.4e+38 -3.4e+38 -3.4e+38 -3.4e+38 -3.4e+38 -3.4e+38 -3.4e+38 -3.4e+38 -3.4e+38 -3.4e+38 -3.4e+38 -3.4e+38 -3.4e+38 1163 1146 1107 1099 1095 1097 1093 1064 1039 939 878 734 631 678 759 818 942
1096 1077 1086 1085 1096 1094 1112 1112 1083 1155 1142 1102 1104 1068 1127 1170 1170 1255 1177 1172 1239 1246 1279 1239 1237 1213 1199 1162 1183 1192 1188 1188 1238 1248 -3.4e+38 -3.4e+38 -3.4e+38 -3.4e+38 -3.4e+38 -3.4e+38 -3.4e+38 -3.4e+38 -3.4e+38 -3.4e+38 -3.4e+38 -3.4e+38 -3.4e+38 -3.4e+38 -3.4e+38 -3.4e+38 -3.4e+38 -3.4e+38 -3.4e+38 -3.4e+38 1176 1144 1141 1095 1093 1109 1086 1070 1017 988 920 835 628 660 761 846 950
1095 1088 1088 1083 1145 1094 1152 1162 1188 1148 1191 1158 1106 1047 1064 1136 1216 1272 1229 1196 1234 1242 1252 1239 1243 1231 1197 1188 1191 1189 1176 1185 1205 -3.4e+38 -3.4e+38 -3.4e+38 -3.4e+38 -3.4e+38 -3.4e+38 -3.4e+38 -3.4e+38 -3.4e+38 -3.4e+38 -3.4e+38 -3.4e+38 -3.4e+38 1230 1196 1182 1190 1190 1189 1189 -3.4e+38 1182 1163 1138 1144 1119 1096 1102 1076 1049 1021 980 886 717 737 876 941 1005
1097 1109 1122 1139 1146 1138 1150 1150 1150 1209 1153 1153 1162 1103 1109 1125 1168 1268 1245 1225 1209 1262 1246 1263 1260 1235 1224 1201 1190 1189 1177 1238 -3.4e+38 -3.4e+38 -3.4e+38 -3.4e+38 -3.4e+38 -3.4e+38 -3.4e+38 -3.4e+38 -3.4e+38 -3.4e+38 -3.4e+38 -3.4e+38 -3.4e+38 -3.4e+38 1223 1225 1182 1201 1197 1193 1202 1193 -3.4e+38 1171 1163 1135 1137 1119 1086 1095 1063 1019 979 923 871 905 905 956 997
1049 1036 1026 916 1155 1171 1194 1204 1209 1199 1208 1213 1180 1158 1164 1151 1167 1285 1263 1231 1179 1262 1280 1269 1242 1194 1219 1197 1228 1231 1218 -3.4e+38 -3.4e+38 -3.4e+38 -3.4e+38 -3.4e+38 -3.4e+38 -3.4e+38 -3.4e+38 -3.4e+38 -3.4e+38 -3.4e+38 -3.4e+38 -3.4e+38 1245 1246 1244 1227 1221 1221 1221 1205 1181 1181 -3.4e+38 -3.4e+38 1153 1148 1120 1139 1119 1095 985 934 879 905 936 954 992 1019 995
963 967 928 945 1086 1136 1149 1149 1208 1199 1221 1228 1211 -3.4e+38 1165 1182 1223 1286 1242 1251 1243 1246 1226 1239 1179 1153 1208 1227 1235 1245 -3.4e+38 -3.4e+38 -3.4e+38 -3.4e+38 -3.4e+38 -3.4e+38 -3.4e+38 -3.4e+38 -3.4e+38 -3.4e+38 -3.4e+38 -3.4e+38 1272 1265 1260 1233 1220 1175 1209 1206 1211 1199 1167 1176 -3.4e+38 -3.4e+38 1163 1131 1130 1139 1104 1081 1024 980 918 834 924 977 1004 1059 1039
965 963 971 960 915 1019 1061 1052 1148 1155 1151 1200 1170 -3.4e+38 1213 1219 1225 1265 1285 1284 1282 1264 1236 1184 1143 1146 1191 1221 1237 -3.4e+38 -3.4e+38 -3.4e+38 -3.4e+38 -3.4e+38 -3.4e+38 -3.4e+38 -3.4e+38 -3.4e+38 -3.4e+38 -3.4e+38 -3.4e+38 1268 1253 1251 1222 1208 1170 1164 1188 1192 1192 1174 1182 1174 1155 -3.4e+38 1162 1161 1128 1140 1127 926 1034 1021 975 834 870 989 1077 1095 1075
922 996 1040 958 814 848 875 940 1096 1127 1152 1214 -3.4e+38 -3.4e+38 -3.4e+38 1221 1223 1253 -3.4e+38 -3.4e+38 1282 1232 1215 1199 1142 1143 1189 1198 1234 -3.4e+38 -3.4e+38 -3.4e+38 -3.4e+38 -3.4e+38 -3.4e+38 -3.4e+38 -3.4e+38 -3.4e+38 -3.4e+38 -3.4e+38 -3.4e+38 1237 1213 1165 1166 1171 1160 1159 1167 1173 1168 1175 1171 1165 -3.4e+38 -3.4e+38 -3.4e+38 1172 1174 1135 1127 1059 1043 1024 1012 928 984 1026 1083 1109 1090
1077 1049 1079 1035 908 918 971 892 1011 1094 1104 1207 -3.4e+38 -3.4e+38 -3.4e+38 -3.4e+38 -3.4e+38 -3.4e+38 -3.4e+38 -3.4e+38 1281 1245 1232 1190 1160 1140 1161 1217 1236 -3.4e+38 -3.4e+38 -3.4e+38 -3.4e+38 -3.4e+38 -3.4e+38 -3.4e+38 -3.4e+38 -3.4e+38 -3.4e+38 -3.4e+38 -3.4e+38 1219 1208 1156 1198 1161 1159 1127 1143 1155 1155 1170 1170 -3.4e+38 -3.4e+38 -3.4e+38 -3.4e+38 1167 1162 1146 1125 1075 1039 1046 1001 928 1026 1028 1070 1108 1119
1105 1101 1067 1011 985 908 965 972 1001 1085 1088 1183 -3.4e+38 -3.4e+38 -3.4e+38 -3.4e+38 -3.4e+38 -3.4e+38 -3.4e+38 -3.4e+38 1284 1268 1233 1197 1182 1151 1185 1224 1233 1271 -3.4e+38 -3.4e+38 -3.4e+38 -3.4e+38 -3.4e+38 -3.4e+38 -3.4e+38 -3.4e+38 -3.4e+38 -3.4e+38 -3.4e+38 1205 1217 1207 1198 1171 1135 1137 1122 1147 1166 1175 -3.4e+38 -3.4e+38 -3.4e+38 -3.4e+38 -3.4e+38 1167 1170 1151 1111 1076 1062 990 1020 925 1022 1083 1079 1114 -3.4e+38
1017 1069 1110 963 1006 1069 1089 970 1032 1096 1211 1256 1265 -3.4e+38 -3.4e+38 -3.4e+38 -3.4e+38 -3.4e+38 -3.4e+38 -3.4e+38 1285 1279 1230 1198 1137 1130 1161 1198 1244 1270 -3.4e+38 -3.4e+38 -3.4e+38 -3.4e+38 -3.4e+38 -3.4e+38 -3.4e+38 -3.4e+38 -3.4e+38 -3.4e+38 1208 1150 1146 1165 1184 1144 1106 1108 1142 1161 1161 1181 -3.4e+38 -3.4e+38 -3.4e+38 -3.4e+38 -3.4e+38 -3.4e+38 1169 1141 1109 1063 1075 1083 1017 994 977 1093 1130 1136 -3.4e+38
960 975 1106 1013 1080 1023 1024 1026 1027 1148 1188 1190 1239 1265 -3.4e+38 -3.4e+38 -3.4e+38 -3.4e+38 -3.4e+38 -3.4e+38 1278 1260 1238 1233 1117 1126 1125 1186 1244 1267 1292 -3.4e+38 -3.4e+38 -3.4e+38 -3.4e+38 -3.4e+38 -3.4e+38 -3.4e+38 -3.4e+38 1222 1204 1146 1073 1147 1151 1096 1089 1091 1155 1162 1172 1184 -3.4e+38 -3.4e+38 -3.4e+38 -3.4e+38 -3.4e+38 -3.4e+38 1167 1141 1121 1111 1108 1110 1062 975 1021 1096 1116 -3.4e+38 -3.4e+38
960 964 1085 1084 1193 1124 1112 1140 1155 1189 1126 1098 1205 1280 -3.4e+38 -3.4e+38 -3.4e+38 -3.4e+38 -3.4e+38 -3.4e+38 1278 1269 1270 1255 1217 1191 1229 1225 1282 1288 1294 1298 1300 -3.4e+38 1251 1247 -3.4e+38 -3.4e+38 -3.4e+38 1197 1137 1161 1124 1100 1139 1138 1149 1097 1104 1153 1170 -3.4e+38 1207 -3.4e+38 -3.4e+38 -3.4e+38 -3.4e+38 -3.4e+38 1164 1136 1119 1110 1114 1065 1060 977 1038 1103 1115 -3.4e+38 -3.4e+38
1067 1012 966 1048 1075 1208 975 1081 1151 1152 1080 1199 1213 1285 1265 -3.4e+38 -3.4e+38 -3.4e+38 -3.4e+38 -3.4e+38 1287 1278 1280 1291 1282 1277 1278 1270 1280 1294 1296 1262 1296 1256 1244 1228 -3.4e+38 -3.4e+38 1221 1193 1157 1087 1126 1128 1142 1138 1136 1072 1135 1146 1194 1197 1194 -3.4e+38 -3.4e+38 -3.4e+38 -3.4e+38 -3.4e+38 1176 1159 1157 1118 1100 1060 1064 989 1066 1069 1119 -3.4e+38 -3.4e+38
1131 1133 990 1018 1073 1164 1083 1122 1192 1198 1201 1243 1238 1265 1260 1251 -3.4e+38 -3.4e+38 -3.4e+38 -3.4e+38 1303 1298 1279 1291 1296 1273 1263 1235 1280 1281 1263 1280 1245 1225 1237 -3.4e+38 -3.4e+38 -3.4e+38 1205 1164 1085 1141 1138 1151 1151 1137 1120 1101 1119 1142 1187 1182 1187 -3.4e+38 -3.4e+38 -3.4e+38 -3.4e+38 -3.4e+38 -3.4e+38 -3.4e+38 1153 1114 1101 1059 1004 932 1054 1110 1117 -3.4e+38 1156
1041 1130 1080 1074 1072 1105 1215 1195 1234 1216 1198 1193 1237 1256 1258 -3.4e+38 -3.4e+38 -3.4e+38 -3.4e+38 1298 1278 1269 1269 1269 1272 1218 1227 1238 1252 1237 1231 1245 1234 1193 1214 1239 -3.4e+38 -3.4e+38 1188 1144 1133 1132 1141 1142 1155 1141 1135 1135 1126 1152 1187 1180 1164 -3.4e+38 -3.4e+38 -3.4e+38 -3.4e+38 -3.4e+38 1164 1147 1114 1125 1091 1069 928 994 1064 1111 1114 1127 1157
1127 1169 1155 1071 1128 1109 1187 1227 1249 1249 1234 1249 1234 1251 -3.4e+38 -3.4e+38 -3.4e+38 -3.4e+38 1274 1275 1244 1226 1173 1217 1245 1224 1209 1211 1194 1217 1204 1233 1157 1171 1111 1134 1235 1212 1184 1130 1123 1147 1139 1142 1143 1160 1133 1138 1136 1149 1159 1188 1198 -3.4e+38 -3.4e+38 -3.4e+38 -3.4e+38 -3.4e+38 1161 1135 1141 1115 1102 1049 976 964 1064 1104 1127 1111 1118
1094 1147 1123 1120 1126 1127 1148 1189 1186 1231 -3.4e+38 1253 1249 1274 -3.4e+38 -3.4e+38 -3.4e+38 -3.4e+38 1273 1268 1237 1204 1172 1187 1162 1116 1134 1174 1134 1113 1181 1232 1204 1148 1111 1135 1211 1168 1141 1182 1137 1167 1142 1133 1139 1174 1174 1150 1147 1138 1198 1186 1208 -3.4e+38 -3.4e+38 -3.4e+38 -3.4e+38 -3.4e+38 1154 1155 1127 1113 1105 1032 954 972 1093 1061 1135 1159 1117
1125 1087 1199 1124 1134 1138 1176 1204 1187 1232 -3.4e+38 1277 1254 -3.4e+38 -3.4e+38 -3.4e+38 -3.4e+38 1266 1267 1220 1183 1132 1159 1117 1100 1070 1036 1127 1046 1104 1174 1181 1184 1087 1118 1134 1181 1198 1132 1123 1177 1142 1127 1136 1165 1185 1162 1135 1182 1180 1187 1174 1215 -3.4e+38 -3.4e+38 -3.4e+38 -3.4e+38 -3.4e+38 1148 1151 1149 1147 1106 1064 973 931 1075 1141 1158 1159 1081
1119 1120 1120 1190 1201 1109 1213 1216 1239 1208 -3.4e+38 1246 1265 -3.4e+38 -3.4e+38 -3.4e+38 1261 1241 1219 1168 1130 1133 1070 1020 923 988 1034 1104 1041 1171 1059 1045 1048 1109 1124 1149 1170 1175 1182 1121 1124 1111 1131 1140 1129 1176 1182 1177 1134 1203 1211 1195 1224 -3.4e+38 -3.4e+38 -3.4e+38 -3.4e+38 -3.4e+38 1161 1150 1149 1145 1079 1060 998 1053 1142 1142 1157 1110 1081
1138 1120 1121 1128 1192 1179 1184 1171 1240 1232 -3.4e+38 -3.4e+38 -3.4e+38 -3.4e+38 -3.4e+38 1245 1193 1160 1160 1163 1200 1167 1092 985 923 1006 1039 1102 1032 1154 1028 1001 983 1051 1112 1146 1173 1163 1115 1118 1069 1108 1127 1141 1162 1174 1177 1197 1134 1179 1210 1225 1191 1194 -3.4e+38 -3.4e+38 -3.4e+38 -3.4e+38 1166 1151 1167 1106 1072 1057 973 1057 1141 1150 1157 1155 1114
1172 1104 1173 1142 1191 1235 1235 1192 1207 1274 -3.4e+38 1299 1290 1299 1239 1200 1207 1158 1053 1092 1068 1156 1068 952 919 954 1054 1088 1119 1135 1028 920 1009 1048 1112 1125 1161 1138 1115 1056 1060 1077 1121 1141 1161 1180 1181 1180 1199 1220 1227 1225 -3.4e+38 -3.4e+38 -3.4e+38 -3.4e+38 -3.4e+38 -3.4e+38 1161 1178 1161 1147 1104 1101 1056 1046 1131 1144 1171 1107 1069
1178 1176 1171 1121 1131 1191 1223 1259 1244 -3.4e+38 1251 1244 1246 1243 1191 1126 1107 1148 1146 981 1079 1165 1082 1044 998 983 1040 1033 1056 1112 1060 987 1048 1095 1112 1096 1074 1118 1135 1110 999 1045 1122 1134 1158 1180 1193 1213 1190 1231 -3.4e+38 -3.4e+38 -3.4e+38 -3.4e+38 -3.4e+38 -3.4e+38 -3.4e+38 -3.4e+38 1185 1186 1173 1145 1124 1098 1061 1096 1142 1164 1185 1173 1070
1121 1170 1207 1098 1191 1200 1222 1279 1241 1282 1238 1241 1243 1235 1188 1197 1165 1006 1030 976 1024 1083 1090 1076 1009 919 988 924 1016 1057 989 1003 1050 1049 1112 1044 986 1018 1111 1115 1072 1013 1114 1064 1122 1188 1198 1213 1203 1213 -3.4e+38 -3.4e+38 -3.4e+38 -3.4e+38 -3.4e+38 -3.4e+38 -3.4e+38 -3.4e+38 -3.4e+38 1183 1152 1147 1044 1047 1106 1132 1141 1181 1191 1181 1145
1184 1228 1172 1153 1184 1225 1232 1279 -3.4e+38 1268 1281 1219 1209 1141 1086 1077 1167 1043 965 917 1024 1037 1050 1094 979 920 980 1058 1042 1011 1043 1046 1049 1020 1021 1003 956 1037 1132 1062 998 1053 1071 1082 1119 1121 1164 1204 1191 1198 -3.4e+38 -3.4e+38 -3.4e+38 -3.4e+38 -3.4e+38 -3.4e+38 -3.4e+38 -3.4e+38 -3.4e+38 1141 1140 1098 1013 987 1088 1133 1171 1179 1192 1152 1169
1171 1163 1203 1196 1174 1164 1236 -3.4e+38 1266 1237 1228 1199 1146 1126 1092 1092 1166 1069 1041 902 967 940 982 980 889 952 998 959 927 1011 989 986 1009 992 1009 959 1043 1115 1132 1109 1102 1099 1040 1020 1032 1106 1140 1182 1195 1176 1226 -3.4e+38 -3.4e+38 -3.4e+38 -3.4e+38 -3.4e+38 -3.4e+38 -3.4e+38 1157 1140 1135 1092 983 887 1017 1128 1141 1168 1170 1151 1061
