data/bioclim/CMD1.asc
NCOLS 391 
NROWS 575 
XLLCORNER -1773000 
YLLCORNER 4368000 
CELLSIZE 1000 
NODATA_value -3.4e+38 
[rows 416 to 447 of 575, columns 213 to 283 of 391]
1260 1236 -3.4e+38 -3.4e+38 -3.4e+38 -3.4e+38 1208 1142 1196 1237 1166 1131 1166 1218 1270 1318 1322 1368 1434 1426 -3.4e+38 -3.4e+38 -3.4e+38 -3.4e+38 -3.4e+38 -3.4e+38 1454 1446 1354 1210 1030 1079 986 1030 1092 1183 1271 1289 1238 1288 1332 1345 1343 -3.4e+38 -3.4e+38 -3.4e+38 1379 1302 1208 1253 1209 1213 1286 1233 1218 1263 1156 994 1024 1094 1049 1147 1245 1124 1094 1024 1050 1137 -3.4e+38 -3.4e+38 -3.4e+38
-3.4e+38 -3.4e+38 -3.4e+38 -3.4e+38 -3.4e+38 -3.4e+38 1222 1198 1195 1113 1054 1064 1100 1146 1298 1212 1242 1299 1415 1447 -3.4e+38 -3.4e+38 -3.4e+38 -3.4e+38 -3.4e+38 -3.4e+38 1443 1346 1260 1144 1046 1066 1078 1081 1027 1108 1267 1296 1313 1323 1342 1352 -3.4e+38 -3.4e+38 -3.4e+38 -3.4e+38 -3.4e+38 1253 1304 1319 1324 1286 1255 1234 1205 1186 1103 1035 990 1075 1004 1090 1189 1213 1166 944 1021 1147 -3.4e+38 -3.4e+38 -3.4e+38
-3.4e+38 -3.4e+38 -3.4e+38 -3.4e+38 1287 1213 1207 1245 1197 1128 1144 1153 1132 1265 1243 1176 1207 1299 1380 1424 -3.4e+38 -3.4e+38 -3.4e+38 -3.4e+38 -3.4e+38 1430 1292 1219 1145 1139 1030 1067 1023 1141 1155 1135 1200 1283 1348 1339 -3.4e+38 -3.4e+38 -3.4e+38 -3.4e+38 -3.4e+38 -3.4e+38 1350 1319 1303 1246 1254 1272 1290 1255 1159 1106 1036 990 931 1002 1129 1192 1217 1218 1160 1122 -3.4e+38 -3.4e+38 -3.4e+38 -3.4e+38 -3.4e+38
-3.4e+38 -3.4e+38 -3.4e+38 -3.4e+38 1304 1268 1250 1250 1142 1144 1198 1204 1142 1215 1204 1055 1266 1260 1360 1409 -3.4e+38 -3.4e+38 -3.4e+38 -3.4e+38 -3.4e+38 1423 1290 1247 1169 1152 1095 1064 1041 1044 1182 1203 1204 1292 1340 1366 -3.4e+38 -3.4e+38 -3.4e+38 -3.4e+38 -3.4e+38 -3.4e+38 1347 1265 1240 1240 1228 1255 1163 1124 1158 1018 882 904 1005 1055 1170 1170 1212 -3.4e+38 -3.4e+38 -3.4e+38 -3.4e+38 -3.4e+38 -3.4e+38 -3.4e+38 -3.4e+38
-3.4e+38 -3.4e+38 -3.4e+38 -3.4e+38 -3.4e+38 -3.4e+38 1251 1252 1231 1240 1241 1210 1140 1209 1209 1157 1156 1310 1397 1440 -3.4e+38 -3.4e+38 -3.4e+38 -3.4e+38 -3.4e+38 1427 1300 1284 1162 1123 1120 1113 1154 1208 1158 1204 1316 1332 1358 -3.4e+38 -3.4e+38 -3.4e+38 -3.4e+38 -3.4e+38 -3.4e+38 -3.4e+38 1344 1287 1283 1239 1204 1200 1168 1056 1036 888 833 947 1014 1121 1110 1174 1222 -3.4e+38 -3.4e+38 -3.4e+38 -3.4e+38 -3.4e+38 -3.4e+38 -3.4e+38 -3.4e+38
-3.4e+38 -3.4e+38 -3.4e+38 1304 1295 -3.4e+38 1288 1252 1278 1250 1225 1166 1199 1153 1149 1199 1269 1365 1393 1454 -3.4e+38 -3.4e+38 -3.4e+38 -3.4e+38 -3.4e+38 1437 1288 1209 1184 1170 1051 1063 1120 1201 1204 1187 1214 1280 -3.4e+38 -3.4e+38 -3.4e+38 -3.4e+38 -3.4e+38 -3.4e+38 -3.4e+38 -3.4e+38 1345 1345 1295 1249 1211 1103 1047 1044 982 786 822 872 1020 1081 1111 1171 1178 -3.4e+38 -3.4e+38 -3.4e+38 -3.4e+38 -3.4e+38 -3.4e+38 -3.4e+38 -3.4e+38
-3.4e+38 -3.4e+38 -3.4e+38 1267 1297 1303 1316 1305 1256 1195 1183 1137 1087 1042 1140 1255 1268 1354 1308 1416 -3.4e+38 -3.4e+38 -3.4e+38 -3.4e+38 -3.4e+38 1433 1289 1318 1266 1093 1074 1016 1071 1159 1176 1250 1276 1333 -3.4e+38 -3.4e+38 -3.4e+38 -3.4e+38 -3.4e+38 -3.4e+38 -3.4e+38 -3.4e+38 1355 1351 1220 1152 1061 950 975 961 942 794 804 917 1018 1088 1111 1201 1133 1181 -3.4e+38 -3.4e+38 -3.4e+38 -3.4e+38 -3.4e+38 -3.4e+38 -3.4e+38
-3.4e+38 -3.4e+38 -3.4e+38 1317 1300 1302 1296 1294 1191 1139 1122 1134 1019 956 1088 1138 1246 1276 1352 1356 -3.4e+38 -3.4e+38 -3.4e+38 -3.4e+38 -3.4e+38 1433 1341 1301 1318 1257 1156 1111 1059 1111 1212 1263 1327 1349 -3.4e+38 -3.4e+38 -3.4e+38 -3.4e+38 -3.4e+38 -3.4e+38 -3.4e+38 -3.4e+38 1352 1297 1222 1097 988 814 836 959 840 739 828 1002 1105 1113 1137 1113 1077 1165 -3.4e+38 -3.4e+38 -3.4e+38 -3.4e+38 -3.4e+38 -3.4e+38 -3.4e+38
-3.4e+38 -3.4e+38 -3.4e+38 -3.4e+38 1310 1244 1250 1211 1193 1151 1123 1091 968 937 1044 1119 1157 1239 1350 1403 1398 -3.4e+38 -3.4e+38 -3.4e+38 -3.4e+38 1433 1397 1396 1358 1339 1254 1121 1082 1104 1213 1286 1335 1353 -3.4e+38 -3.4e+38 -3.4e+38 -3.4e+38 -3.4e+38 -3.4e+38 -3.4e+38 -3.4e+38 1341 1297 1219 1086 1009 895 778 848 833 921 966 983 1042 1074 1163 1104 992 1075 1134 -3.4e+38 -3.4e+38 -3.4e+38 -3.4e+38 -3.4e+38 -3.4e+38
-3.4e+38 -3.4e+38 -3.4e+38 1307 1298 1300 1249 1248 1224 1194 1120 1083 950 889 1049 1204 1214 1224 1252 1402 1435 -3.4e+38 -3.4e+38 -3.4e+38 -3.4e+38 1384 1393 1391 1313 1179 1143 1159 1111 1167 1207 1257 1323 -3.4e+38 -3.4e+38 -3.4e+38 -3.4e+38 -3.4e+38 -3.4e+38 -3.4e+38 -3.4e+38 -3.4e+38 1304 1281 1279 1191 1108 873 794 695 802 918 930 1016 1068 1115 1120 1075 993 1038 1131 -3.4e+38 -3.4e+38 -3.4e+38 -3.4e+38 -3.4e+38 -3.4e+38
-3.4e+38 1309 1306 1287 1198 1197 1248 1245 1196 1098 1078 823 948 1030 1079 1204 1281 1342 1395 1311 1348 1410 -3.4e+38 -3.4e+38 -3.4e+38 1386 1340 1303 1235 1173 1110 1127 1182 1168 1222 1277 1327 -3.4e+38 -3.4e+38 -3.4e+38 -3.4e+38 -3.4e+38 -3.4e+38 -3.4e+38 -3.4e+38 1344 1309 1288 1174 1077 979 847 798 729 782 801 897 1014 1073 1085 1086 1017 1118 1097 1166 -3.4e+38 -3.4e+38 -3.4e+38 -3.4e+38 -3.4e+38 -3.4e+38
1297 1248 1206 1203 1142 1176 1246 1225 1137 1077 949 915 1017 1083 1129 1190 1237 1331 1351 1246 1255 1432 -3.4e+38 -3.4e+38 -3.4e+38 1421 1354 1276 1211 1109 1107 1152 1158 1169 1240 1321 1369 -3.4e+38 -3.4e+38 -3.4e+38 -3.4e+38 -3.4e+38 -3.4e+38 -3.4e+38 1379 1322 1246 1181 1055 1015 928 852 735 730 749 809 829 971 1073 950 970 1112 1133 1114 1152 -3.4e+38 -3.4e+38 -3.4e+38 -3.4e+38 -3.4e+38 -3.4e+38
1246 1241 1144 1121 1119 1207 1217 1179 1144 1089 1043 1087 1125 1128 1195 1188 1257 1324 1342 1309 1341 1430 -3.4e+38 -3.4e+38 -3.4e+38 1432 1394 1392 1342 1207 1101 1141 1219 1255 1297 1322 1376 -3.4e+38 -3.4e+38 -3.4e+38 -3.4e+38 -3.4e+38 -3.4e+38 -3.4e+38 1368 1330 1280 1099 1034 870 848 769 772 688 792 827 914 1010 1009 919 996 1050 1111 1160 1155 -3.4e+38 -3.4e+38 -3.4e+38 -3.4e+38 -3.4e+38 -3.4e+38
1278 1141 1120 1118 1070 1143 1188 1170 1141 1134 1122 1144 1165 1178 1208 1244 1236 1254 1348 1392 1387 1430 -3.4e+38 -3.4e+38 1461 1435 1342 1279 1295 1143 1156 1166 1233 1247 1261 1318 1361 -3.4e+38 -3.4e+38 -3.4e+38 -3.4e+38 -3.4e+38 -3.4e+38 1373 1331 1314 1229 1099 977 983 860 834 741 821 925 910 909 915 933 885 968 1051 1092 1158 1175 -3.4e+38 -3.4e+38 -3.4e+38 -3.4e+38 -3.4e+38 -3.4e+38
1210 1187 1170 1150 1133 1082 1042 1140 1146 1130 1156 1172 1180 1244 1247 1221 1208 1244 1297 1344 1348 1407 -3.4e+38 -3.4e+38 1395 1247 1267 1253 1211 1183 1154 1196 1204 1220 1260 1319 1352 1390 -3.4e+38 -3.4e+38 -3.4e+38 -3.4e+38 -3.4e+38 1358 1324 1276 1278 1180 1149 957 912 777 810 875 948 922 898 962 1010 916 1065 1079 1152 1175 1215 -3.4e+38 -3.4e+38 -3.4e+38 -3.4e+38 -3.4e+38 -3.4e+38
1239 1230 1197 1187 1150 987 1037 1063 1143 1179 1195 1188 1164 1260 1274 1237 1240 1284 1296 1331 1336 1434 -3.4e+38 1465 1421 1333 1340 1340 1244 1293 1228 1182 1203 1156 1237 1298 1361 1399 -3.4e+38 -3.4e+38 -3.4e+38 -3.4e+38 -3.4e+38 1370 1323 1265 1263 1126 1094 1065 895 853 941 1029 970 948 895 859 1021 1101 1100 1098 1149 1206 1161 -3.4e+38 -3.4e+38 -3.4e+38 -3.4e+38 -3.4e+38 -3.4e+38
1245 1222 1223 1178 1148 1007 1038 1057 1191 1062 1163 1203 1171 1242 1290 1276 1313 1335 1397 1341 1384 -3.4e+38 1432 1481 1442 1418 1381 1339 1337 1318 1308 1247 1204 1235 1265 1294 1315 1367 1417 -3.4e+38 -3.4e+38 -3.4e+38 -3.4e+38 1305 1272 1285 1229 1215 1172 1094 1067 1042 1084 1060 972 944 905 1007 1020 1009 1097 1150 1105 1131 1162 -3.4e+38 -3.4e+38 -3.4e+38 -3.4e+38 -3.4e+38 -3.4e+38
1266 1216 1193 1181 1184 1124 1153 1076 1233 1127 1112 1232 1222 1241 1316 1340 1345 1397 -3.4e+38 -3.4e+38 -3.4e+38 1433 1476 1478 1442 1432 1401 1378 1369 1342 1272 1212 1165 1082 1159 1260 1312 1364 1414 -3.4e+38 -3.4e+38 -3.4e+38 1367 1333 1322 1311 1278 1272 1224 1178 1170 1132 1086 972 935 945 895 956 960 1005 1120 1123 1095 1064 1159 -3.4e+38 -3.4e+38 -3.4e+38 -3.4e+38 -3.4e+38 -3.4e+38
1241 1226 1203 1282 1251 1231 1224 1241 1231 1198 1079 1251 1244 1314 1337 1366 1393 1437 -3.4e+38 1389 1386 1384 1477 1483 1433 1287 1353 1367 1386 1380 1329 1212 1221 1167 1205 1218 1310 1364 -3.4e+38 -3.4e+38 -3.4e+38 -3.4e+38 1374 1359 1348 1307 1252 1214 1175 1173 1125 1099 1022 935 890 1034 956 1005 954 973 1061 1054 -3.4e+38 -3.4e+38 -3.4e+38 -3.4e+38 -3.4e+38 -3.4e+38 -3.4e+38 -3.4e+38 -3.4e+38
1234 1196 1258 1282 1297 1223 1223 1280 1207 1128 1229 1277 1284 1230 1290 1395 -3.4e+38 -3.4e+38 -3.4e+38 1404 1431 1488 1381 1420 1308 1277 1349 1381 1385 1400 1371 1257 1284 1262 1207 1338 1375 1418 -3.4e+38 -3.4e+38 -3.4e+38 1387 1364 1320 1262 1295 1219 1188 1186 1174 1169 1120 1001 952 961 1023 1015 1037 999 1006 1027 -3.4e+38 -3.4e+38 -3.4e+38 -3.4e+38 -3.4e+38 -3.4e+38 -3.4e+38 -3.4e+38 -3.4e+38 -3.4e+38
1282 1258 1284 1285 -3.4e+38 1296 1306 1271 1195 1265 1273 1279 1279 1249 1375 -3.4e+38 -3.4e+38 -3.4e+38 1445 1450 1441 1440 1409 1348 1381 1334 1350 1380 1394 1430 1396 1290 1299 1297 1275 1376 1408 -3.4e+38 -3.4e+38 -3.4e+38 -3.4e+38 1364 1353 1312 1209 1147 1169 1219 1211 1214 1171 1168 1127 1055 964 1077 1041 1003 911 1003 1024 -3.4e+38 -3.4e+38 -3.4e+38 -3.4e+38 -3.4e+38 -3.4e+38 -3.4e+38 -3.4e+38 -3.4e+38 -3.4e+38
1310 1320 1330 1336 -3.4e+38 -3.4e+38 -3.4e+38 1291 1193 1272 1228 1285 1283 1255 -3.4e+38 -3.4e+38 -3.4e+38 -3.4e+38 1417 1432 1445 1438 1457 1350 1366 1333 1348 1385 1435 1391 1424 1356 1273 1399 1385 1374 1376 1409 1353 1398 1358 1339 1327 1301 1256 1199 1219 1252 1180 1212 1205 1214 1131 1169 1127 1127 1010 1036 975 1043 1053 -3.4e+38 -3.4e+38 -3.4e+38 -3.4e+38 -3.4e+38 -3.4e+38 -3.4e+38 -3.4e+38 -3.4e+38 -3.4e+38
1293 1321 1331 -3.4e+38 -3.4e+38 -3.4e+38 -3.4e+38 1290 1225 1281 1280 1312 1242 1381 1408 -3.4e+38 -3.4e+38 -3.4e+38 1363 1380 1374 1473 1474 1425 1423 1406 1381 1428 1442 1440 1423 1419 1396 1379 1413 1400 1411 1354 1354 1356 1357 1296 1259 1171 1252 1222 1236 1219 1194 1215 1219 1191 1165 1212 1193 1118 1081 1098 1081 1034 1087 -3.4e+38 -3.4e+38 -3.4e+38 -3.4e+38 -3.4e+38 -3.4e+38 -3.4e+38 -3.4e+38 -3.4e+38 -3.4e+38
1337 1335 1329 -3.4e+38 -3.4e+38 -3.4e+38 -3.4e+38 1323 1323 1281 1318 1313 1279 1328 1384 1383 1423 1419 1375 1368 1326 1469 1413 1358 1370 1406 1412 1435 1425 1357 1437 1321 1336 1256 1338 1399 1372 1351 1337 1353 1339 1257 1206 1257 1157 1148 1186 1198 1210 1257 1263 -3.4e+38 1230 1242 1259 1171 1126 1162 1080 1122 1158 -3.4e+38 -3.4e+38 -3.4e+38 -3.4e+38 -3.4e+38 -3.4e+38 -3.4e+38 -3.4e+38 -3.4e+38 -3.4e+38
-3.4e+38 -3.4e+38 -3.4e+38 -3.4e+38 -3.4e+38 -3.4e+38 -3.4e+38 -3.4e+38 1328 1327 1328 1312 1282 1257 1227 1242 1390 1395 1261 1346 1363 1485 1376 1358 1392 1376 1454 1434 1395 1374 1433 1247 1246 1247 1395 1398 1402 1401 1393 1350 1266 1257 1293 1290 1138 1158 1212 1204 1211 1232 -3.4e+38 -3.4e+38 -3.4e+38 -3.4e+38 -3.4e+38 1260 1204 1186 1158 1144 -3.4e+38 -3.4e+38 -3.4e+38 -3.4e+38 -3.4e+38 -3.4e+38 -3.4e+38 -3.4e+38 -3.4e+38 -3.4e+38 -3.4e+38
-3.4e+38 -3.4e+38 -3.4e+38 -3.4e+38 -3.4e+38 -3.4e+38 -3.4e+38 -3.4e+38 -3.4e+38 1315 1267 1313 1281 1281 1228 1267 1343 1336 1248 1312 1361 1372 1435 1359 1422 1369 1426 1440 1384 1290 1362 1264 1283 1298 1345 1330 1395 1348 1350 1377 1286 1250 1251 1258 1201 1220 1208 1217 1212 1260 -3.4e+38 -3.4e+38 -3.4e+38 -3.4e+38 -3.4e+38 -3.4e+38 1260 1257 1217 1181 -3.4e+38 -3.4e+38 -3.4e+38 -3.4e+38 -3.4e+38 -3.4e+38 -3.4e+38 -3.4e+38 -3.4e+38 -3.4e+38 -3.4e+38
-3.4e+38 -3.4e+38 -3.4e+38 -3.4e+38 -3.4e+38 -3.4e+38 -3.4e+38 -3.4e+38 1312 1285 1279 1276 1266 1278 1250 1266 1327 1289 1226 1295 1406 1425 1437 1384 1420 1430 1442 1378 1386 1288 1334 1239 1193 1206 1309 1304 1344 1352 1348 1227 1249 1233 1147 1201 1253 1255 1210 1209 1239 -3.4e+38 -3.4e+38 -3.4e+38 -3.4e+38 -3.4e+38 -3.4e+38 -3.4e+38 -3.4e+38 -3.4e+38 -3.4e+38 -3.4e+38 -3.4e+38 -3.4e+38 -3.4e+38 -3.4e+38 -3.4e+38 -3.4e+38 -3.4e+38 -3.4e+38 -3.4e+38 -3.4e+38 -3.4e+38
-3.4e+38 -3.4e+38 -3.4e+38 -3.4e+38 -3.4e+38 -3.4e+38 -3.4e+38 1324 1274 1225 1272 1273 1229 1229 1206 1278 1325 1245 1252 1318 1387 1430 1372 1406 1428 1422 1408 1328 1381 1345 1322 1245 1185 1091 1278 1212 1291 1257 1341 1296 1154 1198 1144 1083 1188 1215 1207 1255 -3.4e+38 -3.4e+38 -3.4e+38 -3.4e+38 -3.4e+38 -3.4e+38 -3.4e+38 -3.4e+38 -3.4e+38 -3.4e+38 -3.4e+38 -3.4e+38 -3.4e+38 -3.4e+38 -3.4e+38 -3.4e+38 -3.4e+38 -3.4e+38 -3.4e+38 -3.4e+38 -3.4e+38 -3.4e+38 -3.4e+38
-3.4e+38 -3.4e+38 -3.4e+38 -3.4e+38 -3.4e+38 -3.4e+38 -3.4e+38 1295 1276 1191 1238 1260 1226 1171 1139 1223 1271 1226 1270 1299 1334 1445 1458 1388 1470 1434 1380 1311 1365 1339 1323 1196 1087 1191 1284 1228 1117 1187 1343 1325 1238 1141 1093 1093 1201 1163 1240 1256 -3.4e+38 -3.4e+38 -3.4e+38 -3.4e+38 -3.4e+38 -3.4e+38 -3.4e+38 -3.4e+38 -3.4e+38 -3.4e+38 -3.4e+38 -3.4e+38 -3.4e+38 -3.4e+38 -3.4e+38 -3.4e+38 -3.4e+38 -3.4e+38 -3.4e+38 -3.4e+38 -3.4e+38 -3.4e+38 -3.4e+38
-3.4e+38 -3.4e+38 -3.4e+38 -3.4e+38 -3.4e+38 1321 1322 1310 1275 1266 1130 1194 1225 1173 1167 1177 1178 1193 1143 1268 1282 1373 1446 1485 1461 1389 1338 1328 1340 1297 1178 1082 1145 1177 1238 1203 1164 1194 1291 1319 1304 1097 1120 1131 1129 1103 1202 1252 -3.4e+38 -3.4e+38 -3.4e+38 -3.4e+38 -3.4e+38 -3.4e+38 -3.4e+38 -3.4e+38 -3.4e+38 -3.4e+38 -3.4e+38 -3.4e+38 -3.4e+38 -3.4e+38 -3.4e+38 -3.4e+38 -3.4e+38 -3.4e+38 -3.4e+38 -3.4e+38 -3.4e+38 -3.4e+38 -3.4e+38
-3.4e+38 -3.4e+38 -3.4e+38 -3.4e+38 1313 1319 1291 1220 1280 1228 1195 1122 1202 1174 1175 1166 1128 1170 1275 1273 1343 1375 1423 1484 1461 1328 1374 1341 1333 1280 1232 1141 1083 1115 1227 1186 1135 1195 1234 1304 1299 1229 1092 1090 1123 1152 1101 1244 -3.4e+38 -3.4e+38 -3.4e+38 -3.4e+38 -3.4e+38 -3.4e+38 -3.4e+38 -3.4e+38 -3.4e+38 -3.4e+38 -3.4e+38 -3.4e+38 -3.4e+38 -3.4e+38 -3.4e+38 -3.4e+38 -3.4e+38 -3.4e+38 -3.4e+38 -3.4e+38 -3.4e+38 -3.4e+38 -3.4e+38
-3.4e+38 -3.4e+38 -3.4e+38 1318 1313 1269 1269 1216 1215 1093 1068 1211 1193 1171 1172 1135 1072 1141 1223 1308 1376 1405 1435 1374 1419 1373 1374 1374 1352 1275 1223 1157 1082 1176 1167 1127 1130 1120 1209 1246 1282 1249 1091 1120 1110 1121 1164 1213 -3.4e+38 -3.4e+38 -3.4e+38 -3.4e+38 -3.4e+38 -3.4e+38 -3.4e+38 -3.4e+38 -3.4e+38 -3.4e+38 -3.4e+38 -3.4e+38 -3.4e+38 -3.4e+38 -3.4e+38 -3.4e+38 -3.4e+38 -3.4e+38 -3.4e+38 -3.4e+38 -3.4e+38 -3.4e+38 -3.4e+38
