data/bioclim/CMD1.asc
NCOLS 391 
NROWS 575 
XLLCORNER -1773000 
YLLCORNER 4368000 
CELLSIZE 1000 
NODATA_value -3.4e+38 
[rows 416 to 447 of 575, columns 142 to 212 of 391]
-3.4e+38 -3.4e+38 -3.4e+38 -3.4e+38 -3.4e+38 -3.4e+38 1419 1372 1240 1184 1199 1293 1281 1286 1273 1212 1234 1196 1150 1110 1091 925 911 1006 1119 1157 1161 1161 1161 1224 1246 1271 1229 1293 1324 -3.4e+38 -3.4e+38 -3.4e+38 1243 1236 1221 1103 1141 1087 1130 1183 1255 1289 1365 1465 1404 1426 -3.4e+38 -3.4e+38 -3.4e+38 -3.4e+38 -3.4e+38 -3.4e+38 -3.4e+38 -3.4e+38 -3.4e+38 -3.4e+38 -3.4e+38 -3.4e+38 -3.4e+38 1363 1321 1339 1304 1298 1308
-3.4e+38 -3.4e+38 -3.4e+38 -3.4e+38 -3.4e+38 1449 1380 1343 1303 1322 1304 1347 1337 1288 1317 1283 1237 1115 1069 1029 976 925 1027 1081 1028 1135 1157 1159 1161 1185 1210 1230 1211 1252 1312 1313 -3.4e+38 -3.4e+38 1282 1236 1225 1204 1153 1078 1114 1115 1259 1346 1389 1454 1422 1445 -3.4e+38 -3.4e+38 -3.4e+38 -3.4e+38 -3.4e+38 -3.4e+38 -3.4e+38 -3.4e+38 -3.4e+38 -3.4e+38 -3.4e+38 -3.4e+38 -3.4e+38 1380 -3.4e+38 1363 1354 -3.4e+38 -3.4e+38
-3.4e+38 -3.4e+38 -3.4e+38 -3.4e+38 -3.4e+38 1428 1426 1378 1396 1392 1388 1388 1350 1350 1287 1195 1122 1052 1066 1014 976 974 941 1032 901 1099 1118 1159 1180 1185 1161 1161 1189 1229 1295 1298 1330 -3.4e+38 1281 1238 1235 1220 1120 1053 1156 1235 1280 1302 1333 1364 1422 1452 -3.4e+38 -3.4e+38 -3.4e+38 -3.4e+38 -3.4e+38 -3.4e+38 -3.4e+38 -3.4e+38 -3.4e+38 -3.4e+38 -3.4e+38 -3.4e+38 -3.4e+38 -3.4e+38 -3.4e+38 -3.4e+38 -3.4e+38 -3.4e+38 -3.4e+38
-3.4e+38 -3.4e+38 -3.4e+38 -3.4e+38 -3.4e+38 1437 1426 1429 1433 1424 1425 1397 1362 1287 1286 1217 1201 1087 974 959 963 1016 953 1026 1036 1049 1102 1162 1135 1145 1156 1161 1170 1192 1225 1237 1319 -3.4e+38 1299 1271 1243 1188 1065 1115 1231 1298 1301 1292 1299 1350 1374 1449 -3.4e+38 -3.4e+38 -3.4e+38 -3.4e+38 -3.4e+38 -3.4e+38 -3.4e+38 -3.4e+38 -3.4e+38 -3.4e+38 -3.4e+38 -3.4e+38 -3.4e+38 -3.4e+38 -3.4e+38 -3.4e+38 -3.4e+38 -3.4e+38 -3.4e+38
-3.4e+38 -3.4e+38 -3.4e+38 -3.4e+38 -3.4e+38 1453 1430 1426 1396 1399 1397 1365 1325 1330 1261 1220 1199 1143 1015 1043 964 968 976 1056 1033 1047 1103 1131 1150 1160 1167 1163 1165 1193 1216 1244 1312 -3.4e+38 -3.4e+38 1277 1236 1154 1143 1170 1232 1262 1300 1344 1369 1415 1443 1453 -3.4e+38 -3.4e+38 -3.4e+38 -3.4e+38 -3.4e+38 -3.4e+38 -3.4e+38 -3.4e+38 -3.4e+38 -3.4e+38 -3.4e+38 -3.4e+38 -3.4e+38 -3.4e+38 -3.4e+38 -3.4e+38 -3.4e+38 -3.4e+38 -3.4e+38
-3.4e+38 -3.4e+38 -3.4e+38 -3.4e+38 -3.4e+38 1459 1428 1400 1418 1366 1329 1395 1361 1289 1279 1254 1214 1197 1160 1043 1022 1060 1030 1088 1094 957 1096 1156 1163 1163 1176 1178 1185 1178 1246 1299 1300 -3.4e+38 1273 1232 1180 1109 1175 1172 1201 1280 1319 1351 1354 1362 1406 1444 -3.4e+38 -3.4e+38 -3.4e+38 -3.4e+38 -3.4e+38 -3.4e+38 -3.4e+38 -3.4e+38 -3.4e+38 -3.4e+38 -3.4e+38 -3.4e+38 -3.4e+38 -3.4e+38 -3.4e+38 -3.4e+38 -3.4e+38 -3.4e+38 -3.4e+38
-3.4e+38 -3.4e+38 -3.4e+38 -3.4e+38 -3.4e+38 1471 1441 1449 1418 1397 1327 1333 1326 1320 1272 1223 1092 1089 1024 1044 1105 1090 1036 1077 1128 1040 1160 1162 1163 1164 1178 1188 1218 1228 1234 1261 1282 -3.4e+38 1274 1245 1187 1142 1119 1193 1233 1235 1305 1296 1355 1358 1407 1417 -3.4e+38 -3.4e+38 -3.4e+38 -3.4e+38 -3.4e+38 -3.4e+38 -3.4e+38 -3.4e+38 -3.4e+38 -3.4e+38 -3.4e+38 -3.4e+38 -3.4e+38 -3.4e+38 -3.4e+38 -3.4e+38 -3.4e+38 -3.4e+38 -3.4e+38
-3.4e+38 -3.4e+38 -3.4e+38 -3.4e+38 1471 1443 1466 1432 1405 1407 1325 1300 1225 1239 1180 1079 1082 1092 1134 1138 1172 1144 1074 1127 1155 1151 1121 1162 1174 1196 1218 1195 1218 1230 1232 1233 1275 1254 1233 1204 1168 1059 1161 1171 1232 1232 1293 1297 1341 1356 1409 1404 -3.4e+38 -3.4e+38 -3.4e+38 -3.4e+38 -3.4e+38 -3.4e+38 -3.4e+38 -3.4e+38 -3.4e+38 -3.4e+38 -3.4e+38 -3.4e+38 -3.4e+38 -3.4e+38 -3.4e+38 -3.4e+38 -3.4e+38 -3.4e+38 -3.4e+38
-3.4e+38 -3.4e+38 -3.4e+38 1478 1460 1446 1440 1455 1403 1384 1326 1259 1252 1150 1182 1133 1024 1091 1153 1163 1175 1121 1092 1173 1170 1186 1176 1226 1183 1204 1240 1215 1205 1221 1231 1233 1233 1222 1168 1125 1016 961 1048 1158 1213 1233 1247 1297 1349 1410 1413 1448 -3.4e+38 -3.4e+38 -3.4e+38 -3.4e+38 -3.4e+38 -3.4e+38 -3.4e+38 -3.4e+38 -3.4e+38 -3.4e+38 -3.4e+38 -3.4e+38 -3.4e+38 -3.4e+38 -3.4e+38 -3.4e+38 -3.4e+38 -3.4e+38 -3.4e+38
-3.4e+38 -3.4e+38 1481 1474 1457 1462 1446 1405 1365 1357 1357 1322 1184 1131 1157 1152 1130 1055 1155 1170 1172 1139 1155 1179 1210 1223 1224 1224 1213 1210 1229 1235 1196 1199 1231 1233 1233 1212 1178 1129 974 1044 1118 1192 1254 1228 1123 1263 1331 1353 1403 1442 -3.4e+38 -3.4e+38 -3.4e+38 -3.4e+38 -3.4e+38 -3.4e+38 -3.4e+38 -3.4e+38 -3.4e+38 -3.4e+38 -3.4e+38 -3.4e+38 -3.4e+38 -3.4e+38 -3.4e+38 -3.4e+38 -3.4e+38 -3.4e+38 -3.4e+38
-3.4e+38 -3.4e+38 1472 1473 1480 1460 1462 1459 1445 1356 1328 1366 1274 1166 1157 1160 1091 1118 1210 1219 1207 1181 1161 1196 1223 1224 1230 1233 1227 1227 1239 1207 1198 1201 1225 1215 1219 1201 1169 1122 977 957 1120 1183 1227 1276 1293 1296 1300 1348 1378 1443 -3.4e+38 -3.4e+38 -3.4e+38 -3.4e+38 -3.4e+38 -3.4e+38 -3.4e+38 -3.4e+38 -3.4e+38 -3.4e+38 -3.4e+38 -3.4e+38 -3.4e+38 -3.4e+38 -3.4e+38 -3.4e+38 -3.4e+38 -3.4e+38 -3.4e+38
-3.4e+38 -3.4e+38 1470 1451 1412 1483 1453 1394 1379 1393 1423 1324 1271 1056 1123 1115 1094 1155 1219 1228 1221 1220 1161 1210 1223 1225 1226 1225 1228 1240 1230 1207 1198 1219 1200 1183 1201 1178 1167 1124 1040 1101 1195 1248 1231 1235 1280 1292 1328 1346 1368 1420 -3.4e+38 -3.4e+38 -3.4e+38 -3.4e+38 -3.4e+38 -3.4e+38 -3.4e+38 -3.4e+38 -3.4e+38 -3.4e+38 -3.4e+38 -3.4e+38 -3.4e+38 -3.4e+38 -3.4e+38 -3.4e+38 -3.4e+38 -3.4e+38 1320
-3.4e+38 1465 1460 1440 1417 1430 1429 1424 1415 1408 1382 1308 1322 1178 1210 1184 1236 1209 1219 1231 1232 1219 1173 1222 1233 1224 1224 1245 1228 1234 1227 1212 1200 1225 1209 1182 1174 1167 1117 921 821 996 1133 1176 1231 1265 1288 1314 1387 1397 1392 1456 -3.4e+38 -3.4e+38 -3.4e+38 -3.4e+38 -3.4e+38 -3.4e+38 -3.4e+38 -3.4e+38 -3.4e+38 -3.4e+38 -3.4e+38 -3.4e+38 -3.4e+38 -3.4e+38 -3.4e+38 -3.4e+38 -3.4e+38 1341 1298
-3.4e+38 1468 1454 1440 1419 1400 1374 1323 1375 1378 1380 1365 1284 1288 1278 1202 1152 1210 1220 1245 1238 1222 1196 1225 1245 1257 1225 1261 1226 1229 1291 1212 1228 1228 1208 1173 1163 1143 1116 1068 813 984 1115 1169 1199 1240 1344 1344 1400 1396 1415 1449 -3.4e+38 -3.4e+38 -3.4e+38 -3.4e+38 -3.4e+38 -3.4e+38 -3.4e+38 -3.4e+38 -3.4e+38 -3.4e+38 -3.4e+38 -3.4e+38 -3.4e+38 -3.4e+38 -3.4e+38 -3.4e+38 -3.4e+38 1341 1308
-3.4e+38 1446 1434 1392 1370 1375 1328 1324 1196 1244 1272 1336 1322 1253 1221 1208 959 1140 1225 1244 1259 1250 1218 1218 1243 1243 1256 1282 1262 1261 1228 1226 1255 1182 1177 1203 1183 1166 1166 1067 937 978 1100 1228 1240 1280 1316 1353 1345 1379 1430 1442 -3.4e+38 -3.4e+38 -3.4e+38 -3.4e+38 -3.4e+38 -3.4e+38 -3.4e+38 -3.4e+38 -3.4e+38 -3.4e+38 -3.4e+38 -3.4e+38 -3.4e+38 -3.4e+38 -3.4e+38 -3.4e+38 -3.4e+38 -3.4e+38 1291
1463 1441 1427 1386 1388 1348 1308 1235 1215 1115 1102 1212 1219 1141 1029 1077 1168 1137 1217 1238 1261 1250 1226 1226 1247 1261 1285 1289 1296 1293 1236 1228 1274 1229 1176 1190 1181 1166 1165 1088 1008 1025 1170 1227 1237 1256 1339 1372 1292 1363 1406 1444 -3.4e+38 -3.4e+38 -3.4e+38 -3.4e+38 -3.4e+38 -3.4e+38 -3.4e+38 -3.4e+38 -3.4e+38 -3.4e+38 -3.4e+38 -3.4e+38 -3.4e+38 -3.4e+38 -3.4e+38 -3.4e+38 -3.4e+38 -3.4e+38 1304
1404 1386 1421 1379 1327 1308 1333 1293 1106 1066 1125 1166 1307 1132 1020 1155 1214 1200 1220 1240 1261 1276 1228 1229 1266 1257 1265 1262 1300 1297 1237 1262 1293 1229 1175 1186 1212 1187 1163 1019 1102 1160 1221 1222 1273 1310 1344 1343 1316 1391 1433 1435 -3.4e+38 -3.4e+38 -3.4e+38 -3.4e+38 -3.4e+38 -3.4e+38 -3.4e+38 -3.4e+38 -3.4e+38 -3.4e+38 -3.4e+38 -3.4e+38 -3.4e+38 -3.4e+38 -3.4e+38 -3.4e+38 -3.4e+38 1338 1291
-3.4e+38 1438 1436 1395 1330 1384 -3.4e+38 1316 1257 1162 1127 1136 1286 1236 1084 1167 1212 1220 1227 1252 1278 1274 1238 1241 1285 1228 1228 1263 1284 1296 1208 1256 1274 1229 1219 1204 1220 1162 1163 1016 999 1118 1226 1251 1278 1298 1338 1369 1338 1385 1385 1442 1433 -3.4e+38 -3.4e+38 -3.4e+38 -3.4e+38 -3.4e+38 -3.4e+38 -3.4e+38 -3.4e+38 -3.4e+38 -3.4e+38 -3.4e+38 -3.4e+38 -3.4e+38 -3.4e+38 -3.4e+38 -3.4e+38 1339 1290
-3.4e+38 -3.4e+38 -3.4e+38 1409 1403 -3.4e+38 -3.4e+38 -3.4e+38 1280 1278 1211 1134 1227 1258 1220 1192 1221 1230 1233 1221 1277 1278 1229 1259 1289 1235 1230 1235 1235 1285 1293 1282 1320 1253 1253 1225 1226 1225 1155 1100 963 981 1202 1291 1278 1339 1344 1329 1361 1385 1384 1417 1454 -3.4e+38 -3.4e+38 -3.4e+38 -3.4e+38 -3.4e+38 -3.4e+38 -3.4e+38 -3.4e+38 -3.4e+38 -3.4e+38 -3.4e+38 -3.4e+38 -3.4e+38 -3.4e+38 -3.4e+38 1339 1297 1290
-3.4e+38 -3.4e+38 -3.4e+38 -3.4e+38 -3.4e+38 -3.4e+38 -3.4e+38 -3.4e+38 1314 1288 1217 1169 1249 1219 1200 1220 1219 1223 1223 1221 1283 1298 1281 1284 1287 1269 1285 1235 1233 1295 1299 1318 1334 1253 1222 1222 1257 1231 1221 1123 1032 1189 1299 1281 1287 1337 1348 1338 1372 1380 1407 1414 1427 -3.4e+38 -3.4e+38 -3.4e+38 -3.4e+38 -3.4e+38 -3.4e+38 -3.4e+38 -3.4e+38 -3.4e+38 -3.4e+38 -3.4e+38 -3.4e+38 -3.4e+38 -3.4e+38 -3.4e+38 1333 1329 1293
-3.4e+38 -3.4e+38 1406 1403 1385 1370 -3.4e+38 1340 1295 1251 1195 1219 1212 1201 1204 1217 1219 1206 1216 1219 1257 1281 1269 1238 1284 1255 1290 1271 1285 1235 1255 1285 1334 1282 1226 1226 1256 1243 1184 991 1038 1206 1301 1271 1282 1303 1346 1357 1323 1378 1394 1415 1424 -3.4e+38 -3.4e+38 -3.4e+38 -3.4e+38 -3.4e+38 -3.4e+38 -3.4e+38 -3.4e+38 -3.4e+38 -3.4e+38 -3.4e+38 -3.4e+38 -3.4e+38 -3.4e+38 -3.4e+38 -3.4e+38 1333 1286
-3.4e+38 -3.4e+38 1410 1396 1322 1337 1329 1299 1281 1265 1202 1185 1185 1186 1202 1217 1222 1215 1209 1219 1277 1281 1281 1270 1279 1229 1279 1289 1285 1284 1235 1284 1307 1246 1287 1295 1285 1243 1222 1095 1122 1163 1283 1336 1332 1304 1326 1379 1327 1365 1396 1423 1417 -3.4e+38 -3.4e+38 -3.4e+38 -3.4e+38 -3.4e+38 -3.4e+38 -3.4e+38 -3.4e+38 -3.4e+38 -3.4e+38 -3.4e+38 -3.4e+38 -3.4e+38 -3.4e+38 -3.4e+38 -3.4e+38 1330 -3.4e+38
-3.4e+38 1400 1331 1371 1339 1327 1328 1316 1285 1253 1200 1109 1128 1159 1195 1215 1221 1243 1250 1218 1219 1251 1281 1304 1318 1246 1255 1190 1299 1287 1291 1294 1347 1287 1225 1276 1260 1232 1227 1205 1127 1106 1234 1352 1331 1335 1335 1381 1379 1380 1379 1425 -3.4e+38 -3.4e+38 -3.4e+38 -3.4e+38 -3.4e+38 -3.4e+38 -3.4e+38 -3.4e+38 -3.4e+38 -3.4e+38 -3.4e+38 -3.4e+38 -3.4e+38 -3.4e+38 -3.4e+38 -3.4e+38 -3.4e+38 -3.4e+38 1331
1414 1353 1363 1387 1367 1316 1303 1311 1294 1261 1240 1072 1157 1188 1197 1220 1158 1224 1241 1242 1250 1280 1280 1304 1276 1280 1290 1292 1320 1321 1237 1361 1345 1340 1284 1262 1298 1246 1272 1175 1202 1205 1300 1328 1355 1345 1335 1306 1373 1377 1376 1421 -3.4e+38 -3.4e+38 -3.4e+38 -3.4e+38 -3.4e+38 -3.4e+38 -3.4e+38 -3.4e+38 -3.4e+38 -3.4e+38 -3.4e+38 -3.4e+38 -3.4e+38 -3.4e+38 -3.4e+38 -3.4e+38 -3.4e+38 -3.4e+38 -3.4e+38
1407 1400 1395 1383 1346 1313 1311 1287 1277 1254 1212 1150 1121 1093 1194 1147 1134 1155 1154 1263 1281 1277 1278 1262 1328 1329 1333 1329 1330 1335 1324 1379 1359 1336 1221 1306 1284 1279 1278 1220 1219 1225 1281 1336 1371 1344 1386 1391 1375 1395 1391 1423 -3.4e+38 -3.4e+38 -3.4e+38 -3.4e+38 -3.4e+38 -3.4e+38 -3.4e+38 -3.4e+38 -3.4e+38 -3.4e+38 -3.4e+38 -3.4e+38 -3.4e+38 -3.4e+38 -3.4e+38 -3.4e+38 -3.4e+38 -3.4e+38 -3.4e+38
1361 1388 1392 1387 1363 1322 1296 1213 1260 1235 1220 1134 984 918 1144 1087 1037 1104 1228 1237 1275 1288 1308 1280 1329 1329 1380 1328 1324 1335 1380 1367 1335 1345 1277 1286 1281 1285 1250 1216 1161 1250 1165 1276 1333 1383 1383 1402 1374 1427 1394 1409 -3.4e+38 -3.4e+38 -3.4e+38 -3.4e+38 -3.4e+38 -3.4e+38 -3.4e+38 -3.4e+38 -3.4e+38 -3.4e+38 -3.4e+38 -3.4e+38 -3.4e+38 -3.4e+38 -3.4e+38 -3.4e+38 -3.4e+38 -3.4e+38 -3.4e+38
1398 1386 1353 1357 1361 1340 1305 1193 1171 1233 1215 1164 1054 943 1077 1084 1146 1151 1166 1217 1225 1243 1257 1302 1326 1328 1333 1382 1342 1368 1379 1283 1331 1367 1295 1303 1280 1266 1197 1111 1165 1165 1119 1299 1332 1360 1378 1349 1373 1425 1422 -3.4e+38 -3.4e+38 -3.4e+38 -3.4e+38 -3.4e+38 -3.4e+38 -3.4e+38 -3.4e+38 -3.4e+38 -3.4e+38 -3.4e+38 -3.4e+38 -3.4e+38 -3.4e+38 -3.4e+38 -3.4e+38 -3.4e+38 -3.4e+38 -3.4e+38 -3.4e+38
1375 1375 1367 1360 1355 1341 1304 1218 1157 1178 1126 976 1060 1043 1086 1121 1140 1157 1139 1209 1215 1243 1256 1250 1277 1286 1314 1388 1363 1392 1376 1328 1358 1347 1337 1342 1302 1286 1177 1115 1107 1169 1221 1281 1270 1320 1355 1378 1370 1390 1395 1413 -3.4e+38 -3.4e+38 -3.4e+38 -3.4e+38 -3.4e+38 -3.4e+38 -3.4e+38 -3.4e+38 -3.4e+38 -3.4e+38 -3.4e+38 -3.4e+38 -3.4e+38 -3.4e+38 -3.4e+38 -3.4e+38 -3.4e+38 -3.4e+38 -3.4e+38
1371 1374 1362 1350 1354 1350 1332 1245 1200 1034 929 920 1036 1087 1107 1150 1186 1150 1187 1203 1214 1269 1258 1231 1275 1270 1316 1326 1376 1378 1385 1333 1382 1359 1363 1316 1277 1170 1116 1158 1168 1115 1182 1283 1267 1268 1363 1369 1369 1425 1429 1434 -3.4e+38 -3.4e+38 -3.4e+38 -3.4e+38 -3.4e+38 -3.4e+38 -3.4e+38 -3.4e+38 -3.4e+38 -3.4e+38 -3.4e+38 -3.4e+38 -3.4e+38 -3.4e+38 -3.4e+38 -3.4e+38 -3.4e+38 -3.4e+38 -3.4e+38
1366 1369 1355 1347 1347 1334 1312 1257 1196 1043 838 931 1037 1086 1090 1141 1208 1150 1180 1181 1146 1179 1275 1276 1252 1281 1234 1320 1377 1415 1375 1384 1351 1330 1312 1333 1308 1253 1138 1152 1202 1206 1177 1280 1312 1342 1359 1378 1400 1411 1417 1401 -3.4e+38 -3.4e+38 -3.4e+38 -3.4e+38 -3.4e+38 -3.4e+38 -3.4e+38 -3.4e+38 -3.4e+38 -3.4e+38 -3.4e+38 -3.4e+38 -3.4e+38 -3.4e+38 -3.4e+38 -3.4e+38 -3.4e+38 -3.4e+38 -3.4e+38
1354 1336 1359 1350 1284 1337 1311 1271 1185 1086 951 1053 1090 1086 1153 1123 1147 1245 1223 1210 1204 1180 1276 1273 1272 1272 1295 1357 1374 1385 1330 1327 1299 1281 1185 1331 1323 1245 1226 1150 1194 1221 1268 1292 1366 1383 1378 1397 1399 1407 1411 1430 -3.4e+38 -3.4e+38 -3.4e+38 -3.4e+38 -3.4e+38 -3.4e+38 -3.4e+38 -3.4e+38 -3.4e+38 -3.4e+38 -3.4e+38 -3.4e+38 -3.4e+38 -3.4e+38 -3.4e+38 -3.4e+38 -3.4e+38 -3.4e+38 -3.4e+38
1328 1374 1361 1345 1332 1333 1284 1231 1218 1087 1089 1091 1095 1106 1117 1199 1126 1145 1206 1233 1147 1147 1256 1302 1326 1313 1317 1292 1356 1376 1330 1310 1286 1274 1241 1273 1279 1292 1270 1226 1273 1310 1321 1292 1314 1359 1371 1410 1414 1405 1404 1420 -3.4e+38 -3.4e+38 -3.4e+38 -3.4e+38 -3.4e+38 -3.4e+38 -3.4e+38 -3.4e+38 -3.4e+38 -3.4e+38 -3.4e+38 -3.4e+38 -3.4e+38 -3.4e+38 -3.4e+38 -3.4e+38 -3.4e+38 -3.4e+38 -3.4e+38
