data/bioclim/DD_01.asc
NCOLS 391 
NROWS 575 
XLLCORNER -1773000 
YLLCORNER 4368000 
CELLSIZE 1000 
NODATA_value -3.4e+38 
[rows 408 to 441 of 575, columns 225 to 299 of 391]
7 7 7 7 7 7 7 6 7 -3.4e+38 -3.4e+38 -3.4e+38 -3.4e+38 6 7 6 6 6 -3.4e+38 -3.4e+38 6 7 10 10 10 10 10 10 11 11 12 16 13 13 13 12 12 13 13 13 13 13 16 17 21 18 20 18 17 17 23 21 20 20 21 28 29 36 41 52 42 45 34 33 -3.4e+38 -3.4e+38 -3.4e+38 -3.4e+38 -3.4e+38 -3.4e+38 -3.4e+38 -3.4e+38 -3.4e+38 -3.4e+38 -3.4e+38
7 6 7 6 6 6 6 6 6 -3.4e+38 -3.4e+38 -3.4e+38 -3.4e+38 -3.4e+38 -3.4e+38 -3.4e+38 -3.4e+38 -3.4e+38 -3.4e+38 6 7 7 11 12 13 11 11 11 14 16 12 12 12 13 11 11 11 10 13 13 15 14 15 16 17 18 15 15 13 13 20 23 24 17 21 24 36 36 46 45 38 35 33 -3.4e+38 -3.4e+38 -3.4e+38 -3.4e+38 -3.4e+38 -3.4e+38 -3.4e+38 -3.4e+38 -3.4e+38 -3.4e+38 -3.4e+38 -3.4e+38
7 7 7 6 7 7 7 7 6 -3.4e+38 -3.4e+38 -3.4e+38 -3.4e+38 -3.4e+38 -3.4e+38 -3.4e+38 -3.4e+38 -3.4e+38 -3.4e+38 6 8 7 11 12 12 12 11 12 12 13 13 11 12 10 11 11 10 13 14 15 15 15 17 17 14 18 12 11 11 12 17 21 18 15 21 24 35 44 44 36 29 32 32 -3.4e+38 -3.4e+38 -3.4e+38 -3.4e+38 -3.4e+38 -3.4e+38 -3.4e+38 -3.4e+38 -3.4e+38 -3.4e+38 -3.4e+38 -3.4e+38
7 8 9 7 7 7 7 6 -3.4e+38 -3.4e+38 -3.4e+38 -3.4e+38 -3.4e+38 -3.4e+38 -3.4e+38 -3.4e+38 -3.4e+38 -3.4e+38 6 7 10 12 11 12 12 13 13 14 12 11 11 11 10 11 10 9 10 13 14 15 15 17 20 15 12 11 10 13 13 12 15 18 16 16 21 24 39 37 38 32 29 29 -3.4e+38 -3.4e+38 -3.4e+38 -3.4e+38 -3.4e+38 -3.4e+38 -3.4e+38 -3.4e+38 -3.4e+38 -3.4e+38 -3.4e+38 -3.4e+38 -3.4e+38
7 8 9 8 7 7 7 6 -3.4e+38 -3.4e+38 -3.4e+38 -3.4e+38 -3.4e+38 -3.4e+38 -3.4e+38 -3.4e+38 -3.4e+38 7 8 10 11 13 12 12 12 13 14 12 11 10 11 11 11 10 9 9 9 11 13 13 16 17 13 11 11 11 12 12 18 12 14 13 13 17 34 40 39 36 29 33 26 28 -3.4e+38 -3.4e+38 -3.4e+38 -3.4e+38 -3.4e+38 -3.4e+38 -3.4e+38 -3.4e+38 -3.4e+38 -3.4e+38 -3.4e+38 -3.4e+38 -3.4e+38
7 8 9 7 7 7 7 6 -3.4e+38 -3.4e+38 -3.4e+38 -3.4e+38 -3.4e+38 -3.4e+38 -3.4e+38 -3.4e+38 6 8 10 12 17 12 12 12 12 12 12 10 10 9 10 11 11 10 9 8 9 12 15 15 15 11 11 10 11 11 12 15 21 15 13 15 24 28 31 42 36 32 29 31 -3.4e+38 -3.4e+38 -3.4e+38 -3.4e+38 -3.4e+38 -3.4e+38 -3.4e+38 -3.4e+38 -3.4e+38 -3.4e+38 -3.4e+38 -3.4e+38 -3.4e+38 -3.4e+38 -3.4e+38
8 9 8 8 7 7 6 6 -3.4e+38 -3.4e+38 -3.4e+38 -3.4e+38 -3.4e+38 -3.4e+38 -3.4e+38 -3.4e+38 6 7 11 16 18 14 13 12 11 11 11 11 9 9 9 10 11 10 8 9 10 12 14 16 16 11 9 10 13 11 11 22 24 17 11 17 31 28 38 34 35 28 29 -3.4e+38 -3.4e+38 -3.4e+38 -3.4e+38 -3.4e+38 -3.4e+38 -3.4e+38 -3.4e+38 -3.4e+38 -3.4e+38 -3.4e+38 -3.4e+38 -3.4e+38 -3.4e+38 -3.4e+38 -3.4e+38
10 10 9 8 8 7 6 6 -3.4e+38 -3.4e+38 -3.4e+38 -3.4e+38 -3.4e+38 -3.4e+38 -3.4e+38 6 7 10 14 16 20 18 13 11 10 9 9 9 11 10 9 9 -3.4e+38 -3.4e+38 8 10 12 13 13 15 12 10 11 11 13 15 15 23 24 15 15 19 24 35 39 26 26 28 -3.4e+38 -3.4e+38 -3.4e+38 -3.4e+38 -3.4e+38 -3.4e+38 -3.4e+38 -3.4e+38 -3.4e+38 -3.4e+38 -3.4e+38 -3.4e+38 -3.4e+38 -3.4e+38 -3.4e+38 -3.4e+38 -3.4e+38
11 10 9 8 8 7 6 6 -3.4e+38 -3.4e+38 -3.4e+38 -3.4e+38 -3.4e+38 -3.4e+38 6 6 7 11 18 15 20 18 15 12 10 9 11 10 9 8 8 -3.4e+38 -3.4e+38 -3.4e+38 8 9 13 11 13 13 10 12 12 11 16 28 26 20 25 17 12 19 21 28 25 18 -3.4e+38 -3.4e+38 -3.4e+38 -3.4e+38 -3.4e+38 -3.4e+38 -3.4e+38 -3.4e+38 -3.4e+38 -3.4e+38 -3.4e+38 -3.4e+38 -3.4e+38 -3.4e+38 -3.4e+38 -3.4e+38 -3.4e+38 -3.4e+38 -3.4e+38
13 12 8 10 9 8 6 6 -3.4e+38 -3.4e+38 -3.4e+38 -3.4e+38 -3.4e+38 -3.4e+38 6 7 9 13 17 16 15 15 18 14 10 9 9 9 8 8 -3.4e+38 -3.4e+38 -3.4e+38 -3.4e+38 -3.4e+38 11 9 9 9 10 11 12 13 14 18 23 28 21 28 21 15 13 16 38 27 17 -3.4e+38 -3.4e+38 -3.4e+38 -3.4e+38 -3.4e+38 -3.4e+38 -3.4e+38 -3.4e+38 -3.4e+38 -3.4e+38 -3.4e+38 -3.4e+38 -3.4e+38 -3.4e+38 -3.4e+38 -3.4e+38 -3.4e+38 -3.4e+38 -3.4e+38
12 9 9 11 10 8 7 6 -3.4e+38 -3.4e+38 -3.4e+38 -3.4e+38 -3.4e+38 6 8 10 13 13 17 16 18 13 13 13 11 9 8 8 -3.4e+38 -3.4e+38 -3.4e+38 -3.4e+38 -3.4e+38 -3.4e+38 8 9 10 11 11 10 10 11 15 18 23 27 33 26 18 14 13 13 16 18 -3.4e+38 -3.4e+38 -3.4e+38 -3.4e+38 -3.4e+38 -3.4e+38 -3.4e+38 -3.4e+38 -3.4e+38 -3.4e+38 -3.4e+38 -3.4e+38 -3.4e+38 -3.4e+38 -3.4e+38 -3.4e+38 -3.4e+38 -3.4e+38 -3.4e+38 -3.4e+38 -3.4e+38
11 10 10 14 9 9 7 6 -3.4e+38 -3.4e+38 -3.4e+38 -3.4e+38 -3.4e+38 6 8 10 12 13 14 16 17 17 12 11 11 9 8 8 -3.4e+38 -3.4e+38 -3.4e+38 -3.4e+38 -3.4e+38 -3.4e+38 8 10 11 11 12 11 14 16 15 23 36 34 26 22 15 15 13 -3.4e+38 -3.4e+38 -3.4e+38 -3.4e+38 -3.4e+38 -3.4e+38 -3.4e+38 -3.4e+38 -3.4e+38 -3.4e+38 -3.4e+38 -3.4e+38 -3.4e+38 -3.4e+38 -3.4e+38 -3.4e+38 -3.4e+38 -3.4e+38 -3.4e+38 -3.4e+38 -3.4e+38 -3.4e+38 -3.4e+38 -3.4e+38
11 10 10 11 11 8 7 6 -3.4e+38 -3.4e+38 -3.4e+38 -3.4e+38 -3.4e+38 6 8 9 12 13 14 14 12 11 13 11 9 8 8 -3.4e+38 -3.4e+38 -3.4e+38 -3.4e+38 -3.4e+38 -3.4e+38 -3.4e+38 8 10 10 11 13 13 14 20 21 35 42 29 24 17 18 15 13 -3.4e+38 -3.4e+38 -3.4e+38 -3.4e+38 -3.4e+38 -3.4e+38 -3.4e+38 -3.4e+38 -3.4e+38 -3.4e+38 -3.4e+38 -3.4e+38 -3.4e+38 -3.4e+38 -3.4e+38 -3.4e+38 -3.4e+38 -3.4e+38 -3.4e+38 -3.4e+38 -3.4e+38 -3.4e+38 -3.4e+38 -3.4e+38
10 11 11 10 9 7 7 6 -3.4e+38 -3.4e+38 -3.4e+38 -3.4e+38 -3.4e+38 6 8 10 11 12 16 16 14 11 11 12 11 9 -3.4e+38 -3.4e+38 -3.4e+38 -3.4e+38 -3.4e+38 -3.4e+38 -3.4e+38 -3.4e+38 8 8 10 11 12 17 20 21 26 47 43 37 23 20 18 15 15 -3.4e+38 -3.4e+38 -3.4e+38 -3.4e+38 -3.4e+38 -3.4e+38 -3.4e+38 -3.4e+38 -3.4e+38 -3.4e+38 -3.4e+38 -3.4e+38 -3.4e+38 -3.4e+38 -3.4e+38 -3.4e+38 -3.4e+38 -3.4e+38 -3.4e+38 -3.4e+38 -3.4e+38 -3.4e+38 -3.4e+38 -3.4e+38
13 14 11 9 9 7 8 6 -3.4e+38 -3.4e+38 -3.4e+38 -3.4e+38 -3.4e+38 6 8 8 9 14 15 18 15 12 12 10 9 8 -3.4e+38 -3.4e+38 -3.4e+38 -3.4e+38 -3.4e+38 -3.4e+38 -3.4e+38 -3.4e+38 8 8 12 14 19 27 25 27 29 46 45 32 23 19 18 14 17 15 -3.4e+38 -3.4e+38 -3.4e+38 -3.4e+38 -3.4e+38 -3.4e+38 -3.4e+38 -3.4e+38 -3.4e+38 -3.4e+38 -3.4e+38 -3.4e+38 -3.4e+38 -3.4e+38 -3.4e+38 -3.4e+38 -3.4e+38 -3.4e+38 -3.4e+38 -3.4e+38 -3.4e+38 -3.4e+38 -3.4e+38
15 17 13 11 9 8 7 7 -3.4e+38 -3.4e+38 -3.4e+38 -3.4e+38 -3.4e+38 6 7 8 8 9 12 14 16 14 11 9 8 8 -3.4e+38 -3.4e+38 -3.4e+38 -3.4e+38 -3.4e+38 -3.4e+38 -3.4e+38 -3.4e+38 8 10 12 17 24 41 38 27 39 54 41 24 18 17 16 18 20 15 -3.4e+38 -3.4e+38 -3.4e+38 -3.4e+38 -3.4e+38 -3.4e+38 -3.4e+38 -3.4e+38 -3.4e+38 -3.4e+38 -3.4e+38 -3.4e+38 -3.4e+38 -3.4e+38 -3.4e+38 -3.4e+38 -3.4e+38 -3.4e+38 -3.4e+38 -3.4e+38 -3.4e+38 -3.4e+38 -3.4e+38
17 18 14 12 11 9 7 6 6 -3.4e+38 -3.4e+38 -3.4e+38 -3.4e+38 6 6 6 7 7 9 13 15 14 11 9 8 8 -3.4e+38 -3.4e+38 -3.4e+38 -3.4e+38 -3.4e+38 -3.4e+38 -3.4e+38 -3.4e+38 8 9 12 18 22 31 46 37 40 30 27 26 21 20 15 18 26 21 17 -3.4e+38 -3.4e+38 -3.4e+38 -3.4e+38 -3.4e+38 -3.4e+38 -3.4e+38 -3.4e+38 -3.4e+38 -3.4e+38 -3.4e+38 -3.4e+38 -3.4e+38 -3.4e+38 -3.4e+38 -3.4e+38 -3.4e+38 -3.4e+38 -3.4e+38 -3.4e+38 -3.4e+38 -3.4e+38
17 20 14 10 10 9 9 6 6 -3.4e+38 -3.4e+38 -3.4e+38 -3.4e+38 6 6 6 8 11 12 12 14 12 11 10 8 -3.4e+38 -3.4e+38 -3.4e+38 -3.4e+38 -3.4e+38 -3.4e+38 -3.4e+38 -3.4e+38 -3.4e+38 9 10 10 13 16 33 43 61 43 30 29 23 20 18 17 20 26 24 17 -3.4e+38 -3.4e+38 -3.4e+38 -3.4e+38 -3.4e+38 -3.4e+38 -3.4e+38 -3.4e+38 -3.4e+38 -3.4e+38 -3.4e+38 -3.4e+38 -3.4e+38 -3.4e+38 -3.4e+38 -3.4e+38 -3.4e+38 -3.4e+38 -3.4e+38 -3.4e+38 -3.4e+38 -3.4e+38
17 14 13 10 8 7 6 8 7 6 -3.4e+38 -3.4e+38 -3.4e+38 6 7 8 10 11 13 13 11 12 10 9 8 -3.4e+38 -3.4e+38 -3.4e+38 -3.4e+38 -3.4e+38 -3.4e+38 -3.4e+38 -3.4e+38 8 9 10 13 18 24 36 43 54 46 44 32 23 20 19 19 23 18 19 15 -3.4e+38 -3.4e+38 -3.4e+38 -3.4e+38 -3.4e+38 -3.4e+38 -3.4e+38 -3.4e+38 -3.4e+38 -3.4e+38 -3.4e+38 -3.4e+38 -3.4e+38 -3.4e+38 -3.4e+38 -3.4e+38 -3.4e+38 -3.4e+38 -3.4e+38 -3.4e+38 -3.4e+38 -3.4e+38
15 13 12 10 9 7 7 9 9 6 -3.4e+38 -3.4e+38 -3.4e+38 6 7 9 10 13 14 12 12 12 10 8 7 -3.4e+38 -3.4e+38 -3.4e+38 -3.4e+38 -3.4e+38 -3.4e+38 -3.4e+38 7 9 11 13 18 21 28 35 53 55 51 42 40 26 20 28 26 18 17 18 16 -3.4e+38 -3.4e+38 -3.4e+38 -3.4e+38 -3.4e+38 -3.4e+38 -3.4e+38 -3.4e+38 -3.4e+38 -3.4e+38 -3.4e+38 -3.4e+38 -3.4e+38 -3.4e+38 -3.4e+38 -3.4e+38 -3.4e+38 -3.4e+38 -3.4e+38 -3.4e+38 -3.4e+38 -3.4e+38
11 11 10 10 9 7 7 8 7 6 -3.4e+38 -3.4e+38 -3.4e+38 6 6 6 7 10 14 12 10 9 8 8 7 -3.4e+38 -3.4e+38 -3.4e+38 -3.4e+38 -3.4e+38 -3.4e+38 -3.4e+38 8 8 10 16 20 33 36 46 45 63 44 39 30 23 23 30 24 21 18 15 16 -3.4e+38 -3.4e+38 -3.4e+38 -3.4e+38 -3.4e+38 -3.4e+38 -3.4e+38 -3.4e+38 -3.4e+38 -3.4e+38 -3.4e+38 -3.4e+38 -3.4e+38 -3.4e+38 -3.4e+38 -3.4e+38 -3.4e+38 -3.4e+38 -3.4e+38 -3.4e+38 -3.4e+38 -3.4e+38
10 10 10 9 9 9 7 6 6 6 -3.4e+38 -3.4e+38 5 6 7 8 8 12 12 11 10 9 9 8 7 -3.4e+38 -3.4e+38 -3.4e+38 -3.4e+38 -3.4e+38 -3.4e+38 7 8 9 11 16 24 23 34 37 50 40 28 30 30 30 29 33 26 21 19 15 15 -3.4e+38 -3.4e+38 -3.4e+38 -3.4e+38 -3.4e+38 -3.4e+38 -3.4e+38 -3.4e+38 -3.4e+38 -3.4e+38 -3.4e+38 -3.4e+38 -3.4e+38 -3.4e+38 -3.4e+38 -3.4e+38 -3.4e+38 -3.4e+38 -3.4e+38 -3.4e+38 -3.4e+38 -3.4e+38
10 9 9 9 9 9 8 7 7 6 -3.4e+38 -3.4e+38 6 9 9 9 10 11 12 11 10 10 9 8 8 7 -3.4e+38 -3.4e+38 -3.4e+38 -3.4e+38 -3.4e+38 8 8 10 10 13 14 25 28 43 40 33 26 28 31 26 23 31 20 19 15 14 13 -3.4e+38 -3.4e+38 -3.4e+38 -3.4e+38 -3.4e+38 -3.4e+38 -3.4e+38 -3.4e+38 -3.4e+38 -3.4e+38 -3.4e+38 -3.4e+38 -3.4e+38 -3.4e+38 -3.4e+38 -3.4e+38 -3.4e+38 -3.4e+38 -3.4e+38 -3.4e+38 -3.4e+38 -3.4e+38
10 8 8 9 9 8 8 7 7 6 -3.4e+38 5 6 7 7 7 9 8 10 11 10 12 10 8 7 7 -3.4e+38 -3.4e+38 -3.4e+38 -3.4e+38 -3.4e+38 7 8 10 10 15 16 18 30 34 26 20 24 26 32 36 22 17 18 18 15 13 15 -3.4e+38 -3.4e+38 -3.4e+38 -3.4e+38 -3.4e+38 -3.4e+38 -3.4e+38 -3.4e+38 -3.4e+38 -3.4e+38 -3.4e+38 -3.4e+38 -3.4e+38 -3.4e+38 -3.4e+38 -3.4e+38 -3.4e+38 -3.4e+38 -3.4e+38 -3.4e+38 -3.4e+38 -3.4e+38
10 8 8 8 7 7 6 7 6 -3.4e+38 6 5 5 6 6 7 7 8 8 9 10 10 9 8 8 7 6 -3.4e+38 -3.4e+38 -3.4e+38 -3.4e+38 9 10 9 11 11 13 16 17 19 16 17 23 26 30 23 22 23 18 15 18 16 15 -3.4e+38 -3.4e+38 -3.4e+38 -3.4e+38 -3.4e+38 -3.4e+38 -3.4e+38 -3.4e+38 -3.4e+38 -3.4e+38 -3.4e+38 -3.4e+38 -3.4e+38 -3.4e+38 -3.4e+38 -3.4e+38 -3.4e+38 -3.4e+38 -3.4e+38 -3.4e+38 -3.4e+38 -3.4e+38
9 8 7 7 7 6 -3.4e+38 -3.4e+38 -3.4e+38 6 5 5 5 6 6 6 7 7 8 10 11 14 11 9 8 7 6 -3.4e+38 -3.4e+38 -3.4e+38 7 8 8 9 9 9 11 12 13 14 16 23 26 26 31 26 26 23 16 16 18 20 15 -3.4e+38 -3.4e+38 -3.4e+38 -3.4e+38 -3.4e+38 -3.4e+38 -3.4e+38 -3.4e+38 -3.4e+38 -3.4e+38 -3.4e+38 -3.4e+38 -3.4e+38 -3.4e+38 -3.4e+38 -3.4e+38 -3.4e+38 -3.4e+38 -3.4e+38 -3.4e+38 -3.4e+38 -3.4e+38
8 7 7 6 6 5 -3.4e+38 6 6 6 5 5 6 8 7 7 6 6 7 10 10 11 10 10 8 7 -3.4e+38 -3.4e+38 -3.4e+38 -3.4e+38 7 7 8 9 10 11 12 12 14 16 20 27 31 19 26 22 26 25 19 20 -3.4e+38 -3.4e+38 -3.4e+38 -3.4e+38 -3.4e+38 -3.4e+38 -3.4e+38 -3.4e+38 -3.4e+38 -3.4e+38 -3.4e+38 -3.4e+38 -3.4e+38 -3.4e+38 -3.4e+38 -3.4e+38 -3.4e+38 -3.4e+38 -3.4e+38 -3.4e+38 -3.4e+38 -3.4e+38 -3.4e+38 -3.4e+38 -3.4e+38
7 9 7 6 -3.4e+38 -3.4e+38 -3.4e+38 6 6 5 6 6 8 8 7 6 6 6 7 9 8 9 10 7 7 6 -3.4e+38 -3.4e+38 -3.4e+38 7 7 8 10 9 11 12 12 12 13 14 22 25 24 20 21 19 23 23 21 -3.4e+38 -3.4e+38 -3.4e+38 -3.4e+38 -3.4e+38 -3.4e+38 -3.4e+38 -3.4e+38 -3.4e+38 -3.4e+38 -3.4e+38 -3.4e+38 -3.4e+38 -3.4e+38 -3.4e+38 -3.4e+38 -3.4e+38 -3.4e+38 -3.4e+38 -3.4e+38 -3.4e+38 -3.4e+38 -3.4e+38 -3.4e+38 -3.4e+38 -3.4e+38
7 8 6 -3.4e+38 -3.4e+38 -3.4e+38 5 5 5 5 6 7 6 7 7 6 6 6 6 8 8 8 9 7 6 -3.4e+38 -3.4e+38 -3.4e+38 -3.4e+38 7 7 8 11 13 12 11 11 11 12 12 14 18 24 17 19 22 30 23 21 -3.4e+38 -3.4e+38 -3.4e+38 -3.4e+38 -3.4e+38 -3.4e+38 -3.4e+38 -3.4e+38 -3.4e+38 -3.4e+38 -3.4e+38 -3.4e+38 -3.4e+38 -3.4e+38 -3.4e+38 -3.4e+38 -3.4e+38 -3.4e+38 -3.4e+38 -3.4e+38 -3.4e+38 -3.4e+38 -3.4e+38 -3.4e+38 -3.4e+38 -3.4e+38
7 8 -3.4e+38 -3.4e+38 -3.4e+38 -3.4e+38 6 5 5 5 5 7 6 7 7 6 6 6 6 7 8 6 7 7 7 6 7 7 7 8 8 8 10 11 11 10 12 11 11 11 14 12 14 14 21 19 24 20 19 -3.4e+38 -3.4e+38 -3.4e+38 -3.4e+38 -3.4e+38 -3.4e+38 -3.4e+38 -3.4e+38 -3.4e+38 -3.4e+38 -3.4e+38 -3.4e+38 -3.4e+38 -3.4e+38 -3.4e+38 -3.4e+38 -3.4e+38 -3.4e+38 -3.4e+38 -3.4e+38 -3.4e+38 -3.4e+38 -3.4e+38 -3.4e+38 -3.4e+38 -3.4e+38
8 6 6 -3.4e+38 -3.4e+38 -3.4e+38 6 6 6 5 5 6 6 6 6 6 5 5 6 6 6 7 6 6 6 7 7 7 7 8 9 12 9 10 10 11 11 11 11 11 12 11 11 15 17 16 17 20 17 -3.4e+38 -3.4e+38 -3.4e+38 -3.4e+38 -3.4e+38 -3.4e+38 -3.4e+38 -3.4e+38 -3.4e+38 -3.4e+38 -3.4e+38 -3.4e+38 -3.4e+38 -3.4e+38 -3.4e+38 -3.4e+38 -3.4e+38 -3.4e+38 -3.4e+38 -3.4e+38 -3.4e+38 -3.4e+38 -3.4e+38 -3.4e+38 -3.4e+38 -3.4e+38
7 7 6 6 5 6 6 6 7 5 6 7 6 6 6 5 6 7 6 7 7 9 7 6 7 7 7 7 7 9 11 9 12 12 12 11 11 9 9 -3.4e+38 10 10 9 12 14 13 17 15 14 -3.4e+38 -3.4e+38 -3.4e+38 -3.4e+38 -3.4e+38 -3.4e+38 -3.4e+38 -3.4e+38 -3.4e+38 -3.4e+38 -3.4e+38 -3.4e+38 -3.4e+38 -3.4e+38 -3.4e+38 -3.4e+38 -3.4e+38 -3.4e+38 -3.4e+38 -3.4e+38 -3.4e+38 -3.4e+38 -3.4e+38 -3.4e+38 -3.4e+38 -3.4e+38
7 8 8 8 6 6 8 6 6 5 6 6 6 6 5 5 6 6 6 9 9 9 6 6 6 6 7 7 9 9 8 8 12 12 11 11 11 10 -3.4e+38 -3.4e+38 -3.4e+38 -3.4e+38 -3.4e+38 9 11 12 13 14 -3.4e+38 -3.4e+38 -3.4e+38 -3.4e+38 -3.4e+38 -3.4e+38 -3.4e+38 -3.4e+38 -3.4e+38 -3.4e+38 -3.4e+38 -3.4e+38 -3.4e+38 -3.4e+38 -3.4e+38 -3.4e+38 -3.4e+38 -3.4e+38 -3.4e+38 -3.4e+38 -3.4e+38 -3.4e+38 -3.4e+38 -3.4e+38 -3.4e+38 -3.4e+38 -3.4e+38
7 7 8 8 6 7 8 7 6 6 5 6 6 6 6 5 6 8 7 9 8 8 7 7 6 7 7 7 8 9 9 9 11 10 11 10 11 9 -3.4e+38 -3.4e+38 -3.4e+38 -3.4e+38 -3.4e+38 -3.4e+38 9 10 11 12 -3.4e+38 -3.4e+38 -3.4e+38 -3.4e+38 -3.4e+38 -3.4e+38 -3.4e+38 -3.4e+38 -3.4e+38 -3.4e+38 -3.4e+38 -3.4e+38 -3.4e+38 -3.4e+38 -3.4e+38 -3.4e+38 -3.4e+38 -3.4e+38 -3.4e+38 -3.4e+38 -3.4e+38 -3.4e+38 -3.4e+38 -3.4e+38 -3.4e+38 -3.4e+38 -3.4e+38
