data/bioclim/DD_01.asc
NCOLS 391 
NROWS 575 
XLLCORNER -1773000 
YLLCORNER 4368000 
CELLSIZE 1000 
NODATA_value -3.4e+38 
[rows 306 to 339 of 575, columns 150 to 224 of 391]
14 15 16 14 15 13 -3.4e+38 -3.4e+38 -3.4e+38 -3.4e+38 -3.4e+38 13 14 18 17 17 17 18 19 22 22 19 19 18 18 19 18 17 17 17 16 15 15 14 15 14 13 -3.4e+38 -3.4e+38 -3.4e+38 -3.4e+38 -3.4e+38 -3.4e+38 -3.4e+38 -3.4e+38 -3.4e+38 -3.4e+38 -3.4e+38 -3.4e+38 -3.4e+38 -3.4e+38 -3.4e+38 20 22 25 40 31 26 24 21 21 20 -3.4e+38 -3.4e+38 -3.4e+38 -3.4e+38 -3.4e+38 -3.4e+38 -3.4e+38 -3.4e+38 -3.4e+38 -3.4e+38 -3.4e+38 -3.4e+38 -3.4e+38
14 14 15 14 14 13 -3.4e+38 -3.4e+38 -3.4e+38 -3.4e+38 -3.4e+38 -3.4e+38 14 15 19 18 17 17 19 21 20 19 17 18 18 18 19 19 18 19 18 17 14 15 15 15 13 -3.4e+38 -3.4e+38 -3.4e+38 -3.4e+38 -3.4e+38 -3.4e+38 -3.4e+38 -3.4e+38 -3.4e+38 -3.4e+38 -3.4e+38 -3.4e+38 -3.4e+38 -3.4e+38 -3.4e+38 17 21 30 40 35 27 24 24 22 21 -3.4e+38 -3.4e+38 -3.4e+38 -3.4e+38 -3.4e+38 -3.4e+38 -3.4e+38 -3.4e+38 -3.4e+38 -3.4e+38 -3.4e+38 -3.4e+38 -3.4e+38
14 14 14 14 14 13 -3.4e+38 -3.4e+38 -3.4e+38 -3.4e+38 -3.4e+38 -3.4e+38 14 14 15 17 14 17 16 18 17 16 16 18 17 17 17 17 17 19 17 17 15 -3.4e+38 -3.4e+38 -3.4e+38 -3.4e+38 -3.4e+38 -3.4e+38 -3.4e+38 -3.4e+38 -3.4e+38 -3.4e+38 -3.4e+38 -3.4e+38 -3.4e+38 -3.4e+38 -3.4e+38 -3.4e+38 -3.4e+38 -3.4e+38 -3.4e+38 19 22 28 39 40 35 29 23 21 -3.4e+38 -3.4e+38 -3.4e+38 -3.4e+38 -3.4e+38 -3.4e+38 -3.4e+38 -3.4e+38 -3.4e+38 -3.4e+38 -3.4e+38 -3.4e+38 -3.4e+38 -3.4e+38
14 14 14 14 15 12 -3.4e+38 -3.4e+38 -3.4e+38 -3.4e+38 -3.4e+38 -3.4e+38 -3.4e+38 13 15 16 15 15 16 17 16 16 16 16 17 17 16 17 17 19 17 16 -3.4e+38 -3.4e+38 -3.4e+38 -3.4e+38 -3.4e+38 -3.4e+38 -3.4e+38 -3.4e+38 -3.4e+38 -3.4e+38 -3.4e+38 -3.4e+38 -3.4e+38 -3.4e+38 -3.4e+38 -3.4e+38 -3.4e+38 -3.4e+38 -3.4e+38 -3.4e+38 18 20 32 34 41 49 29 22 -3.4e+38 -3.4e+38 -3.4e+38 -3.4e+38 -3.4e+38 -3.4e+38 -3.4e+38 -3.4e+38 -3.4e+38 -3.4e+38 -3.4e+38 -3.4e+38 -3.4e+38 -3.4e+38 -3.4e+38
14 13 13 13 16 12 -3.4e+38 -3.4e+38 -3.4e+38 -3.4e+38 -3.4e+38 -3.4e+38 -3.4e+38 13 13 14 14 14 16 14 16 15 16 19 18 17 17 15 15 17 17 -3.4e+38 -3.4e+38 -3.4e+38 -3.4e+38 -3.4e+38 -3.4e+38 -3.4e+38 -3.4e+38 -3.4e+38 -3.4e+38 -3.4e+38 -3.4e+38 -3.4e+38 -3.4e+38 -3.4e+38 -3.4e+38 -3.4e+38 -3.4e+38 -3.4e+38 -3.4e+38 -3.4e+38 -3.4e+38 18 24 29 45 38 26 23 -3.4e+38 -3.4e+38 -3.4e+38 -3.4e+38 -3.4e+38 -3.4e+38 -3.4e+38 -3.4e+38 -3.4e+38 -3.4e+38 -3.4e+38 -3.4e+38 -3.4e+38 -3.4e+38 -3.4e+38
17 16 16 14 13 14 -3.4e+38 -3.4e+38 -3.4e+38 -3.4e+38 -3.4e+38 -3.4e+38 -3.4e+38 12 13 14 14 13 16 14 14 19 18 22 19 18 19 16 15 15 15 15 -3.4e+38 -3.4e+38 -3.4e+38 -3.4e+38 -3.4e+38 -3.4e+38 -3.4e+38 -3.4e+38 -3.4e+38 -3.4e+38 -3.4e+38 -3.4e+38 -3.4e+38 -3.4e+38 -3.4e+38 -3.4e+38 -3.4e+38 -3.4e+38 -3.4e+38 -3.4e+38 -3.4e+38 22 25 35 45 52 29 23 -3.4e+38 -3.4e+38 -3.4e+38 -3.4e+38 -3.4e+38 -3.4e+38 -3.4e+38 -3.4e+38 -3.4e+38 -3.4e+38 -3.4e+38 -3.4e+38 -3.4e+38 -3.4e+38 -3.4e+38
18 17 18 18 14 14 -3.4e+38 -3.4e+38 -3.4e+38 -3.4e+38 -3.4e+38 -3.4e+38 -3.4e+38 12 13 14 14 13 14 13 14 16 18 19 21 26 18 16 15 14 15 14 -3.4e+38 -3.4e+38 -3.4e+38 -3.4e+38 -3.4e+38 -3.4e+38 -3.4e+38 -3.4e+38 -3.4e+38 -3.4e+38 -3.4e+38 -3.4e+38 -3.4e+38 -3.4e+38 -3.4e+38 -3.4e+38 -3.4e+38 -3.4e+38 -3.4e+38 -3.4e+38 -3.4e+38 -3.4e+38 20 27 34 44 31 24 -3.4e+38 -3.4e+38 -3.4e+38 -3.4e+38 -3.4e+38 -3.4e+38 -3.4e+38 -3.4e+38 -3.4e+38 -3.4e+38 -3.4e+38 -3.4e+38 -3.4e+38 -3.4e+38 -3.4e+38
18 18 16 17 15 12 -3.4e+38 -3.4e+38 -3.4e+38 -3.4e+38 -3.4e+38 -3.4e+38 -3.4e+38 12 12 14 12 12 14 13 14 15 17 19 20 17 17 17 17 15 13 15 14 13 -3.4e+38 -3.4e+38 -3.4e+38 -3.4e+38 -3.4e+38 -3.4e+38 -3.4e+38 -3.4e+38 -3.4e+38 -3.4e+38 -3.4e+38 -3.4e+38 -3.4e+38 -3.4e+38 -3.4e+38 -3.4e+38 -3.4e+38 -3.4e+38 -3.4e+38 -3.4e+38 20 22 26 43 26 23 -3.4e+38 -3.4e+38 -3.4e+38 -3.4e+38 -3.4e+38 -3.4e+38 -3.4e+38 -3.4e+38 -3.4e+38 -3.4e+38 -3.4e+38 -3.4e+38 -3.4e+38 -3.4e+38 -3.4e+38
17 17 14 15 15 11 14 12 -3.4e+38 -3.4e+38 -3.4e+38 -3.4e+38 -3.4e+38 -3.4e+38 12 13 12 12 13 12 13 14 16 16 15 14 17 17 16 15 13 15 15 13 -3.4e+38 -3.4e+38 -3.4e+38 -3.4e+38 -3.4e+38 -3.4e+38 -3.4e+38 -3.4e+38 -3.4e+38 -3.4e+38 -3.4e+38 -3.4e+38 -3.4e+38 -3.4e+38 -3.4e+38 -3.4e+38 -3.4e+38 -3.4e+38 -3.4e+38 17 18 20 23 38 27 24 -3.4e+38 -3.4e+38 -3.4e+38 -3.4e+38 -3.4e+38 -3.4e+38 -3.4e+38 -3.4e+38 -3.4e+38 -3.4e+38 -3.4e+38 -3.4e+38 -3.4e+38 -3.4e+38 -3.4e+38
15 18 16 13 14 12 11 12 -3.4e+38 12 12 12 -3.4e+38 -3.4e+38 12 12 12 12 13 12 14 14 16 17 14 14 14 14 14 14 13 15 14 13 13 -3.4e+38 -3.4e+38 -3.4e+38 -3.4e+38 -3.4e+38 -3.4e+38 -3.4e+38 -3.4e+38 -3.4e+38 -3.4e+38 -3.4e+38 -3.4e+38 -3.4e+38 -3.4e+38 -3.4e+38 -3.4e+38 15 16 18 18 20 22 28 26 24 -3.4e+38 -3.4e+38 -3.4e+38 -3.4e+38 -3.4e+38 -3.4e+38 -3.4e+38 -3.4e+38 -3.4e+38 -3.4e+38 -3.4e+38 -3.4e+38 -3.4e+38 -3.4e+38 -3.4e+38
17 14 14 14 12 12 11 12 12 13 12 12 11 -3.4e+38 -3.4e+38 -3.4e+38 -3.4e+38 12 12 12 13 14 15 16 14 14 14 14 12 12 13 14 14 13 13 12 -3.4e+38 -3.4e+38 -3.4e+38 -3.4e+38 -3.4e+38 -3.4e+38 -3.4e+38 -3.4e+38 -3.4e+38 -3.4e+38 -3.4e+38 -3.4e+38 -3.4e+38 -3.4e+38 15 15 17 18 19 20 20 23 26 23 -3.4e+38 -3.4e+38 -3.4e+38 -3.4e+38 -3.4e+38 -3.4e+38 -3.4e+38 -3.4e+38 -3.4e+38 -3.4e+38 -3.4e+38 -3.4e+38 -3.4e+38 -3.4e+38 -3.4e+38
16 16 14 13 14 12 11 10 13 14 13 12 11 11 12 12 -3.4e+38 12 -3.4e+38 -3.4e+38 12 14 16 16 18 13 14 13 12 11 12 14 14 13 13 12 11 -3.4e+38 -3.4e+38 -3.4e+38 -3.4e+38 -3.4e+38 -3.4e+38 -3.4e+38 -3.4e+38 -3.4e+38 -3.4e+38 -3.4e+38 -3.4e+38 14 15 15 16 16 18 22 20 23 26 24 23 -3.4e+38 -3.4e+38 -3.4e+38 -3.4e+38 -3.4e+38 -3.4e+38 -3.4e+38 -3.4e+38 -3.4e+38 -3.4e+38 -3.4e+38 -3.4e+38 -3.4e+38 -3.4e+38
16 16 16 12 13 11 12 11 12 12 13 11 13 10 12 11 -3.4e+38 -3.4e+38 -3.4e+38 -3.4e+38 12 14 21 21 19 16 14 14 13 11 12 13 14 14 11 11 -3.4e+38 -3.4e+38 -3.4e+38 -3.4e+38 -3.4e+38 -3.4e+38 -3.4e+38 -3.4e+38 -3.4e+38 -3.4e+38 -3.4e+38 15 15 15 15 15 16 17 20 24 28 24 28 26 34 23 -3.4e+38 -3.4e+38 -3.4e+38 -3.4e+38 -3.4e+38 -3.4e+38 -3.4e+38 -3.4e+38 -3.4e+38 -3.4e+38 -3.4e+38 -3.4e+38 -3.4e+38
17 18 20 15 13 13 12 12 12 12 12 12 12 11 10 11 -3.4e+38 -3.4e+38 -3.4e+38 13 16 16 19 23 17 18 16 14 12 11 11 13 13 12 13 13 -3.4e+38 -3.4e+38 -3.4e+38 -3.4e+38 -3.4e+38 -3.4e+38 -3.4e+38 -3.4e+38 -3.4e+38 -3.4e+38 15 15 16 15 16 15 16 20 19 22 26 30 30 28 34 25 -3.4e+38 -3.4e+38 -3.4e+38 -3.4e+38 -3.4e+38 -3.4e+38 -3.4e+38 -3.4e+38 -3.4e+38 -3.4e+38 -3.4e+38 -3.4e+38 -3.4e+38
14 15 16 17 15 13 13 12 11 11 12 12 11 11 11 11 -3.4e+38 -3.4e+38 -3.4e+38 12 16 15 17 19 16 16 16 14 11 11 12 13 13 12 11 12 -3.4e+38 -3.4e+38 -3.4e+38 -3.4e+38 -3.4e+38 -3.4e+38 -3.4e+38 -3.4e+38 -3.4e+38 15 15 17 17 17 17 16 17 18 20 22 25 26 29 31 36 25 -3.4e+38 -3.4e+38 -3.4e+38 -3.4e+38 -3.4e+38 -3.4e+38 -3.4e+38 -3.4e+38 -3.4e+38 -3.4e+38 -3.4e+38 -3.4e+38 -3.4e+38
13 13 12 13 14 12 12 13 12 10 11 12 12 10 10 -3.4e+38 -3.4e+38 -3.4e+38 -3.4e+38 12 14 16 16 22 16 14 13 12 11 11 13 12 12 12 11 12 -3.4e+38 -3.4e+38 -3.4e+38 -3.4e+38 -3.4e+38 -3.4e+38 -3.4e+38 -3.4e+38 -3.4e+38 14 15 17 17 20 20 17 17 19 22 22 22 23 35 39 30 25 -3.4e+38 -3.4e+38 -3.4e+38 -3.4e+38 -3.4e+38 -3.4e+38 -3.4e+38 -3.4e+38 -3.4e+38 -3.4e+38 -3.4e+38 -3.4e+38 -3.4e+38
13 14 12 12 11 11 11 12 11 10 12 12 12 11 10 10 -3.4e+38 -3.4e+38 -3.4e+38 12 14 15 17 17 15 14 12 12 11 11 15 12 12 12 11 -3.4e+38 -3.4e+38 -3.4e+38 -3.4e+38 -3.4e+38 -3.4e+38 -3.4e+38 -3.4e+38 -3.4e+38 -3.4e+38 15 15 17 17 18 19 20 20 19 20 26 30 32 41 41 30 25 -3.4e+38 -3.4e+38 -3.4e+38 -3.4e+38 -3.4e+38 -3.4e+38 -3.4e+38 -3.4e+38 -3.4e+38 -3.4e+38 -3.4e+38 -3.4e+38 18
13 18 17 14 12 11 12 10 10 10 12 13 12 10 10 10 -3.4e+38 -3.4e+38 -3.4e+38 12 14 17 16 15 14 14 13 12 11 10 12 11 11 11 12 -3.4e+38 -3.4e+38 -3.4e+38 -3.4e+38 -3.4e+38 -3.4e+38 -3.4e+38 -3.4e+38 -3.4e+38 -3.4e+38 17 15 15 16 17 19 18 20 22 23 26 34 37 48 41 34 27 -3.4e+38 -3.4e+38 -3.4e+38 -3.4e+38 -3.4e+38 -3.4e+38 -3.4e+38 -3.4e+38 -3.4e+38 -3.4e+38 -3.4e+38 18 18
12 14 18 15 11 11 11 12 11 10 12 12 13 11 10 10 -3.4e+38 11 -3.4e+38 -3.4e+38 13 16 16 15 13 13 12 11 11 -3.4e+38 -3.4e+38 10 11 -3.4e+38 -3.4e+38 -3.4e+38 -3.4e+38 -3.4e+38 -3.4e+38 -3.4e+38 -3.4e+38 -3.4e+38 -3.4e+38 -3.4e+38 -3.4e+38 16 17 18 17 16 17 18 19 20 23 26 30 41 67 47 30 27 25 -3.4e+38 -3.4e+38 -3.4e+38 -3.4e+38 -3.4e+38 -3.4e+38 -3.4e+38 -3.4e+38 -3.4e+38 18 19 19
11 13 15 14 13 12 10 11 10 9 12 11 12 10 10 10 -3.4e+38 11 12 11 13 14 14 14 13 12 11 11 -3.4e+38 -3.4e+38 -3.4e+38 -3.4e+38 -3.4e+38 -3.4e+38 -3.4e+38 -3.4e+38 -3.4e+38 -3.4e+38 -3.4e+38 -3.4e+38 -3.4e+38 -3.4e+38 -3.4e+38 -3.4e+38 -3.4e+38 -3.4e+38 17 17 17 19 17 19 21 23 23 29 31 57 72 39 36 31 26 24 -3.4e+38 -3.4e+38 -3.4e+38 -3.4e+38 -3.4e+38 -3.4e+38 -3.4e+38 20 18 19 20
11 13 15 13 14 14 11 11 11 10 11 11 10 10 10 11 11 11 12 12 12 13 14 11 12 11 11 -3.4e+38 -3.4e+38 -3.4e+38 -3.4e+38 -3.4e+38 -3.4e+38 -3.4e+38 -3.4e+38 -3.4e+38 -3.4e+38 -3.4e+38 -3.4e+38 -3.4e+38 -3.4e+38 -3.4e+38 -3.4e+38 -3.4e+38 -3.4e+38 -3.4e+38 16 17 19 19 20 20 20 21 23 29 34 50 69 59 47 39 30 23 23 -3.4e+38 -3.4e+38 -3.4e+38 -3.4e+38 -3.4e+38 19 19 18 19 20
13 11 12 13 13 14 12 11 11 10 11 11 10 10 9 10 10 12 12 13 12 12 12 12 11 11 -3.4e+38 -3.4e+38 -3.4e+38 -3.4e+38 -3.4e+38 -3.4e+38 -3.4e+38 -3.4e+38 -3.4e+38 -3.4e+38 -3.4e+38 -3.4e+38 -3.4e+38 -3.4e+38 -3.4e+38 -3.4e+38 -3.4e+38 -3.4e+38 -3.4e+38 -3.4e+38 15 17 17 19 20 19 20 21 24 26 31 38 69 62 47 37 30 24 23 22 21 21 -3.4e+38 -3.4e+38 19 19 19 20 21
10 11 10 11 13 15 14 12 10 9 10 11 10 10 10 10 10 11 12 12 12 12 12 12 12 -3.4e+38 -3.4e+38 -3.4e+38 -3.4e+38 -3.4e+38 -3.4e+38 -3.4e+38 -3.4e+38 -3.4e+38 -3.4e+38 -3.4e+38 -3.4e+38 -3.4e+38 12 14 14 14 14 14 15 -3.4e+38 15 16 17 17 18 19 19 20 22 23 26 33 52 51 34 30 27 24 23 23 23 20 -3.4e+38 -3.4e+38 19 20 21 22 23
11 10 11 11 11 13 13 12 11 9 10 10 11 10 10 9 10 10 11 11 12 12 12 10 -3.4e+38 -3.4e+38 -3.4e+38 -3.4e+38 -3.4e+38 -3.4e+38 -3.4e+38 -3.4e+38 -3.4e+38 -3.4e+38 -3.4e+38 -3.4e+38 -3.4e+38 -3.4e+38 13 12 14 13 14 14 14 14 -3.4e+38 15 15 17 17 18 20 19 21 23 26 30 34 31 31 29 26 25 23 23 22 21 -3.4e+38 -3.4e+38 20 19 20 21 22
10 10 10 10 11 11 11 12 11 9 9 10 11 10 9 9 10 12 11 12 10 10 11 -3.4e+38 -3.4e+38 -3.4e+38 -3.4e+38 -3.4e+38 -3.4e+38 -3.4e+38 -3.4e+38 -3.4e+38 -3.4e+38 -3.4e+38 -3.4e+38 -3.4e+38 12 12 12 12 12 13 13 13 14 14 -3.4e+38 -3.4e+38 16 16 18 17 18 19 25 29 34 31 28 27 26 25 26 24 22 22 21 20 -3.4e+38 -3.4e+38 20 19 20 20 21
10 10 9 9 10 -3.4e+38 11 11 10 9 10 9 10 10 10 10 12 13 11 10 10 10 -3.4e+38 -3.4e+38 -3.4e+38 -3.4e+38 -3.4e+38 -3.4e+38 -3.4e+38 -3.4e+38 -3.4e+38 -3.4e+38 -3.4e+38 -3.4e+38 11 11 11 12 12 14 13 13 13 14 15 14 -3.4e+38 -3.4e+38 15 17 17 16 18 19 23 25 30 38 29 25 24 22 24 23 20 20 20 -3.4e+38 -3.4e+38 -3.4e+38 20 20 21 21 23
11 11 11 10 11 -3.4e+38 10 10 10 9 9 9 9 9 10 12 13 13 12 11 10 -3.4e+38 -3.4e+38 -3.4e+38 -3.4e+38 -3.4e+38 -3.4e+38 -3.4e+38 -3.4e+38 -3.4e+38 -3.4e+38 -3.4e+38 -3.4e+38 11 11 11 12 13 14 14 13 13 13 14 14 14 15 -3.4e+38 15 15 17 16 17 29 22 23 25 38 34 24 20 19 20 20 20 19 -3.4e+38 -3.4e+38 -3.4e+38 -3.4e+38 21 21 22 22 22
12 12 11 10 -3.4e+38 -3.4e+38 -3.4e+38 10 10 9 -3.4e+38 -3.4e+38 9 10 11 11 13 13 11 11 10 -3.4e+38 -3.4e+38 -3.4e+38 -3.4e+38 -3.4e+38 -3.4e+38 -3.4e+38 -3.4e+38 -3.4e+38 -3.4e+38 -3.4e+38 -3.4e+38 11 12 14 14 14 14 14 14 14 15 14 14 15 -3.4e+38 -3.4e+38 -3.4e+38 14 15 16 17 20 21 22 23 29 25 22 20 18 19 -3.4e+38 -3.4e+38 -3.4e+38 -3.4e+38 -3.4e+38 -3.4e+38 20 21 21 22 23 23
15 12 12 10 -3.4e+38 -3.4e+38 -3.4e+38 -3.4e+38 -3.4e+38 -3.4e+38 -3.4e+38 -3.4e+38 9 9 10 11 12 13 12 11 10 -3.4e+38 -3.4e+38 -3.4e+38 -3.4e+38 -3.4e+38 -3.4e+38 -3.4e+38 -3.4e+38 -3.4e+38 -3.4e+38 -3.4e+38 -3.4e+38 12 12 14 13 14 14 15 15 15 15 14 14 -3.4e+38 -3.4e+38 -3.4e+38 -3.4e+38 14 15 16 17 19 21 21 23 29 22 22 20 18 18 -3.4e+38 18 18 19 -3.4e+38 -3.4e+38 20 21 22 22 22 23
15 13 13 10 -3.4e+38 -3.4e+38 -3.4e+38 -3.4e+38 -3.4e+38 -3.4e+38 -3.4e+38 -3.4e+38 9 9 10 11 12 13 11 10 10 9 -3.4e+38 -3.4e+38 -3.4e+38 -3.4e+38 -3.4e+38 -3.4e+38 -3.4e+38 -3.4e+38 -3.4e+38 -3.4e+38 -3.4e+38 12 12 12 12 13 15 15 15 15 14 14 -3.4e+38 -3.4e+38 -3.4e+38 -3.4e+38 -3.4e+38 14 14 15 17 19 20 25 22 29 22 19 19 18 -3.4e+38 -3.4e+38 17 18 19 -3.4e+38 -3.4e+38 20 20 21 21 23 25
14 12 10 9 8 -3.4e+38 -3.4e+38 -3.4e+38 -3.4e+38 -3.4e+38 -3.4e+38 -3.4e+38 8 9 10 11 13 13 12 11 10 9 -3.4e+38 -3.4e+38 -3.4e+38 -3.4e+38 -3.4e+38 -3.4e+38 -3.4e+38 -3.4e+38 -3.4e+38 -3.4e+38 12 14 14 13 13 14 16 16 14 14 14 13 -3.4e+38 -3.4e+38 -3.4e+38 -3.4e+38 -3.4e+38 -3.4e+38 14 16 17 20 19 18 22 24 25 18 17 17 -3.4e+38 17 17 18 20 20 -3.4e+38 -3.4e+38 20 21 22 23 25
14 11 10 10 9 8 -3.4e+38 -3.4e+38 -3.4e+38 -3.4e+38 -3.4e+38 -3.4e+38 9 9 10 10 14 13 13 11 10 9 9 -3.4e+38 -3.4e+38 -3.4e+38 -3.4e+38 -3.4e+38 -3.4e+38 -3.4e+38 -3.4e+38 11 12 14 16 14 14 16 16 16 14 14 13 13 -3.4e+38 -3.4e+38 -3.4e+38 -3.4e+38 -3.4e+38 -3.4e+38 14 16 17 17 17 17 19 25 22 18 17 -3.4e+38 -3.4e+38 17 17 19 20 21 -3.4e+38 -3.4e+38 -3.4e+38 21 22 22 26
11 10 11 12 10 8 -3.4e+38 -3.4e+38 -3.4e+38 -3.4e+38 -3.4e+38 -3.4e+38 8 9 9 9 10 11 10 10 9 9 9 9 9 -3.4e+38 10 10 -3.4e+38 -3.4e+38 -3.4e+38 12 14 13 14 15 14 14 14 15 15 14 14 -3.4e+38 13 -3.4e+38 -3.4e+38 -3.4e+38 -3.4e+38 -3.4e+38 14 16 16 17 17 19 19 25 21 17 17 -3.4e+38 -3.4e+38 17 17 19 22 21 -3.4e+38 -3.4e+38 -3.4e+38 -3.4e+38 -3.4e+38 23 23
11 11 13 10 9 8 8 -3.4e+38 -3.4e+38 -3.4e+38 -3.4e+38 -3.4e+38 8 9 9 8 8 9 9 9 9 9 9 10 9 10 10 11 -3.4e+38 -3.4e+38 11 12 13 15 14 14 14 14 14 16 14 14 13 13 12 -3.4e+38 -3.4e+38 -3.4e+38 -3.4e+38 -3.4e+38 14 15 15 16 17 19 19 24 19 19 17 -3.4e+38 -3.4e+38 17 17 19 19 20 20 -3.4e+38 -3.4e+38 -3.4e+38 -3.4e+38 23 26
