data/bioclim/DD_51.asc
NCOLS 391 
NROWS 575 
XLLCORNER -1773000 
YLLCORNER 4368000 
CELLSIZE 1000 
NODATA_value -3.4e+38 
[rows 248 to 278 of 575, columns 280 to 349 of 391]
-3.4e+38 -3.4e+38 -3.4e+38 -3.4e+38 -3.4e+38 -3.4e+38 -3.4e+38 -3.4e+38 -3.4e+38 -3.4e+38 -3.4e+38 -3.4e+38 -3.4e+38 -3.4e+38 4412 4314 4273 4233 4268 4271 4251 4202 4074 4152 4121 4027 4048 4024 3997 3870 3895 3835 3828 -3.4e+38 -3.4e+38 -3.4e+38 -3.4e+38 -3.4e+38 -3.4e+38 -3.4e+38 -3.4e+38 -3.4e+38 -3.4e+38 -3.4e+38 -3.4e+38 -3.4e+38 -3.4e+38 -3.4e+38 -3.4e+38 -3.4e+38 -3.4e+38 -3.4e+38 3741 3725 3707 3704 3707 3737 -3.4e+38 -3.4e+38 -3.4e+38 -3.4e+38 -3.4e+38 -3.4e+38 -3.4e+38 -3.4e+38 -3.4e+38 -3.4e+38 -3.4e+38 3909
-3.4e+38 -3.4e+38 -3.4e+38 -3.4e+38 -3.4e+38 -3.4e+38 -3.4e+38 -3.4e+38 -3.4e+38 -3.4e+38 -3.4e+38 -3.4e+38 4577 4503 4427 4368 4333 4308 4330 4264 4131 4082 3993 3997 4142 4055 3948 4010 3923 3925 3879 3868 3828 -3.4e+38 -3.4e+38 -3.4e+38 -3.4e+38 -3.4e+38 -3.4e+38 -3.4e+38 -3.4e+38 -3.4e+38 -3.4e+38 -3.4e+38 -3.4e+38 -3.4e+38 -3.4e+38 -3.4e+38 -3.4e+38 -3.4e+38 -3.4e+38 3727 3639 3692 3683 3673 3698 3747 -3.4e+38 -3.4e+38 -3.4e+38 -3.4e+38 -3.4e+38 -3.4e+38 -3.4e+38 -3.4e+38 -3.4e+38 -3.4e+38 -3.4e+38 3980
-3.4e+38 -3.4e+38 -3.4e+38 -3.4e+38 -3.4e+38 -3.4e+38 -3.4e+38 -3.4e+38 -3.4e+38 -3.4e+38 -3.4e+38 -3.4e+38 4541 4421 4406 4442 4465 4360 4237 4061 4028 4174 4135 4078 4107 4122 4017 3972 3941 3903 3889 3838 -3.4e+38 -3.4e+38 -3.4e+38 -3.4e+38 -3.4e+38 -3.4e+38 -3.4e+38 -3.4e+38 -3.4e+38 -3.4e+38 -3.4e+38 -3.4e+38 -3.4e+38 -3.4e+38 -3.4e+38 -3.4e+38 -3.4e+38 -3.4e+38 -3.4e+38 3730 3709 3657 3626 3636 3680 3759 -3.4e+38 -3.4e+38 -3.4e+38 -3.4e+38 -3.4e+38 -3.4e+38 -3.4e+38 -3.4e+38 -3.4e+38 -3.4e+38 -3.4e+38 4034
-3.4e+38 -3.4e+38 -3.4e+38 -3.4e+38 -3.4e+38 -3.4e+38 -3.4e+38 -3.4e+38 -3.4e+38 -3.4e+38 -3.4e+38 -3.4e+38 4569 4453 4241 4416 4428 4270 4235 4112 4252 4219 4206 4014 3974 4088 4058 3989 3978 3899 3883 3868 -3.4e+38 -3.4e+38 -3.4e+38 -3.4e+38 -3.4e+38 -3.4e+38 -3.4e+38 -3.4e+38 -3.4e+38 -3.4e+38 -3.4e+38 -3.4e+38 -3.4e+38 -3.4e+38 -3.4e+38 -3.4e+38 -3.4e+38 -3.4e+38 -3.4e+38 3691 3685 3645 3611 3599 3650 3749 -3.4e+38 -3.4e+38 -3.4e+38 -3.4e+38 -3.4e+38 -3.4e+38 -3.4e+38 3943 3920 -3.4e+38 -3.4e+38 3946
-3.4e+38 -3.4e+38 -3.4e+38 -3.4e+38 -3.4e+38 -3.4e+38 -3.4e+38 -3.4e+38 -3.4e+38 -3.4e+38 -3.4e+38 -3.4e+38 4564 4451 4461 4323 4396 4394 4438 4194 4350 4298 4238 4229 4088 4085 4122 4053 4004 3932 3905 3901 3883 -3.4e+38 -3.4e+38 -3.4e+38 -3.4e+38 -3.4e+38 -3.4e+38 -3.4e+38 -3.4e+38 -3.4e+38 -3.4e+38 -3.4e+38 -3.4e+38 -3.4e+38 -3.4e+38 -3.4e+38 -3.4e+38 -3.4e+38 -3.4e+38 3639 3633 3586 3578 3599 3626 3678 3754 -3.4e+38 -3.4e+38 -3.4e+38 -3.4e+38 -3.4e+38 -3.4e+38 3932 3954 -3.4e+38 -3.4e+38 -3.4e+38
-3.4e+38 -3.4e+38 -3.4e+38 -3.4e+38 -3.4e+38 -3.4e+38 -3.4e+38 -3.4e+38 -3.4e+38 -3.4e+38 -3.4e+38 -3.4e+38 4575 4548 4477 4508 4447 4510 4486 4484 4291 4217 4436 4269 4285 4133 4091 4026 4081 4045 3954 3919 3884 -3.4e+38 -3.4e+38 -3.4e+38 -3.4e+38 -3.4e+38 -3.4e+38 -3.4e+38 -3.4e+38 -3.4e+38 -3.4e+38 -3.4e+38 -3.4e+38 -3.4e+38 -3.4e+38 -3.4e+38 -3.4e+38 -3.4e+38 -3.4e+38 3630 3621 3604 3590 3600 3653 3669 3735 3747 3775 -3.4e+38 -3.4e+38 -3.4e+38 -3.4e+38 3902 3977 -3.4e+38 -3.4e+38 -3.4e+38
-3.4e+38 -3.4e+38 -3.4e+38 -3.4e+38 -3.4e+38 -3.4e+38 -3.4e+38 -3.4e+38 -3.4e+38 -3.4e+38 -3.4e+38 -3.4e+38 4533 4614 4586 4514 4536 4608 4490 4356 4463 4548 4471 4301 4195 4119 4048 4105 4091 3927 3752 3729 3851 -3.4e+38 -3.4e+38 -3.4e+38 -3.4e+38 -3.4e+38 -3.4e+38 -3.4e+38 -3.4e+38 -3.4e+38 -3.4e+38 -3.4e+38 -3.4e+38 -3.4e+38 -3.4e+38 -3.4e+38 -3.4e+38 -3.4e+38 3651 3560 3564 3549 3525 3605 3637 -3.4e+38 -3.4e+38 3739 3791 -3.4e+38 -3.4e+38 -3.4e+38 -3.4e+38 4004 -3.4e+38 3999 4019 4038
-3.4e+38 -3.4e+38 -3.4e+38 -3.4e+38 -3.4e+38 -3.4e+38 -3.4e+38 -3.4e+38 -3.4e+38 -3.4e+38 -3.4e+38 -3.4e+38 4651 4721 4697 4711 4674 4645 4494 4616 4396 4338 4195 4480 4313 4267 4282 4311 4124 3956 3851 3973 3804 -3.4e+38 -3.4e+38 -3.4e+38 3754 3866 -3.4e+38 -3.4e+38 -3.4e+38 -3.4e+38 -3.4e+38 -3.4e+38 -3.4e+38 -3.4e+38 -3.4e+38 -3.4e+38 -3.4e+38 -3.4e+38 -3.4e+38 3560 3534 3470 3559 3601 3658 3663 3705 -3.4e+38 -3.4e+38 -3.4e+38 -3.4e+38 -3.4e+38 -3.4e+38 -3.4e+38 -3.4e+38 4011 3983 4028
-3.4e+38 -3.4e+38 -3.4e+38 -3.4e+38 -3.4e+38 -3.4e+38 -3.4e+38 -3.4e+38 -3.4e+38 -3.4e+38 -3.4e+38 4682 4724 4720 4741 4675 4612 4562 4666 4462 4460 4357 4035 4282 4335 4323 4344 4436 4153 3961 4053 4119 3933 -3.4e+38 3812 3781 3675 3725 -3.4e+38 -3.4e+38 -3.4e+38 -3.4e+38 -3.4e+38 -3.4e+38 -3.4e+38 -3.4e+38 -3.4e+38 -3.4e+38 -3.4e+38 3620 3525 3574 3500 3435 3507 3532 3613 3646 -3.4e+38 -3.4e+38 -3.4e+38 -3.4e+38 -3.4e+38 -3.4e+38 -3.4e+38 -3.4e+38 -3.4e+38 3977 3927 4012
-3.4e+38 -3.4e+38 -3.4e+38 -3.4e+38 -3.4e+38 -3.4e+38 -3.4e+38 -3.4e+38 -3.4e+38 -3.4e+38 4775 4776 4692 4723 4588 4541 4540 4529 4587 4629 4080 4097 4245 4181 4193 4326 4325 4439 4327 3966 4158 4252 3950 3889 3825 3800 3767 3744 -3.4e+38 -3.4e+38 -3.4e+38 -3.4e+38 -3.4e+38 -3.4e+38 -3.4e+38 -3.4e+38 -3.4e+38 -3.4e+38 -3.4e+38 3637 3542 3557 3497 3444 3456 3442 3582 3623 3650 3709 -3.4e+38 -3.4e+38 -3.4e+38 -3.4e+38 -3.4e+38 -3.4e+38 -3.4e+38 3935 3754 4000
-3.4e+38 -3.4e+38 -3.4e+38 -3.4e+38 -3.4e+38 -3.4e+38 -3.4e+38 -3.4e+38 -3.4e+38 -3.4e+38 4804 4730 4580 4646 4598 4504 4409 4383 4534 4449 4346 4399 4220 4154 4175 4239 4323 4509 4345 4161 4238 4343 3909 3955 3942 3899 3788 -3.4e+38 -3.4e+38 3932 3919 -3.4e+38 -3.4e+38 -3.4e+38 -3.4e+38 -3.4e+38 -3.4e+38 3716 3669 3564 3480 3491 3369 3458 3506 3537 3504 3635 3629 -3.4e+38 -3.4e+38 -3.4e+38 -3.4e+38 -3.4e+38 -3.4e+38 -3.4e+38 -3.4e+38 4005 3862 4008
-3.4e+38 -3.4e+38 -3.4e+38 -3.4e+38 -3.4e+38 -3.4e+38 -3.4e+38 -3.4e+38 -3.4e+38 -3.4e+38 4756 4706 4541 4443 4353 4077 4139 4082 4363 4101 3990 4103 4498 4370 4339 4278 4137 4450 4425 4498 4330 4344 4147 4119 3952 3991 3937 3941 3967 3983 3952 3933 -3.4e+38 -3.4e+38 -3.4e+38 -3.4e+38 -3.4e+38 3737 3621 3485 3307 3241 3428 3341 3316 3540 3526 3629 3641 -3.4e+38 -3.4e+38 -3.4e+38 -3.4e+38 -3.4e+38 -3.4e+38 -3.4e+38 -3.4e+38 4063 4013 4053
-3.4e+38 -3.4e+38 -3.4e+38 -3.4e+38 -3.4e+38 -3.4e+38 -3.4e+38 -3.4e+38 -3.4e+38 4830 4731 4696 4626 4384 4364 4253 4100 4085 4089 3627 3791 4143 4353 4405 4346 4177 4148 4151 4164 4218 4150 4310 4144 3970 4080 4129 3949 3981 4019 4026 3992 3946 3915 3820 3761 3696 3739 3680 3624 3475 3159 3428 3215 3176 3321 3365 3445 3460 3532 -3.4e+38 -3.4e+38 -3.4e+38 -3.4e+38 -3.4e+38 -3.4e+38 -3.4e+38 -3.4e+38 -3.4e+38 -3.4e+38 4071
-3.4e+38 -3.4e+38 -3.4e+38 -3.4e+38 -3.4e+38 -3.4e+38 -3.4e+38 -3.4e+38 4934 4829 4665 4619 4577 4526 4362 4170 3939 3777 3617 3631 3720 3786 3948 4226 4145 4195 4152 4085 4079 4145 4144 4263 4146 4292 4147 4139 3995 4141 4147 3944 3947 3924 3882 3797 3696 3687 3625 3528 3532 3294 3194 3211 3185 3106 3309 3463 3372 3498 3543 3738 3746 -3.4e+38 -3.4e+38 -3.4e+38 -3.4e+38 -3.4e+38 -3.4e+38 -3.4e+38 -3.4e+38 -3.4e+38
-3.4e+38 -3.4e+38 -3.4e+38 -3.4e+38 -3.4e+38 -3.4e+38 -3.4e+38 -3.4e+38 4816 4745 4720 4667 4580 4556 4518 4369 3989 3828 3996 3718 3552 3687 3800 3943 4203 4090 4190 3983 3972 3985 4141 4401 4118 4296 4149 4141 4142 4099 4025 4037 3945 3943 3809 3747 3614 3431 3278 3163 3312 3201 3003 3045 3172 3165 3449 3347 3529 3526 3690 3677 3629 -3.4e+38 -3.4e+38 -3.4e+38 -3.4e+38 -3.4e+38 -3.4e+38 -3.4e+38 -3.4e+38 -3.4e+38
-3.4e+38 -3.4e+38 -3.4e+38 -3.4e+38 -3.4e+38 -3.4e+38 -3.4e+38 -3.4e+38 -3.4e+38 4752 4742 4662 4592 4570 4595 4371 4304 4272 4206 3986 3825 3689 3852 3985 4094 4058 4019 3977 3935 3994 4152 4347 4150 4185 4241 4089 3989 3985 3974 3980 3986 3938 3774 3352 3247 3210 3029 2580 2860 2995 3051 3270 3305 3444 3546 3374 3403 3542 3632 3690 3732 -3.4e+38 -3.4e+38 -3.4e+38 -3.4e+38 -3.4e+38 -3.4e+38 -3.4e+38 -3.4e+38 -3.4e+38
-3.4e+38 -3.4e+38 -3.4e+38 -3.4e+38 -3.4e+38 -3.4e+38 -3.4e+38 -3.4e+38 -3.4e+38 -3.4e+38 -3.4e+38 4750 4646 4707 4698 4670 4305 4441 4415 4387 4316 3784 4040 4154 4181 4121 4009 3985 4002 3996 4154 4220 3982 3966 4155 4102 3959 3957 3843 3956 3931 3764 3474 3236 3064 3000 2848 2682 2522 2863 3373 3549 3510 3363 3631 3687 3721 3767 3782 3901 -3.4e+38 -3.4e+38 -3.4e+38 -3.4e+38 -3.4e+38 -3.4e+38 -3.4e+38 -3.4e+38 -3.4e+38 -3.4e+38
-3.4e+38 -3.4e+38 -3.4e+38 -3.4e+38 -3.4e+38 -3.4e+38 -3.4e+38 -3.4e+38 -3.4e+38 -3.4e+38 4742 4672 4576 4431 4566 4393 4626 4565 4555 4552 4335 3945 4132 4262 4162 4153 4063 4085 3992 4097 4158 4247 4041 3943 3969 4142 4144 4106 4008 3753 3700 3533 3364 3341 3160 2607 2654 2961 3267 3194 3191 3318 3192 3370 3562 3373 3188 3752 3844 -3.4e+38 -3.4e+38 -3.4e+38 -3.4e+38 -3.4e+38 -3.4e+38 -3.4e+38 -3.4e+38 -3.4e+38 -3.4e+38 -3.4e+38
-3.4e+38 -3.4e+38 -3.4e+38 -3.4e+38 -3.4e+38 -3.4e+38 -3.4e+38 -3.4e+38 -3.4e+38 -3.4e+38 4726 4676 4600 4566 4380 4282 4485 4329 4390 4383 4160 4291 4004 4136 4164 4154 4161 4036 3986 3983 4174 4337 4221 4096 3954 3968 3959 3961 4026 3756 3530 3126 3034 2863 3161 2651 3037 3323 3406 3420 3402 3473 3259 3165 3075 3261 3550 3757 -3.4e+38 -3.4e+38 -3.4e+38 -3.4e+38 -3.4e+38 -3.4e+38 -3.4e+38 -3.4e+38 -3.4e+38 -3.4e+38 -3.4e+38 -3.4e+38
-3.4e+38 -3.4e+38 -3.4e+38 -3.4e+38 -3.4e+38 -3.4e+38 -3.4e+38 -3.4e+38 -3.4e+38 -3.4e+38 -3.4e+38 4634 4581 4521 4326 4001 3989 3862 4019 3941 4164 3970 3993 4290 3992 4164 4118 4040 3987 3980 4122 4247 3977 3863 3844 3855 3780 3773 3620 3636 3577 3231 3071 3030 2557 2702 2908 2851 3344 3237 3428 3694 3593 3552 3260 3484 3557 3757 -3.4e+38 -3.4e+38 -3.4e+38 -3.4e+38 -3.4e+38 -3.4e+38 -3.4e+38 -3.4e+38 -3.4e+38 -3.4e+38 -3.4e+38 -3.4e+38
-3.4e+38 -3.4e+38 -3.4e+38 -3.4e+38 -3.4e+38 -3.4e+38 -3.4e+38 -3.4e+38 -3.4e+38 -3.4e+38 4720 4610 4530 3909 3795 3531 3432 3608 3800 3793 4062 3975 4257 4181 4177 4045 4001 3990 3950 3982 4056 4118 3980 3789 4004 3782 3750 3664 3587 3912 3773 3213 3317 3214 3022 2931 3215 3325 3223 3554 3207 3570 3762 3568 3443 3602 3559 3757 -3.4e+38 -3.4e+38 -3.4e+38 -3.4e+38 -3.4e+38 -3.4e+38 -3.4e+38 -3.4e+38 -3.4e+38 -3.4e+38 -3.4e+38 -3.4e+38
-3.4e+38 -3.4e+38 -3.4e+38 -3.4e+38 -3.4e+38 -3.4e+38 -3.4e+38 -3.4e+38 -3.4e+38 -3.4e+38 -3.4e+38 4579 4203 4005 3726 3533 3343 3541 3419 3653 3947 4171 4182 4283 4234 4061 4026 4001 3861 4126 4184 3957 3800 3763 3730 3838 3747 3594 3576 3789 3714 3598 3380 3321 2866 2810 2779 2690 3027 3157 3221 3472 3380 3826 3792 3532 3769 3935 -3.4e+38 -3.4e+38 -3.4e+38 -3.4e+38 -3.4e+38 -3.4e+38 -3.4e+38 -3.4e+38 -3.4e+38 -3.4e+38 -3.4e+38 -3.4e+38
-3.4e+38 -3.4e+38 -3.4e+38 -3.4e+38 -3.4e+38 -3.4e+38 -3.4e+38 -3.4e+38 -3.4e+38 -3.4e+38 -3.4e+38 4586 4387 4170 4195 3680 3255 3245 3418 3810 3956 4009 4183 4238 4237 4251 4004 3907 3820 4067 4168 3987 3841 3774 3786 3701 3596 3437 3393 3683 3395 3363 3566 3323 3031 2895 2827 2872 3044 3164 3032 3331 3470 3574 3566 3812 3824 -3.4e+38 -3.4e+38 -3.4e+38 -3.4e+38 -3.4e+38 -3.4e+38 -3.4e+38 -3.4e+38 -3.4e+38 -3.4e+38 -3.4e+38 -3.4e+38 -3.4e+38
-3.4e+38 -3.4e+38 -3.4e+38 -3.4e+38 -3.4e+38 -3.4e+38 -3.4e+38 -3.4e+38 -3.4e+38 -3.4e+38 -3.4e+38 -3.4e+38 -3.4e+38 4464 4361 3579 3412 3245 3250 3474 3856 3813 3995 4159 4059 4173 4001 3940 3828 3893 3991 4047 3760 3467 3636 3559 3417 3351 3395 3427 2991 2862 3269 3228 3038 2868 2934 3136 3095 3125 3414 3388 3545 3388 3634 3787 3975 -3.4e+38 -3.4e+38 -3.4e+38 -3.4e+38 -3.4e+38 -3.4e+38 -3.4e+38 -3.4e+38 -3.4e+38 -3.4e+38 -3.4e+38 -3.4e+38 -3.4e+38
-3.4e+38 -3.4e+38 -3.4e+38 -3.4e+38 -3.4e+38 -3.4e+38 -3.4e+38 -3.4e+38 -3.4e+38 -3.4e+38 -3.4e+38 4660 4319 4395 4293 4099 3432 3057 3456 3473 3429 3792 4148 4119 4064 4003 3982 3823 3821 3818 3886 3701 3611 3664 3598 3413 3352 3433 3224 3227 2789 2696 2863 3222 2991 3057 3069 3158 3275 3400 3515 3543 3450 3558 3728 3789 3922 -3.4e+38 4009 -3.4e+38 -3.4e+38 -3.4e+38 -3.4e+38 -3.4e+38 -3.4e+38 -3.4e+38 -3.4e+38 -3.4e+38 -3.4e+38 -3.4e+38
-3.4e+38 -3.4e+38 -3.4e+38 -3.4e+38 -3.4e+38 -3.4e+38 -3.4e+38 -3.4e+38 -3.4e+38 -3.4e+38 4626 4598 4397 4193 4295 4030 3822 3265 3413 3772 3901 4131 4019 3825 4142 3859 3969 3814 3821 3820 4015 3856 3433 3619 3602 3562 3466 3410 3384 3147 2723 2647 2864 3187 3404 3177 3173 3290 3426 3577 3676 3728 3455 3740 3798 3800 -3.4e+38 -3.4e+38 -3.4e+38 -3.4e+38 -3.4e+38 -3.4e+38 -3.4e+38 -3.4e+38 -3.4e+38 -3.4e+38 -3.4e+38 -3.4e+38 -3.4e+38 -3.4e+38
-3.4e+38 -3.4e+38 -3.4e+38 -3.4e+38 -3.4e+38 -3.4e+38 -3.4e+38 -3.4e+38 -3.4e+38 -3.4e+38 4596 4602 4482 4223 4399 4221 4041 3437 3602 3801 3999 3979 3922 3816 4146 3814 3817 3812 3812 3945 3806 3831 3881 3792 3608 3575 3512 3303 3230 3061 2739 2868 3046 3047 3321 3346 3220 3220 3380 3406 3419 3374 3580 3598 3764 -3.4e+38 -3.4e+38 -3.4e+38 -3.4e+38 -3.4e+38 -3.4e+38 -3.4e+38 -3.4e+38 -3.4e+38 -3.4e+38 -3.4e+38 -3.4e+38 -3.4e+38 -3.4e+38 -3.4e+38
-3.4e+38 -3.4e+38 -3.4e+38 -3.4e+38 -3.4e+38 -3.4e+38 -3.4e+38 -3.4e+38 -3.4e+38 4747 4605 4596 4604 4630 4435 4398 4058 3456 3621 3810 3970 3829 3869 3818 3807 3822 3814 3799 3845 3987 3749 3809 4009 3599 3512 3424 3531 3370 3256 3055 2880 3047 3047 3210 3581 3445 3191 3451 3060 3045 3040 3041 3326 3581 3776 3949 -3.4e+38 -3.4e+38 -3.4e+38 -3.4e+38 -3.4e+38 -3.4e+38 -3.4e+38 -3.4e+38 4096 4017 -3.4e+38 -3.4e+38 -3.4e+38 -3.4e+38
-3.4e+38 -3.4e+38 -3.4e+38 -3.4e+38 -3.4e+38 -3.4e+38 -3.4e+38 -3.4e+38 4746 4678 4742 4701 4606 4494 4400 4376 3815 3664 3626 3720 3624 3642 3841 4010 3794 3727 3817 3818 3824 4016 3808 3616 3617 3612 3717 3440 3425 3372 3083 2874 3046 3251 3131 3072 3363 3623 3619 3407 3533 3269 2850 3214 3384 3381 3785 -3.4e+38 -3.4e+38 -3.4e+38 -3.4e+38 -3.4e+38 -3.4e+38 -3.4e+38 -3.4e+38 -3.4e+38 4042 3972 -3.4e+38 -3.4e+38 -3.4e+38 -3.4e+38
-3.4e+38 -3.4e+38 -3.4e+38 -3.4e+38 -3.4e+38 -3.4e+38 -3.4e+38 -3.4e+38 4724 4582 4647 4630 4607 4539 4141 4140 4439 4210 3483 3765 3555 3630 3693 3872 3822 3636 3573 3817 4016 3621 3614 3744 3995 3805 3601 3437 3253 3301 3066 2878 3231 3458 3149 3291 3382 3309 3311 3630 3659 3352 3384 3340 3308 3462 3794 -3.4e+38 -3.4e+38 -3.4e+38 -3.4e+38 -3.4e+38 -3.4e+38 -3.4e+38 -3.4e+38 4153 3985 4156 -3.4e+38 -3.4e+38 -3.4e+38 -3.4e+38
-3.4e+38 -3.4e+38 -3.4e+38 -3.4e+38 -3.4e+38 -3.4e+38 -3.4e+38 4803 4624 4423 4512 4605 4608 4542 4234 3993 4283 4006 3382 3662 3556 3607 3624 3766 3814 3637 3760 3816 3632 3573 3650 3840 3783 3805 3613 3424 3425 3099 2863 3055 3071 3041 3508 3234 3399 3423 3314 3629 3796 3751 3668 3342 3432 3792 3976 4050 -3.4e+38 -3.4e+38 -3.4e+38 -3.4e+38 -3.4e+38 -3.4e+38 -3.4e+38 4150 4059 3834 4261 -3.4e+38 -3.4e+38 -3.4e+38
