data/bioclim/DD_51.asc
NCOLS 391 
NROWS 575 
XLLCORNER -1773000 
YLLCORNER 4368000 
CELLSIZE 1000 
NODATA_value -3.4e+38 
[rows 341 to 371 of 575, columns 70 to 139 of 391]
-3.4e+38 -3.4e+38 -3.4e+38 -3.4e+38 -3.4e+38 -3.4e+38 -3.4e+38 -3.4e+38 -3.4e+38 5535 5275 5398 5217 5201 5349 5286 5361 5356 5351 5336 5357 5351 5370 5459 5569 -3.4e+38 -3.4e+38 -3.4e+38 -3.4e+38 -3.4e+38 -3.4e+38 -3.4e+38 -3.4e+38 -3.4e+38 5560 -3.4e+38 5577 5551 5475 5495 5399 5440 5254 5194 4999 4910 4947 5179 -3.4e+38 -3.4e+38 -3.4e+38 -3.4e+38 -3.4e+38 5183 5090 4844 4663 4574 4742 4608 4623 4335 4265 4206 3990 4000 4204 4443 4774 4394
-3.4e+38 -3.4e+38 -3.4e+38 -3.4e+38 -3.4e+38 -3.4e+38 -3.4e+38 -3.4e+38 -3.4e+38 5535 5361 5376 5314 5177 4995 5366 5418 5449 5380 5375 5331 5288 5440 5558 5562 -3.4e+38 -3.4e+38 -3.4e+38 -3.4e+38 -3.4e+38 -3.4e+38 -3.4e+38 -3.4e+38 -3.4e+38 5563 5617 5562 5509 5431 5485 5397 5212 5160 5157 5083 4967 4850 5102 -3.4e+38 -3.4e+38 -3.4e+38 -3.4e+38 -3.4e+38 5033 4937 4810 4735 4801 4842 4748 4610 4543 4361 4235 4060 4304 4186 4303 4814 4809
-3.4e+38 -3.4e+38 -3.4e+38 -3.4e+38 -3.4e+38 -3.4e+38 -3.4e+38 -3.4e+38 -3.4e+38 5565 5506 5356 5106 5042 5057 5428 5437 5451 5411 5377 5357 5322 5366 5462 5552 -3.4e+38 -3.4e+38 5740 5693 -3.4e+38 -3.4e+38 -3.4e+38 -3.4e+38 -3.4e+38 -3.4e+38 5558 5466 5399 5432 5403 5229 5086 5046 5339 5161 4981 4764 5171 -3.4e+38 -3.4e+38 -3.4e+38 -3.4e+38 -3.4e+38 5077 5008 5037 4973 4862 4811 4799 4645 4501 4542 4223 4205 4392 4440 4244 4654 4966
-3.4e+38 -3.4e+38 -3.4e+38 -3.4e+38 -3.4e+38 -3.4e+38 -3.4e+38 -3.4e+38 -3.4e+38 5387 5455 5432 5367 5228 5239 5446 5428 5432 5426 5280 5204 5370 5366 5414 5556 5633 5700 5562 -3.4e+38 -3.4e+38 -3.4e+38 5748 5603 5607 5576 5567 5502 5420 5410 5246 5216 5066 5048 5208 5053 4838 4891 5105 -3.4e+38 -3.4e+38 -3.4e+38 5237 5208 5178 5031 5039 4831 4802 4951 4812 4712 4730 4563 4205 4410 4486 4610 4739 4656 4887
-3.4e+38 -3.4e+38 -3.4e+38 -3.4e+38 -3.4e+38 -3.4e+38 -3.4e+38 -3.4e+38 5565 5366 5468 5518 5505 5384 5394 5480 5454 5429 5378 5291 5219 5371 5433 5434 5389 5635 5562 5568 -3.4e+38 -3.4e+38 -3.4e+38 5590 5584 5583 5597 5576 5514 5476 5381 5343 5209 5180 5185 5110 5017 4860 4892 5131 -3.4e+38 -3.4e+38 5203 5174 5067 5024 5014 4815 4825 4946 5018 4815 4592 4887 4758 4732 4385 4388 4542 4834 4606 4696
-3.4e+38 -3.4e+38 -3.4e+38 -3.4e+38 -3.4e+38 -3.4e+38 -3.4e+38 -3.4e+38 -3.4e+38 5351 5524 -3.4e+38 -3.4e+38 5510 -3.4e+38 5510 5363 5385 -3.4e+38 -3.4e+38 5370 5308 5301 5256 5214 5378 5594 5673 5758 -3.4e+38 5758 5694 5599 5588 5586 5555 5416 5437 5414 5378 5400 5222 5091 5202 5017 4964 4826 5111 -3.4e+38 5122 5210 5126 5067 5013 4959 4612 4593 4997 5113 4993 4604 4785 5020 4734 4793 4853 4923 4818 4776 4805
-3.4e+38 -3.4e+38 -3.4e+38 -3.4e+38 -3.4e+38 -3.4e+38 -3.4e+38 -3.4e+38 -3.4e+38 5498 -3.4e+38 -3.4e+38 -3.4e+38 -3.4e+38 -3.4e+38 -3.4e+38 5370 5405 -3.4e+38 -3.4e+38 -3.4e+38 5366 5179 5193 5207 5396 5181 5578 5685 -3.4e+38 5756 5713 5651 5589 5557 5506 5477 5438 5413 5411 5397 5221 5024 5023 5031 5006 5084 5167 5066 5091 5060 5083 5034 5011 5030 4955 4795 5058 5214 5220 5181 5225 5221 5044 4998 5020 4786 4764 4811 5015
-3.4e+38 -3.4e+38 -3.4e+38 -3.4e+38 -3.4e+38 -3.4e+38 -3.4e+38 -3.4e+38 -3.4e+38 -3.4e+38 -3.4e+38 -3.4e+38 -3.4e+38 -3.4e+38 -3.4e+38 -3.4e+38 5533 5418 -3.4e+38 -3.4e+38 -3.4e+38 5350 5208 5193 5195 5196 5398 5574 5574 -3.4e+38 5762 5642 5600 5587 5590 5560 5527 5479 5448 5431 5407 5226 5033 5025 4890 4838 5056 5024 5024 5030 5022 4853 4861 4978 5033 5066 4976 5041 5256 5276 5303 5329 5342 5235 5061 5027 4851 4766 4767 5271
-3.4e+38 -3.4e+38 -3.4e+38 -3.4e+38 -3.4e+38 -3.4e+38 -3.4e+38 -3.4e+38 -3.4e+38 -3.4e+38 -3.4e+38 -3.4e+38 -3.4e+38 -3.4e+38 -3.4e+38 -3.4e+38 5463 -3.4e+38 -3.4e+38 -3.4e+38 -3.4e+38 5378 5332 5178 5199 5421 5597 5666 5819 -3.4e+38 5750 5756 5718 5619 5645 5607 5593 5539 5503 5462 5420 5154 5030 4796 4477 4464 4833 4830 5085 5028 4903 4882 4903 4909 4946 5020 5166 5220 5268 5297 5222 5158 5342 5326 5032 5054 5108 4626 4809 5204
-3.4e+38 -3.4e+38 -3.4e+38 -3.4e+38 -3.4e+38 -3.4e+38 -3.4e+38 -3.4e+38 -3.4e+38 -3.4e+38 -3.4e+38 -3.4e+38 -3.4e+38 -3.4e+38 -3.4e+38 -3.4e+38 -3.4e+38 -3.4e+38 -3.4e+38 -3.4e+38 5473 5445 5383 5199 5522 5611 5688 5777 -3.4e+38 5748 5713 5675 5651 5640 5511 5425 5269 5478 5458 5418 5278 5129 4736 4649 4491 4465 4624 4850 5033 5024 4889 4844 4801 4856 5022 5044 5134 5200 5232 5274 5373 5389 5416 5247 5082 5233 5279 5054 5189 5055
-3.4e+38 -3.4e+38 -3.4e+38 -3.4e+38 -3.4e+38 -3.4e+38 -3.4e+38 -3.4e+38 -3.4e+38 -3.4e+38 -3.4e+38 -3.4e+38 -3.4e+38 -3.4e+38 -3.4e+38 -3.4e+38 -3.4e+38 -3.4e+38 -3.4e+38 5532 5425 5399 5439 5485 5557 5678 5712 5795 -3.4e+38 5715 5671 5624 5653 5597 5438 5396 5427 5254 5426 5359 5235 5137 4934 4738 4651 4353 4458 4919 4934 4839 4803 4805 4691 4788 4749 4907 5041 5211 5271 5288 5324 5370 5441 5416 5426 5425 5278 5004 5350 5448
-3.4e+38 -3.4e+38 -3.4e+38 -3.4e+38 -3.4e+38 -3.4e+38 -3.4e+38 -3.4e+38 -3.4e+38 -3.4e+38 -3.4e+38 -3.4e+38 -3.4e+38 -3.4e+38 -3.4e+38 -3.4e+38 -3.4e+38 -3.4e+38 -3.4e+38 5459 5449 5408 5418 5355 5583 5655 5769 -3.4e+38 5777 5766 5745 5702 5582 5573 5435 5433 5429 5429 5271 5234 5197 5046 5004 4716 4536 4474 4668 4840 4835 4832 4820 4700 4660 4789 4649 4871 4964 5214 5121 4820 5061 5246 5398 5314 5393 5449 5238 5450 5528 5571
-3.4e+38 -3.4e+38 -3.4e+38 -3.4e+38 -3.4e+38 -3.4e+38 -3.4e+38 -3.4e+38 -3.4e+38 -3.4e+38 -3.4e+38 -3.4e+38 -3.4e+38 -3.4e+38 -3.4e+38 -3.4e+38 -3.4e+38 -3.4e+38 -3.4e+38 5462 5412 5360 5203 5354 5595 5702 5688 -3.4e+38 5770 5650 5635 5682 5621 5598 5547 5512 5410 5295 5224 5190 5083 4935 4816 4687 4467 4487 4618 4656 4866 4885 4982 4827 4731 4707 4901 4963 4933 4844 5044 5036 4910 5249 5246 5228 5228 5175 5391 5651 5569 -3.4e+38
-3.4e+38 -3.4e+38 -3.4e+38 -3.4e+38 -3.4e+38 -3.4e+38 -3.4e+38 -3.4e+38 -3.4e+38 -3.4e+38 -3.4e+38 -3.4e+38 -3.4e+38 -3.4e+38 -3.4e+38 -3.4e+38 -3.4e+38 -3.4e+38 -3.4e+38 5410 5321 5182 5294 5279 5543 5742 5788 -3.4e+38 5760 5679 5703 5743 5663 5624 5612 5518 5419 5427 5269 5386 5032 5047 5003 5034 4469 4209 4031 4514 4866 4844 5027 4836 4842 4653 4804 5016 5071 4855 4864 5040 5054 4992 5034 4996 5042 5214 5300 5692 5643 5666
-3.4e+38 -3.4e+38 -3.4e+38 -3.4e+38 -3.4e+38 -3.4e+38 -3.4e+38 -3.4e+38 -3.4e+38 -3.4e+38 -3.4e+38 -3.4e+38 -3.4e+38 -3.4e+38 -3.4e+38 -3.4e+38 -3.4e+38 -3.4e+38 5417 5440 5374 5413 5382 5267 5210 5638 5819 -3.4e+38 5752 5764 5586 5745 5542 5609 5431 5523 5524 5493 5471 5468 5386 5110 5034 4792 4888 4666 4511 4685 4837 4866 4877 4990 4843 4661 4647 4884 5119 5104 5034 4855 5070 5235 5045 5194 5245 5216 5451 5425 5622 5465
-3.4e+38 -3.4e+38 -3.4e+38 -3.4e+38 -3.4e+38 -3.4e+38 -3.4e+38 -3.4e+38 -3.4e+38 -3.4e+38 -3.4e+38 -3.4e+38 -3.4e+38 -3.4e+38 -3.4e+38 -3.4e+38 -3.4e+38 -3.4e+38 5416 5395 5308 5410 5392 5407 5531 5597 -3.4e+38 5908 5845 5608 5503 5303 5298 5446 5444 5429 5397 5227 5074 5470 5408 5227 5022 4438 4703 4507 4464 4650 4845 4790 4845 4988 5022 4823 4839 5043 5045 5039 5042 5270 5288 5285 5048 5245 5184 5228 5639 5653 5830 5466
-3.4e+38 -3.4e+38 -3.4e+38 -3.4e+38 -3.4e+38 -3.4e+38 -3.4e+38 -3.4e+38 -3.4e+38 -3.4e+38 -3.4e+38 -3.4e+38 -3.4e+38 -3.4e+38 -3.4e+38 -3.4e+38 5396 5295 5300 5284 5281 5230 5494 5525 5313 5375 -3.4e+38 -3.4e+38 -3.4e+38 5600 5477 5268 5347 5308 5434 5253 5074 5053 4893 5288 5356 5122 4844 4440 4470 4465 4453 4381 4644 4647 4693 4962 5166 4987 5061 5234 4853 4814 4940 5048 5294 5213 5502 5441 5582 5647 5764 5826 5800 5698
-3.4e+38 -3.4e+38 -3.4e+38 -3.4e+38 -3.4e+38 -3.4e+38 -3.4e+38 -3.4e+38 -3.4e+38 -3.4e+38 -3.4e+38 -3.4e+38 -3.4e+38 -3.4e+38 -3.4e+38 5372 5317 5353 5294 5287 5420 5412 5580 5674 5664 5739 5936 -3.4e+38 -3.4e+38 5785 5464 5458 5250 5255 5121 5203 5071 5021 4787 4865 5189 5239 5233 4828 4585 4451 4208 4381 4442 4758 4689 4825 5049 5313 5052 5246 5032 4854 4988 5093 5241 5272 5210 5056 5572 5535 5626 5710 5819 5863
-3.4e+38 -3.4e+38 -3.4e+38 -3.4e+38 -3.4e+38 -3.4e+38 -3.4e+38 -3.4e+38 -3.4e+38 -3.4e+38 -3.4e+38 -3.4e+38 -3.4e+38 -3.4e+38 5467 5425 5438 5354 5338 5364 5419 5439 5574 5793 5829 5859 5868 -3.4e+38 5842 5789 5596 5271 5238 5437 5097 5095 5075 5052 4923 4699 4972 4855 4750 5050 4849 4244 4374 4382 4519 4613 4841 4829 4919 5186 5410 5259 4852 4875 4851 5016 5070 5083 5255 5264 5119 5292 5474 5651 5809 5859
-3.4e+38 -3.4e+38 -3.4e+38 -3.4e+38 -3.4e+38 -3.4e+38 -3.4e+38 -3.4e+38 -3.4e+38 -3.4e+38 -3.4e+38 -3.4e+38 -3.4e+38 -3.4e+38 -3.4e+38 -3.4e+38 -3.4e+38 -3.4e+38 5381 5404 5324 5441 5609 5654 5746 5790 -3.4e+38 -3.4e+38 5779 5767 5426 5520 5512 5438 5111 5060 5146 5081 4922 4874 4561 4745 4676 4657 4408 4343 4499 4384 4405 4623 4847 4954 5062 5055 5038 5310 5038 5028 4816 4886 5061 5074 5239 5252 5233 5666 5582 5735 5813 5863
-3.4e+38 -3.4e+38 -3.4e+38 -3.4e+38 -3.4e+38 -3.4e+38 -3.4e+38 -3.4e+38 -3.4e+38 -3.4e+38 -3.4e+38 -3.4e+38 -3.4e+38 -3.4e+38 -3.4e+38 -3.4e+38 -3.4e+38 -3.4e+38 -3.4e+38 5288 5296 5289 5517 5689 5788 5882 -3.4e+38 -3.4e+38 5822 5794 5685 5491 5508 5521 5261 5306 5287 5233 5016 4859 4863 4661 4674 4450 4472 4469 4334 4664 4651 4669 4661 4949 5242 5341 5310 5491 5255 5057 4853 4889 5056 5230 5055 5032 5489 5228 5152 5252 5803 5815
-3.4e+38 -3.4e+38 -3.4e+38 -3.4e+38 -3.4e+38 -3.4e+38 -3.4e+38 -3.4e+38 -3.4e+38 -3.4e+38 -3.4e+38 -3.4e+38 -3.4e+38 -3.4e+38 -3.4e+38 -3.4e+38 -3.4e+38 5424 5401 5415 5423 5302 5574 5650 5795 5860 -3.4e+38 -3.4e+38 5897 5797 5780 5717 5686 5573 5408 5249 5188 5054 4922 4867 5052 4858 4473 4283 4281 4276 4330 4600 4956 5072 5056 5178 5264 5344 5277 5476 5475 5466 5283 4990 5283 5471 5392 5035 5298 4923 5053 5247 5649 5719
-3.4e+38 -3.4e+38 -3.4e+38 -3.4e+38 -3.4e+38 -3.4e+38 -3.4e+38 -3.4e+38 -3.4e+38 -3.4e+38 -3.4e+38 -3.4e+38 -3.4e+38 -3.4e+38 -3.4e+38 -3.4e+38 -3.4e+38 5417 5485 5572 5627 5524 5610 5791 5889 5812 5908 -3.4e+38 5877 5858 5824 5497 5285 5462 5382 5327 5241 5049 5189 5197 4680 4500 4542 4355 4300 3826 4392 4492 4540 4641 5057 4991 5089 5035 5280 5066 5264 5474 5295 5066 5282 5505 5465 5264 5385 5288 5068 5335 5685 5735
-3.4e+38 -3.4e+38 -3.4e+38 -3.4e+38 -3.4e+38 -3.4e+38 -3.4e+38 -3.4e+38 -3.4e+38 -3.4e+38 -3.4e+38 -3.4e+38 -3.4e+38 -3.4e+38 -3.4e+38 -3.4e+38 -3.4e+38 5463 5343 5251 5632 5736 5821 5811 5621 5816 5815 -3.4e+38 5819 5675 5608 5388 5502 5278 5384 5423 5258 5055 4944 5060 4840 4291 4087 4127 4274 4224 4121 4497 4478 4270 4586 4272 4716 4806 4668 4727 4872 5042 5302 5069 5298 5484 5682 5216 5260 5586 5439 5695 5693 5720
-3.4e+38 -3.4e+38 -3.4e+38 -3.4e+38 -3.4e+38 -3.4e+38 -3.4e+38 -3.4e+38 -3.4e+38 -3.4e+38 -3.4e+38 -3.4e+38 -3.4e+38 -3.4e+38 -3.4e+38 -3.4e+38 -3.4e+38 5350 5119 5216 5386 5614 5594 5428 5830 5934 -3.4e+38 -3.4e+38 5883 5664 5620 5480 5618 5515 5578 5643 5643 5264 5075 5085 5062 4294 4666 4262 3937 3795 4103 4489 4742 4736 4239 4600 4889 4999 4677 4673 4848 4876 5420 5617 5600 5704 5484 5493 5491 5416 5675 5581 5826 5814
-3.4e+38 -3.4e+38 -3.4e+38 -3.4e+38 -3.4e+38 -3.4e+38 -3.4e+38 -3.4e+38 -3.4e+38 -3.4e+38 -3.4e+38 -3.4e+38 -3.4e+38 -3.4e+38 -3.4e+38 -3.4e+38 -3.4e+38 5306 5324 5432 5525 5585 5439 5432 5632 5820 5943 -3.4e+38 5886 5814 5733 5597 5671 5702 5728 5527 5458 5270 5441 4881 4754 4753 4649 4337 4087 3796 4098 4509 4508 4546 4407 4677 4672 4886 5074 5004 5059 5078 5272 5271 5467 5617 5491 5686 5656 5486 5591 5774 5852 5887
-3.4e+38 -3.4e+38 -3.4e+38 -3.4e+38 -3.4e+38 -3.4e+38 -3.4e+38 -3.4e+38 -3.4e+38 -3.4e+38 -3.4e+38 -3.4e+38 -3.4e+38 -3.4e+38 -3.4e+38 -3.4e+38 -3.4e+38 -3.4e+38 5441 5401 5461 5455 5474 5439 5596 5717 5848 -3.4e+38 5949 5813 5783 5840 5818 5765 5645 5734 5649 5461 5223 5043 5069 4602 4644 4209 4381 4098 4478 4541 4684 4971 4876 4681 4874 4889 4701 4921 5335 5370 5289 5246 5162 5473 5815 5693 5698 5569 5597 5685 5753 5886
-3.4e+38 -3.4e+38 -3.4e+38 -3.4e+38 -3.4e+38 -3.4e+38 -3.4e+38 -3.4e+38 -3.4e+38 -3.4e+38 -3.4e+38 -3.4e+38 -3.4e+38 -3.4e+38 -3.4e+38 -3.4e+38 -3.4e+38 -3.4e+38 5278 5404 5398 5386 5479 5619 5685 5815 5948 -3.4e+38 5820 5915 5898 5751 5696 5638 5833 5824 5653 5454 5436 5097 4886 4808 4594 4801 4710 4055 4417 4519 4883 4587 4676 4866 5231 4685 4659 5004 5082 5382 5396 5293 5286 5325 5573 5761 5784 5691 5600 5699 5701 5840
-3.4e+38 -3.4e+38 -3.4e+38 -3.4e+38 -3.4e+38 -3.4e+38 -3.4e+38 -3.4e+38 -3.4e+38 -3.4e+38 -3.4e+38 -3.4e+38 -3.4e+38 -3.4e+38 -3.4e+38 -3.4e+38 -3.4e+38 -3.4e+38 5348 5282 5245 5260 5460 5723 5622 5708 5892 -3.4e+38 5996 5948 5914 5826 5641 5751 5856 5840 5643 5419 5438 5430 4847 5230 5049 4726 4717 4541 4226 4537 4725 4897 4999 4997 5282 5025 5058 5231 5158 5158 5301 5303 5470 5681 5710 5907 5928 5868 5694 5693 5800 5864
-3.4e+38 -3.4e+38 -3.4e+38 -3.4e+38 -3.4e+38 -3.4e+38 -3.4e+38 -3.4e+38 -3.4e+38 -3.4e+38 -3.4e+38 -3.4e+38 -3.4e+38 -3.4e+38 -3.4e+38 -3.4e+38 -3.4e+38 -3.4e+38 5384 5167 5202 5113 5422 5541 5572 5711 5886 -3.4e+38 5956 5941 5953 5830 5883 5800 5622 5468 5559 5286 5073 5112 5186 5030 4980 4852 4666 4492 4811 4785 4898 4896 4891 5035 5193 5394 5207 5300 5313 5486 5190 5214 5318 5684 5703 5726 5851 5923 5828 5767 5759 -3.4e+38
-3.4e+38 -3.4e+38 -3.4e+38 -3.4e+38 -3.4e+38 -3.4e+38 -3.4e+38 -3.4e+38 -3.4e+38 -3.4e+38 -3.4e+38 -3.4e+38 -3.4e+38 -3.4e+38 -3.4e+38 -3.4e+38 -3.4e+38 -3.4e+38 -3.4e+38 5294 5329 5177 5243 5421 5547 5643 5728 -3.4e+38 5962 5959 5914 5831 5923 5752 5514 5472 5583 5540 5243 5391 5396 5170 5239 5180 4808 4861 4923 5035 4771 5079 4894 5202 5204 5204 5093 5112 5302 5629 5535 5319 5488 5643 5724 5797 5879 5927 5923 5878 5895 -3.4e+38
