data/bioclim/DD_51.asc
NCOLS 391 
NROWS 575 
XLLCORNER -1773000 
YLLCORNER 4368000 
CELLSIZE 1000 
NODATA_value -3.4e+38 
[rows 341 to 371 of 575, columns 140 to 209 of 391]
4650 4923 4885 5199 5026 4990 4980 5100 5494 5409 5541 5459 5394 5358 5517 5585 5579 -3.4e+38 -3.4e+38 -3.4e+38 -3.4e+38 5682 5584 5543 5531 5543 5554 5350 5391 5428 5466 5384 5368 5402 5368 5192 5287 5357 -3.4e+38 -3.4e+38 5156 4984 4950 4958 4971 4949 5006 4944 4931 4914 4875 5002 5113 5072 4997 -3.4e+38 -3.4e+38 -3.4e+38 -3.4e+38 -3.4e+38 4939 4867 4734 4793 4649 4565 3945 4235 4546 4733
4795 4912 5207 5373 5322 4991 5197 5119 5396 5542 5600 5595 5532 5588 5521 5569 -3.4e+38 -3.4e+38 -3.4e+38 -3.4e+38 5603 5588 5457 5378 5177 5346 5449 5372 5327 5326 5243 5333 5279 5375 5126 5181 4984 5055 5346 5267 5158 4954 4939 5016 4980 4970 4974 5033 4925 4945 4932 5004 5010 5108 5186 -3.4e+38 -3.4e+38 -3.4e+38 -3.4e+38 -3.4e+38 4939 4826 4862 4761 4715 4475 4168 4098 4549 4726
4806 5002 5090 5299 5203 5193 5199 5202 5268 5411 5395 5539 -3.4e+38 5610 5580 5665 -3.4e+38 -3.4e+38 -3.4e+38 -3.4e+38 5606 5570 5443 5309 5184 5243 5183 5025 5077 5211 5083 5009 5222 5374 5278 5117 4983 5049 5277 5139 5024 5160 4992 5091 4985 4945 4976 5095 5093 4997 4981 4941 5171 5134 5210 -3.4e+38 -3.4e+38 -3.4e+38 -3.4e+38 -3.4e+38 4922 4928 4810 4759 4739 4415 4076 4143 4684 4546
5072 5180 5203 5083 5496 5203 5233 5236 5378 5474 5399 5576 -3.4e+38 5712 5614 -3.4e+38 -3.4e+38 -3.4e+38 -3.4e+38 5593 5586 5408 5270 5074 5176 5013 4984 4876 4764 5057 4813 4991 5204 5217 5213 4920 5005 5048 5184 5231 5003 4964 5141 5012 4937 4962 5095 5173 5057 4943 5136 5116 5136 5080 5251 -3.4e+38 -3.4e+38 -3.4e+38 -3.4e+38 -3.4e+38 4904 4927 4925 4915 4740 4565 4162 3966 4622 4933
5121 5324 5210 5208 5205 5448 5485 5139 5522 5528 5611 5485 -3.4e+38 5603 5667 -3.4e+38 -3.4e+38 -3.4e+38 5595 5522 5427 5231 5092 5099 4866 4743 4419 4631 4767 4994 4805 5204 4840 4789 4791 4982 5023 5095 5161 5169 5181 4965 4962 4913 4963 4997 4954 5152 5168 5142 4947 5221 5248 5189 5299 -3.4e+38 -3.4e+38 -3.4e+38 -3.4e+38 -3.4e+38 4970 4927 4928 4912 4637 4549 4280 4521 4929 4938
4867 5167 5288 5210 5214 5223 5471 5396 5425 5359 5619 5561 -3.4e+38 -3.4e+38 -3.4e+38 -3.4e+38 -3.4e+38 5554 5342 5209 5206 5235 5355 5229 4956 4642 4423 4692 4784 4981 4770 5160 4737 4652 4613 4810 4987 5090 5169 5128 4970 4970 4804 4919 4968 5008 5099 5150 5150 5229 4950 5136 5247 5322 5153 5158 -3.4e+38 -3.4e+38 -3.4e+38 -3.4e+38 4996 4948 5011 4749 4615 4561 4203 4551 4930 4977
5218 5013 5427 5156 5418 5279 5474 5633 5625 5449 5501 5728 -3.4e+38 5805 5759 5791 5551 5398 5400 5212 4870 4992 4903 5202 4898 4525 4395 4518 4830 4939 5045 5095 4735 4383 4677 4794 4981 5021 5140 5062 4980 4786 4781 4821 4958 5006 5085 5141 5140 5166 5215 5292 5324 5316 -3.4e+38 -3.4e+38 -3.4e+38 -3.4e+38 -3.4e+38 -3.4e+38 4997 5077 4995 4939 4752 4745 4555 4525 4887 4921
5244 5430 5455 5442 5423 5221 5242 5477 5602 5726 5647 -3.4e+38 5642 5610 5608 5594 5398 5171 5077 5214 5204 4618 4950 5242 4949 4829 4663 4611 4793 4766 4835 5012 4842 4604 4796 4931 4980 4931 4861 4998 5043 4962 4597 4723 4964 5005 5084 5151 5196 5259 5178 5326 -3.4e+38 -3.4e+38 -3.4e+38 -3.4e+38 -3.4e+38 -3.4e+38 -3.4e+38 -3.4e+38 5124 5114 5054 4940 4843 4745 4582 4743 4941 5013
5436 5428 5236 5417 5553 5124 5488 5516 5598 5825 5658 5799 5613 5613 5611 5560 5391 5408 5286 4718 4815 4626 4764 4966 4993 4931 4701 4402 4624 4417 4703 4839 4605 4646 4794 4790 4980 4771 4572 4680 4974 4973 4836 4624 4950 4784 4966 5188 5221 5263 5233 5262 -3.4e+38 -3.4e+38 -3.4e+38 -3.4e+38 -3.4e+38 -3.4e+38 -3.4e+38 -3.4e+38 -3.4e+38 5108 4971 4955 4528 4536 4791 4922 4953 5096
5305 5432 5493 5651 5432 5349 5464 5633 5650 5828 -3.4e+38 5757 5792 5531 5468 5207 4988 4938 5302 4859 4606 4418 4774 4812 4858 4995 4606 4405 4600 4843 4796 4679 4781 4786 4787 4692 4687 4632 4482 4743 5043 4812 4602 4762 4810 4845 4964 4966 5108 5248 5199 5224 -3.4e+38 -3.4e+38 -3.4e+38 -3.4e+38 -3.4e+38 -3.4e+38 -3.4e+38 -3.4e+38 -3.4e+38 4933 4922 4754 4397 4288 4731 4936 5101 5118
5447 5426 5446 5407 5564 5523 5428 5398 5667 -3.4e+38 5759 5643 5599 5464 5230 5167 5020 5019 5301 4951 4842 4339 4582 4476 4629 4614 4296 4509 4660 4525 4412 4680 4609 4591 4666 4603 4649 4486 4769 4977 5043 4962 4933 4922 4710 4655 4691 4916 5027 5175 5213 5153 5320 -3.4e+38 -3.4e+38 -3.4e+38 -3.4e+38 -3.4e+38 -3.4e+38 -3.4e+38 4997 4938 4922 4753 4298 3897 4430 4923 4972 5069
-3.4e+38 -3.4e+38 -3.4e+38 5471 5623 5641 5607 5626 5636 -3.4e+38 5834 5845 5602 5425 5217 5023 5239 5023 4799 5158 4950 4149 3989 4018 4412 4150 4249 4548 4622 4425 4519 4412 4449 4607 4420 4781 4484 4646 4730 4984 5046 4979 4878 4800 4721 4674 4704 4861 5027 5109 5148 5304 5346 -3.4e+38 -3.4e+38 -3.4e+38 -3.4e+38 -3.4e+38 -3.4e+38 -3.4e+38 5009 4895 4933 4759 4377 3926 4019 4988 5120 5148
-3.4e+38 -3.4e+38 -3.4e+38 -3.4e+38 -3.4e+38 -3.4e+38 5633 5752 5873 5842 5732 5630 5526 5428 5527 5450 5213 5022 5002 4822 4307 4020 3946 4234 4422 4398 4404 4395 4408 4512 4550 4491 4591 4718 4821 4784 4805 4794 4836 4981 5025 4971 4830 4840 4529 4563 4613 4854 4790 5021 5159 5194 5429 -3.4e+38 -3.4e+38 -3.4e+38 -3.4e+38 -3.4e+38 -3.4e+38 -3.4e+38 5024 4945 4935 4783 4048 4109 4719 5105 5156 5128
-3.4e+38 -3.4e+38 -3.4e+38 -3.4e+38 -3.4e+38 -3.4e+38 -3.4e+38 5704 -3.4e+38 5834 5701 5631 5429 5430 5226 5031 5027 4797 4769 4415 4167 4117 3956 4234 4284 4504 4405 4525 4613 4625 4602 4612 4616 4791 4891 4860 4905 4813 4817 4984 4947 4797 4917 4899 4680 4604 4791 4867 4974 5155 5081 5090 5436 -3.4e+38 -3.4e+38 -3.4e+38 -3.4e+38 -3.4e+38 -3.4e+38 -3.4e+38 5112 4937 4794 4630 4393 4371 4682 4919 5152 5131
5640 -3.4e+38 -3.4e+38 -3.4e+38 -3.4e+38 -3.4e+38 -3.4e+38 -3.4e+38 -3.4e+38 5779 5682 5661 5366 5226 5026 4825 5041 5017 4738 4317 4063 4189 4207 4337 4617 4362 4490 4439 4726 4710 4602 4619 4673 4861 4793 4943 4974 4802 4805 4983 4962 4892 4910 4973 4966 4826 4783 4945 5110 5212 5098 5265 5421 -3.4e+38 -3.4e+38 -3.4e+38 -3.4e+38 -3.4e+38 -3.4e+38 -3.4e+38 5068 4940 4831 4632 4574 4469 4761 4939 5152 5163
5631 -3.4e+38 -3.4e+38 -3.4e+38 -3.4e+38 -3.4e+38 -3.4e+38 -3.4e+38 5851 5730 5652 5637 5640 5207 5300 5029 4865 5028 4824 4215 4224 4236 4372 4662 4718 4422 4544 4679 4754 4806 4576 4768 4743 4691 4785 4980 5006 4851 4888 4912 4920 4862 4862 4976 5029 4955 5133 4942 5043 5164 4961 5144 -3.4e+38 -3.4e+38 -3.4e+38 -3.4e+38 -3.4e+38 -3.4e+38 -3.4e+38 -3.4e+38 5059 4970 4917 4768 4763 4737 4920 5152 5266 5137
5683 -3.4e+38 -3.4e+38 -3.4e+38 -3.4e+38 -3.4e+38 -3.4e+38 -3.4e+38 5844 5832 5762 5682 5643 5536 5262 4982 4833 4510 4068 3831 4061 4494 4533 4077 4331 4423 4625 4511 4608 4698 4585 4616 4576 4662 4789 4851 5020 4802 4801 4865 4888 4831 4806 4978 4966 4965 5096 4945 5178 5194 5096 5187 -3.4e+38 -3.4e+38 -3.4e+38 -3.4e+38 -3.4e+38 -3.4e+38 -3.4e+38 -3.4e+38 5146 4988 4951 4958 4572 4899 5136 5134 5316 5279
5850 -3.4e+38 -3.4e+38 -3.4e+38 -3.4e+38 -3.4e+38 -3.4e+38 -3.4e+38 5654 5621 5571 5535 5527 5357 5235 5250 4974 4564 3910 4178 4244 4374 4429 4616 4623 4781 4849 4858 4938 4817 4865 4856 4874 4612 4791 4807 4807 4987 4804 4940 4863 4830 4830 4860 4750 4523 4633 5061 5176 5219 5178 5361 -3.4e+38 -3.4e+38 -3.4e+38 -3.4e+38 -3.4e+38 -3.4e+38 -3.4e+38 -3.4e+38 5145 5039 4971 5037 4962 4952 4950 5321 4971 5142
5901 -3.4e+38 -3.4e+38 -3.4e+38 -3.4e+38 -3.4e+38 -3.4e+38 5915 5848 5747 5675 5683 5505 5571 5411 5244 5021 4813 4352 4036 4237 4230 4692 4231 4319 4885 4626 4619 4626 4835 4713 5012 4782 4615 4630 4815 5095 5076 4999 4979 4893 4793 4828 4831 4725 4449 4253 4857 5245 5397 5363 5321 5533 -3.4e+38 -3.4e+38 -3.4e+38 -3.4e+38 -3.4e+38 -3.4e+38 -3.4e+38 5154 5142 5145 5171 5156 4933 5146 5298 5140 5144
5867 -3.4e+38 -3.4e+38 -3.4e+38 -3.4e+38 -3.4e+38 -3.4e+38 5904 5843 5850 5743 5687 5693 5643 5585 5467 5011 4850 4608 4119 4465 4057 4144 4428 4614 4572 4784 4888 4882 4824 5046 4903 5021 4687 4814 5018 5144 5002 4983 4851 4826 4823 4829 4549 4826 4805 4990 5032 5115 5269 5418 5364 5381 -3.4e+38 -3.4e+38 -3.4e+38 -3.4e+38 -3.4e+38 -3.4e+38 -3.4e+38 5172 5188 5155 5247 5265 5107 5157 5350 4990 4959
5867 -3.4e+38 -3.4e+38 -3.4e+38 -3.4e+38 -3.4e+38 -3.4e+38 5911 5843 5648 5526 5657 5449 5467 5576 5478 5273 4782 4219 3734 4231 4030 3922 4030 4617 4635 4669 4831 4956 4828 5007 5024 5097 4925 4965 5020 5052 5032 5059 4837 4791 4728 4935 4964 5037 5108 4993 5182 5179 5273 5369 5323 5564 -3.4e+38 -3.4e+38 -3.4e+38 -3.4e+38 -3.4e+38 -3.4e+38 -3.4e+38 -3.4e+38 5191 5158 5384 5259 5335 5342 5358 5038 4967
5848 -3.4e+38 -3.4e+38 -3.4e+38 -3.4e+38 -3.4e+38 5942 5853 5767 5633 5660 5535 5503 5493 5461 5266 5102 4961 4914 4515 4202 4459 4170 4439 4036 4493 4859 5026 4859 4983 4873 4874 4897 5033 5029 5083 5140 5035 5123 4811 4776 4597 5019 5106 5161 5184 5187 5185 5135 5369 5363 5366 5557 -3.4e+38 -3.4e+38 -3.4e+38 -3.4e+38 -3.4e+38 -3.4e+38 -3.4e+38 -3.4e+38 -3.4e+38 5400 5484 5383 5404 5442 5305 5336 4774
5776 -3.4e+38 -3.4e+38 -3.4e+38 -3.4e+38 -3.4e+38 5945 5868 5839 5711 5578 5464 5443 5524 5475 5472 5252 5259 5051 4518 4479 4722 4436 4854 4587 4796 5008 5068 4863 5194 5036 5030 5034 4856 4827 5196 5241 5216 5105 5137 5037 4601 4811 4988 5146 5225 5237 5278 5301 5270 5486 5376 -3.4e+38 -3.4e+38 -3.4e+38 -3.4e+38 -3.4e+38 -3.4e+38 -3.4e+38 -3.4e+38 -3.4e+38 -3.4e+38 -3.4e+38 -3.4e+38 -3.4e+38 5440 5199 4946 5348 4967
5801 -3.4e+38 -3.4e+38 -3.4e+38 -3.4e+38 6033 5933 5728 5699 5665 5582 5475 5511 5461 5385 5450 5370 5216 5079 4791 4886 4690 4781 4922 4856 4869 5038 5050 5088 5048 5176 5127 5038 4906 4912 5035 5232 5237 5214 5221 5208 4837 4392 4703 4967 5273 5213 5173 5290 5408 5419 5550 -3.4e+38 -3.4e+38 -3.4e+38 -3.4e+38 -3.4e+38 -3.4e+38 -3.4e+38 -3.4e+38 -3.4e+38 -3.4e+38 -3.4e+38 -3.4e+38 5511 5466 5338 5151 4859 4959
5797 -3.4e+38 -3.4e+38 -3.4e+38 -3.4e+38 5971 5934 5868 5474 5464 5616 5627 5591 5471 5259 5330 5240 4332 5130 5135 5019 4720 4725 4927 4853 4922 5052 5164 5150 5277 5239 -3.4e+38 -3.4e+38 5064 5238 5081 5294 5237 5124 5246 5241 4903 4603 5027 5020 5293 5208 5076 5205 5387 5338 5418 -3.4e+38 -3.4e+38 -3.4e+38 -3.4e+38 -3.4e+38 -3.4e+38 -3.4e+38 -3.4e+38 -3.4e+38 -3.4e+38 -3.4e+38 5560 5166 5149 4913 4977 4851 4990
5888 -3.4e+38 -3.4e+38 -3.4e+38 -3.4e+38 5974 5877 5678 5474 5600 5483 5655 5520 5269 5292 5276 5256 5026 5329 5086 5067 4712 4770 5102 4983 5061 5126 5117 5238 5234 -3.4e+38 -3.4e+38 -3.4e+38 5103 5094 5232 5304 5217 5301 5241 5001 4969 4797 5037 5111 5220 5318 5323 5236 5458 5417 5537 5604 -3.4e+38 -3.4e+38 -3.4e+38 -3.4e+38 -3.4e+38 -3.4e+38 -3.4e+38 -3.4e+38 -3.4e+38 5395 5299 5176 5016 4960 4875 4766 4752
-3.4e+38 -3.4e+38 -3.4e+38 -3.4e+38 -3.4e+38 5979 5891 5777 5698 5729 5705 5573 5458 5486 5095 5265 5414 5427 5332 5154 4857 4511 4857 5073 5091 5084 5224 5264 5260 -3.4e+38 -3.4e+38 -3.4e+38 -3.4e+38 5167 5023 5247 5242 5357 5226 5221 4999 4815 5013 5209 5214 5144 5181 5401 5403 5513 5476 5516 -3.4e+38 -3.4e+38 -3.4e+38 -3.4e+38 -3.4e+38 -3.4e+38 -3.4e+38 -3.4e+38 -3.4e+38 5498 5385 5223 5264 5166 4992 4881 4834 4927
-3.4e+38 -3.4e+38 -3.4e+38 -3.4e+38 -3.4e+38 6002 5922 5879 5751 5771 5687 5515 5569 5700 5290 5495 5241 5274 5301 4853 4576 4616 5038 5236 5267 5251 5218 5237 5258 -3.4e+38 -3.4e+38 -3.4e+38 -3.4e+38 5065 5018 5037 5385 5469 5258 5343 5040 5030 5043 5228 5223 5284 5255 5411 5442 5457 5547 5522 -3.4e+38 -3.4e+38 -3.4e+38 -3.4e+38 -3.4e+38 -3.4e+38 -3.4e+38 -3.4e+38 5615 5409 5389 5356 5385 5040 5208 4994 5053 5086
-3.4e+38 -3.4e+38 -3.4e+38 -3.4e+38 -3.4e+38 6008 5965 5796 5741 5694 5689 5689 5791 5704 5562 5491 5084 5085 4969 4527 4811 4795 5040 5274 5294 5312 5272 5340 5364 -3.4e+38 -3.4e+38 -3.4e+38 5252 5248 5043 5040 5294 5413 5465 5245 5227 4799 5016 5307 5225 5296 5417 5410 5400 5423 5625 -3.4e+38 -3.4e+38 -3.4e+38 -3.4e+38 -3.4e+38 -3.4e+38 -3.4e+38 -3.4e+38 -3.4e+38 5532 5392 5317 5339 5143 5423 5364 5205 5147 5319
-3.4e+38 -3.4e+38 -3.4e+38 -3.4e+38 -3.4e+38 6013 5891 5816 5829 5738 5707 5697 5760 5683 5490 5084 5082 5079 4872 4073 4331 4228 5003 5259 5273 5383 5403 5365 -3.4e+38 -3.4e+38 -3.4e+38 -3.4e+38 5290 5229 5207 5250 5358 5382 5239 5242 5029 4801 5057 5237 5415 5425 5458 5470 5405 5616 5615 -3.4e+38 -3.4e+38 -3.4e+38 -3.4e+38 -3.4e+38 -3.4e+38 -3.4e+38 -3.4e+38 5614 5481 5188 5295 5487 5454 5382 5442 5434 5009 5059
-3.4e+38 -3.4e+38 -3.4e+38 -3.4e+38 6094 6039 5985 5924 5901 5803 5908 5784 5500 5498 5398 5216 5228 5083 4702 4196 4018 4684 5128 5342 5477 5480 5454 5453 -3.4e+38 -3.4e+38 -3.4e+38 -3.4e+38 5412 5181 5266 5045 5064 5344 5381 5244 5174 4977 5037 5235 5180 5427 5496 5553 5462 5625 5674 -3.4e+38 -3.4e+38 -3.4e+38 -3.4e+38 -3.4e+38 -3.4e+38 -3.4e+38 5596 5431 5393 5394 5323 5436 5494 5383 5449 5311 5021 4826
