data/bioclim/DD_51.asc
NCOLS 391 
NROWS 575 
XLLCORNER -1773000 
YLLCORNER 4368000 
CELLSIZE 1000 
NODATA_value -3.4e+38 
[rows 372 to 402 of 575, columns 210 to 279 of 391]
4859 4824 5244 5112 5015 5095 5014 4566 4093 4060 4238 4263 4241 4293 4454 4647 4666 4860 4869 4904 4449 4767 5308 5311 5323 5367 5542 5565 5728 5568 5988 6088 -3.4e+38 -3.4e+38 -3.4e+38 -3.4e+38 -3.4e+38 -3.4e+38 -3.4e+38 -3.4e+38 5831 5403 5426 4985 5242 4567 4723 4258 4050 3732 3329 3636 3842 4276 4593 4665 4353 4277 4402 4596 4448 4242 3660 3823 4176 4522 4480 4280 4116 4490
4864 4769 4828 4958 5179 4828 4795 4594 4201 4068 4144 4017 3848 4069 4235 4539 4829 5051 5076 4927 4675 5049 5087 5318 5104 5303 5452 5299 5255 5880 6063 6211 -3.4e+38 -3.4e+38 -3.4e+38 -3.4e+38 -3.4e+38 -3.4e+38 -3.4e+38 -3.4e+38 5956 5467 5613 5634 5241 4823 4514 4037 4315 3810 4040 4031 4241 4251 4466 4666 4538 4619 4651 4511 4406 4048 4143 4036 4275 4247 4686 4683 4663 4421
5025 4991 4465 4783 5091 4878 4829 4810 4643 4445 4068 4011 3652 3738 4551 4551 4426 4976 5078 5194 5284 4912 5445 5086 5266 5325 5297 5351 5555 5785 6000 6061 -3.4e+38 -3.4e+38 -3.4e+38 -3.4e+38 -3.4e+38 -3.4e+38 -3.4e+38 -3.4e+38 5840 5617 5691 5418 5241 5018 4703 4265 4718 4292 3839 4030 4290 4481 4580 4691 4721 4802 4472 4494 4234 4271 4114 3757 4112 4483 4483 4722 4863 4422
5150 4930 4453 4830 5096 5013 4873 4835 4797 4643 4453 3688 3648 4348 4463 4241 4629 4883 5299 5301 5186 4847 5105 5742 5320 5185 5278 5560 5588 5664 5838 -3.4e+38 -3.4e+38 -3.4e+38 -3.4e+38 -3.4e+38 -3.4e+38 -3.4e+38 -3.4e+38 6029 5869 5838 5561 5646 5406 5019 4682 4750 4872 4495 4048 4257 4488 4431 4526 4705 4777 4538 4281 4480 4253 4332 3915 3932 4112 4496 4710 4498 4984 4725
5228 5203 5133 5038 4967 5046 4946 4885 4711 4463 4232 3883 3838 4173 4361 4660 4685 4753 5018 5016 4979 5220 5287 5244 5766 5716 5116 5357 5251 5484 5757 -3.4e+38 -3.4e+38 -3.4e+38 -3.4e+38 -3.4e+38 -3.4e+38 -3.4e+38 6035 6036 5990 5838 5880 5702 5449 4971 4950 4950 4958 4589 4057 4272 4574 4547 4710 4753 4933 4719 4639 4484 4459 4294 4293 4186 3994 4459 4712 4721 4667 4927
5281 5251 5063 5040 5043 4861 4820 4659 4715 4252 4258 4031 4052 4041 4445 4407 4463 4890 4678 4927 5126 5226 5327 5424 5173 5964 5733 5427 5214 5564 5975 -3.4e+38 -3.4e+38 -3.4e+38 -3.4e+38 -3.4e+38 -3.4e+38 6155 6036 6079 5988 5847 5829 5467 5209 5023 4960 4983 5060 4961 4298 4168 4494 4488 4712 4719 4883 4847 4761 4429 4526 4266 4243 4530 4254 4493 4488 4831 4884 4988
5043 5241 4649 4846 4991 4857 4679 4460 4430 4437 4460 4251 4311 3819 4180 4226 4450 4625 4457 4672 4880 5122 5337 5178 5116 5354 5772 5472 5678 5821 5990 -3.4e+38 -3.4e+38 -3.4e+38 -3.4e+38 -3.4e+38 6276 6182 6040 5879 6042 5997 5802 5427 5600 5187 5413 5194 5168 4592 4301 4444 4252 4189 4558 4666 4808 4950 4871 4523 4507 4388 4258 4523 4435 4487 4432 4220 4885 5030
5047 5047 5045 4851 4991 5037 4983 4830 4289 4459 4580 4547 4195 4049 4047 4051 4280 4668 4249 4461 4694 4704 5164 5347 5605 5586 5928 5847 6009 6006 6100 -3.4e+38 -3.4e+38 -3.4e+38 -3.4e+38 -3.4e+38 6150 5965 5841 5391 5859 5839 5842 5660 5599 5414 4966 4893 4953 4554 4479 4290 3841 4071 4504 4718 4720 4942 4680 4687 4493 4736 4504 4524 4598 4488 4507 4507 4723 4956
5051 5079 4911 4854 4855 4963 4885 4878 4670 4692 4626 4591 4383 4245 4222 4089 4062 4454 4680 4741 5077 4901 5008 5322 5338 5348 5786 5770 5629 6212 6102 -3.4e+38 -3.4e+38 -3.4e+38 -3.4e+38 -3.4e+38 6210 6053 5958 5661 5727 5772 5656 5630 5334 4865 4929 4957 4964 4813 4702 4286 4123 4033 4273 4725 4954 5039 4682 4715 4496 4556 4820 4471 4641 4724 4699 4779 4638 5008
4817 4866 4987 4458 4813 4862 4896 4843 4880 4842 4680 4572 4579 4537 4523 4259 4063 4607 4720 4914 4898 5087 5223 5274 5340 5359 5383 5568 5769 6013 -3.4e+38 -3.4e+38 -3.4e+38 -3.4e+38 -3.4e+38 -3.4e+38 -3.4e+38 6039 6043 5661 5795 5843 5734 5440 5353 4893 5039 4956 4994 4994 4453 3993 4210 4041 4264 4580 4630 4681 4910 4734 4475 4497 4590 4536 4729 4755 4893 4932 4847 4959
4797 4718 4481 4536 4867 4870 4904 4777 4664 4474 4538 4637 4666 4886 4482 4466 4191 4297 4270 4667 4854 5126 5111 5200 5680 5362 5736 5854 6015 6126 -3.4e+38 -3.4e+38 -3.4e+38 -3.4e+38 -3.4e+38 -3.4e+38 6221 6141 6066 5817 5974 5840 5684 5630 5197 5212 4875 4974 4996 4890 4493 4588 4299 4263 4323 4500 4725 4732 4950 5071 4893 4716 4696 4725 4714 4733 4728 4934 4964 5133
4564 4848 4583 4366 4803 4869 5207 5082 4829 4727 4591 4664 5095 4955 4897 4896 4479 4353 4656 4825 4857 5125 5127 5219 5190 5773 5838 6000 6224 6206 -3.4e+38 -3.4e+38 -3.4e+38 -3.4e+38 -3.4e+38 -3.4e+38 6219 6047 6035 6063 5967 5839 5670 5631 5420 5338 5206 4989 4958 4630 5037 4703 4176 4499 4496 4479 4324 4501 4973 5161 5193 4900 4697 4865 4829 4958 4946 4813 4957 5278
4301 4483 4565 4120 4643 5094 5287 5288 5015 4993 4879 4656 5174 5098 4962 4700 4479 4817 5063 5120 4826 4909 5163 5108 5136 5217 5579 5801 5783 6207 -3.4e+38 -3.4e+38 -3.4e+38 -3.4e+38 -3.4e+38 6223 6043 6039 6025 5889 5869 5913 5856 5785 5236 5014 5128 4953 4966 4854 5183 5049 4861 4197 4665 4293 4319 4794 4661 4784 5040 5170 4737 5066 4919 5024 5045 5134 5199 5274
4029 4034 4624 3967 4382 5048 5413 5516 5395 5268 5374 5036 5107 5340 5254 4700 4509 5329 5340 5371 5269 5407 5347 5227 5229 5569 5673 5782 5844 -3.4e+38 -3.4e+38 -3.4e+38 -3.4e+38 -3.4e+38 -3.4e+38 6204 6164 6083 5871 5837 5840 5850 5833 5708 5471 5484 5413 5450 5102 5149 5349 5186 4203 4343 4528 4410 4365 4296 4510 4741 4969 5195 5049 4955 5171 5194 5195 5019 5201 5201
4170 4036 4010 4394 4864 4877 5462 5500 5576 5470 5314 5435 5444 5539 5322 4695 4876 5124 5349 5372 5372 5565 5455 5578 5232 5242 5794 6016 6089 -3.4e+38 -3.4e+38 -3.4e+38 -3.4e+38 -3.4e+38 6217 6198 -3.4e+38 -3.4e+38 5949 6036 6039 6042 6011 6004 5558 5504 5395 5451 5332 5438 4964 4738 4985 4960 4934 4304 4531 4043 4505 4534 4848 5169 5189 5215 5244 5238 5198 5202 5213 5340
4381 4251 3897 4278 4626 5092 5310 5528 5628 5712 5312 5544 5595 5591 5536 5254 5145 5355 5319 5370 5332 5595 5635 5671 5657 5574 5865 6044 6151 -3.4e+38 -3.4e+38 -3.4e+38 -3.4e+38 6299 6203 6162 -3.4e+38 -3.4e+38 5834 6036 6083 5998 6010 5847 5433 5141 5184 5202 5053 5025 4584 4969 4797 4965 4767 4676 4692 4576 4707 4735 4971 5171 5222 5244 5245 5276 5251 5227 5207 5434
4182 4097 3762 3897 4618 5096 5180 5246 5545 5706 5548 5527 5536 5742 5678 5537 5317 4907 5096 5432 5251 5177 5653 5697 5701 5788 5867 6039 -3.4e+38 -3.4e+38 -3.4e+38 -3.4e+38 -3.4e+38 6086 6191 6120 -3.4e+38 -3.4e+38 6034 6101 6075 6009 5839 5640 5211 4529 4690 5184 4724 4913 4944 4739 4921 4745 4909 4663 4777 4797 4864 4963 4929 4966 5009 5048 4967 4968 5337 5248 5339 5400
4393 3610 3717 3936 4367 4541 4862 5094 5368 5557 5692 5524 5480 5752 5678 5423 5335 5084 5115 5535 5587 5566 5479 5691 5882 5930 5847 -3.4e+38 -3.4e+38 -3.4e+38 -3.4e+38 6369 6001 6210 6182 6065 -3.4e+38 -3.4e+38 -3.4e+38 6139 6043 5895 5663 5419 4994 4458 4503 4826 4836 4465 4550 4739 4808 4757 4799 4739 4778 4934 4965 4976 4972 4953 4970 4869 5175 5207 5206 5269 5357 5361
4389 4099 3677 3667 4216 4469 4885 5146 5240 5315 5643 5761 5795 5785 5615 5535 5399 5126 5130 5128 5441 5790 5842 5703 6009 6034 6018 -3.4e+38 -3.4e+38 -3.4e+38 -3.4e+38 6208 6026 6093 6091 6048 6214 6224 6224 6078 6044 5898 5561 5423 5092 4800 4513 4792 4557 4288 4410 4511 4615 4732 4761 4898 4733 4748 4868 4999 5080 4971 5062 5148 5206 5210 5243 5342 5359 -3.4e+38
3990 3928 4089 3892 3508 4328 4472 4880 5164 5319 5521 5740 5778 5730 5779 5796 5548 5268 5131 5343 5356 5661 5796 5874 6034 6055 6044 -3.4e+38 -3.4e+38 -3.4e+38 6230 6003 6214 5964 6036 6229 6216 6221 6215 6128 6082 5854 5618 5244 5172 4773 4085 4110 4082 4304 4518 4570 4586 4731 4736 4885 4911 4895 4737 4959 4985 4978 5205 5203 5306 5309 5326 5307 -3.4e+38 -3.4e+38
4077 4168 4294 4234 3511 3816 4278 4741 5227 5528 5750 5745 5803 5861 5720 5822 5763 5130 5415 5505 5581 5783 5790 6012 6028 6102 -3.4e+38 -3.4e+38 -3.4e+38 -3.4e+38 -3.4e+38 6321 6129 6109 6003 6030 6218 6251 6215 6122 6040 5915 5661 5385 5207 4780 3788 3856 4293 4220 4328 4499 4507 4671 4738 4883 4510 4736 4896 5111 5139 5080 5144 5214 5213 5230 5289 -3.4e+38 -3.4e+38 -3.4e+38
4142 4288 4496 4444 4004 4001 4454 4702 5155 5488 5629 5746 5779 5854 5966 5980 5915 5324 5600 5885 6005 5813 5788 5848 5980 6079 -3.4e+38 -3.4e+38 -3.4e+38 -3.4e+38 6196 6001 6092 6382 6148 6162 6284 6290 6222 6133 5939 5639 5294 5264 5080 4743 4332 3707 3935 3905 4327 4377 4518 4736 4822 4740 4531 4708 4744 4961 5012 4979 5211 5203 5211 -3.4e+38 -3.4e+38 -3.4e+38 -3.4e+38 -3.4e+38
4516 4690 4426 4252 3978 3880 4291 4615 5160 5319 5532 5716 5770 5786 5974 6023 5766 5139 5777 5777 6045 5904 5858 6023 5874 -3.4e+38 -3.4e+38 -3.4e+38 -3.4e+38 -3.4e+38 6067 6014 6136 6229 6211 6216 6308 6225 6231 6027 5938 5919 5692 5160 4981 4742 4539 4143 3596 3824 4455 4508 4655 4736 4731 4474 4662 4829 4681 4961 4952 5143 5231 5191 -3.4e+38 -3.4e+38 -3.4e+38 -3.4e+38 -3.4e+38 5205
4910 4910 4660 4463 3808 3504 3885 4494 4894 5125 5502 5757 5795 5868 5934 5978 6017 5139 5661 5995 6069 6052 5837 6046 -3.4e+38 -3.4e+38 -3.4e+38 -3.4e+38 -3.4e+38 6184 5945 6017 5818 5823 6024 6226 6402 6388 6243 6275 6054 5890 5428 5384 5190 4956 4860 4528 3891 4144 4423 4519 4612 4727 4731 4785 4499 4750 4477 4812 4963 5023 5200 5196 -3.4e+38 -3.4e+38 -3.4e+38 -3.4e+38 -3.4e+38 5206
5021 4738 4513 4466 4112 3477 3684 4004 5120 5547 5620 5752 5783 5844 5914 5975 6047 5536 5826 6164 6155 5904 6045 6153 -3.4e+38 -3.4e+38 -3.4e+38 -3.4e+38 -3.4e+38 6184 6047 5515 5229 5698 6002 6225 6285 6417 6234 6110 6273 6011 6014 5665 5453 4812 4320 4187 4304 4133 4421 4509 4549 4606 4658 4749 4582 4603 4415 4748 4970 5046 5195 -3.4e+38 -3.4e+38 -3.4e+38 -3.4e+38 -3.4e+38 5096 4973
4880 4693 4482 4276 4131 4345 4374 4301 5141 5122 5365 5713 5786 5869 5946 5973 5982 6091 5995 5855 6200 5894 6097 -3.4e+38 -3.4e+38 -3.4e+38 -3.4e+38 -3.4e+38 -3.4e+38 6045 5882 5549 5065 5553 5993 6216 6321 6394 6240 6221 5914 5604 5215 5199 5320 4629 4090 4307 4257 4320 4467 4485 4537 4699 4743 4575 4506 4513 4351 4548 4739 4966 5093 -3.4e+38 -3.4e+38 -3.4e+38 4992 4968 4973 4873
4745 4725 4648 4141 3888 4243 4722 4307 4557 4734 5063 5577 5790 5890 5904 5953 5938 5819 5737 5908 6106 5994 -3.4e+38 -3.4e+38 -3.4e+38 -3.4e+38 -3.4e+38 -3.4e+38 -3.4e+38 6020 5881 5506 5209 5422 5920 6103 6138 6296 6207 6035 5814 5818 5618 5356 5043 4728 4001 4151 4299 4326 4444 4552 4608 4640 4702 4588 4496 4436 4353 4483 4734 4967 5022 -3.4e+38 -3.4e+38 4999 4954 4967 4997 4984
4925 4831 4611 4270 3732 3887 4099 4852 4766 4927 5119 5638 5759 5758 5807 5913 5937 5811 5844 5984 6002 -3.4e+38 -3.4e+38 -3.4e+38 -3.4e+38 -3.4e+38 -3.4e+38 -3.4e+38 -3.4e+38 6068 5890 5458 5396 5363 6222 6280 6418 6219 6221 6124 5896 5650 5479 5450 5181 4551 3988 3875 4323 4520 4521 4514 4601 4641 4647 4567 4378 4287 4296 4642 4867 5059 4969 5068 5072 4974 4929 4701 4743 4663
5046 4829 4614 4102 3802 3679 4140 4654 5133 5222 5434 5640 5488 5579 5768 5876 5883 5821 5978 5776 5988 -3.4e+38 -3.4e+38 -3.4e+38 -3.4e+38 -3.4e+38 -3.4e+38 -3.4e+38 -3.4e+38 6206 6048 5823 5584 5864 6217 6397 6291 6215 6185 6067 6036 5663 4988 5255 4936 4416 4276 4533 4315 4409 4514 4557 4524 4617 4601 4594 4289 4063 4412 4543 4753 4963 4972 4970 4975 4972 4945 4701 4737 4504
5141 4761 4540 4155 3590 3655 4021 4669 4932 5179 5147 5454 5355 5559 5773 5877 5867 5804 5590 5599 5988 -3.4e+38 -3.4e+38 -3.4e+38 -3.4e+38 -3.4e+38 -3.4e+38 -3.4e+38 6210 6210 6163 6121 6086 6178 6207 6419 6392 6299 6237 6079 5208 4910 4679 5191 4663 4779 4795 4962 4339 4490 4508 4516 4527 4581 4511 4509 4517 4213 4287 4507 4628 4773 4972 4965 4967 4970 4786 4507 4850 4496
5146 4730 3897 4122 3987 3497 4022 4350 4935 4928 4925 5393 5567 5567 5883 5910 5844 5755 5377 5378 5816 -3.4e+38 -3.4e+38 -3.4e+38 -3.4e+38 -3.4e+38 -3.4e+38 -3.4e+38 6390 6208 6212 6204 6250 6381 6349 6286 6411 6288 -3.4e+38 5810 5403 5198 4845 4819 4959 5163 5165 5199 4764 4727 4493 4488 4508 4404 4444 4381 4506 4213 3996 4270 4385 4738 4928 4819 4845 5002 4829 4648 4497 4485
