data/bioclim/eFFP1.asc
NCOLS 391 
NROWS 575 
XLLCORNER -1773000 
YLLCORNER 4368000 
CELLSIZE 1000 
NODATA_value -3.4e+38 
[rows 224 to 255 of 575, columns 73 to 145 of 391]
325 325 323 323 323 321 319 319 316 317 320 320 321 322 319 317 319 316 315 315 316 316 317 317 317 317 318 -3.4e+38 -3.4e+38 318 318 318 317 316 316 315 315 313 311 312 310 308 306 307 309 309 310 310 312 313 313 -3.4e+38 -3.4e+38 -3.4e+38 -3.4e+38 -3.4e+38 -3.4e+38 313 312 311 310 309 309 307 309 310 311 311 -3.4e+38 311 311 310 310
325 324 324 323 323 322 320 318 318 315 316 319 320 321 320 321 319 317 315 315 315 316 316 317 317 317 317 -3.4e+38 -3.4e+38 -3.4e+38 318 318 317 315 315 315 315 315 313 313 310 307 307 309 309 310 310 310 312 312 313 314 -3.4e+38 -3.4e+38 -3.4e+38 -3.4e+38 -3.4e+38 313 312 311 311 310 309 309 309 311 311 -3.4e+38 -3.4e+38 311 312 309 310
325 323 323 323 323 321 323 322 321 318 317 317 317 318 321 319 317 317 316 314 314 313 316 316 317 317 318 318 -3.4e+38 -3.4e+38 319 318 317 317 318 316 311 311 312 313 311 310 306 306 310 309 309 311 311 312 313 314 -3.4e+38 -3.4e+38 -3.4e+38 -3.4e+38 -3.4e+38 313 313 311 310 309 307 308 309 312 312 -3.4e+38 312 312 311 309 305
325 324 325 325 324 324 321 319 319 318 316 315 316 318 321 319 319 317 316 314 314 313 314 316 316 317 318 318 -3.4e+38 -3.4e+38 -3.4e+38 318 318 318 316 315 313 311 311 313 312 311 309 308 308 310 311 311 312 312 313 314 -3.4e+38 -3.4e+38 -3.4e+38 -3.4e+38 -3.4e+38 -3.4e+38 314 313 312 311 309 310 310 312 313 -3.4e+38 312 312 312 311 307
326 326 325 323 325 325 323 321 319 317 316 318 315 316 321 320 318 317 317 316 313 315 315 316 316 317 317 318 318 -3.4e+38 -3.4e+38 319 319 318 316 316 313 312 311 313 313 311 309 310 311 311 311 311 312 313 314 314 -3.4e+38 -3.4e+38 -3.4e+38 -3.4e+38 -3.4e+38 -3.4e+38 -3.4e+38 313 312 311 312 308 311 312 -3.4e+38 -3.4e+38 312 312 310 309 309
327 326 324 325 326 -3.4e+38 322 321 319 319 318 320 320 316 320 320 319 316 317 315 314 313 315 316 316 317 317 318 318 -3.4e+38 -3.4e+38 -3.4e+38 319 318 318 316 315 313 314 314 314 312 308 311 311 311 311 311 311 314 314 314 -3.4e+38 -3.4e+38 -3.4e+38 -3.4e+38 -3.4e+38 -3.4e+38 -3.4e+38 -3.4e+38 312 312 312 312 312 313 -3.4e+38 312 312 312 311 309 307
327 327 325 -3.4e+38 -3.4e+38 -3.4e+38 325 323 323 317 317 317 320 321 317 318 319 318 317 316 315 313 314 316 316 317 318 319 319 -3.4e+38 -3.4e+38 -3.4e+38 320 318 317 316 316 316 315 314 312 311 310 308 309 310 313 313 313 313 314 -3.4e+38 -3.4e+38 -3.4e+38 -3.4e+38 -3.4e+38 -3.4e+38 -3.4e+38 -3.4e+38 -3.4e+38 314 313 314 312 -3.4e+38 -3.4e+38 -3.4e+38 313 312 312 311 310 306
328 328 327 -3.4e+38 -3.4e+38 -3.4e+38 -3.4e+38 325 325 319 316 319 317 318 315 317 317 318 318 316 314 313 313 315 316 317 318 319 318 319 -3.4e+38 -3.4e+38 320 318 318 316 316 316 314 314 312 311 308 309 310 311 312 313 313 313 313 -3.4e+38 -3.4e+38 -3.4e+38 -3.4e+38 -3.4e+38 -3.4e+38 -3.4e+38 -3.4e+38 -3.4e+38 315 315 315 -3.4e+38 -3.4e+38 -3.4e+38 313 313 313 312 311 309 305
328 328 -3.4e+38 -3.4e+38 -3.4e+38 -3.4e+38 -3.4e+38 -3.4e+38 322 320 316 316 316 318 318 314 317 317 317 316 315 312 312 314 315 317 317 318 318 319 -3.4e+38 -3.4e+38 320 319 317 318 318 316 315 313 312 308 308 306 308 307 311 312 313 313 314 -3.4e+38 -3.4e+38 -3.4e+38 -3.4e+38 -3.4e+38 -3.4e+38 -3.4e+38 -3.4e+38 -3.4e+38 -3.4e+38 -3.4e+38 315 -3.4e+38 314 313 313 313 312 311 311 308 305
326 328 -3.4e+38 -3.4e+38 -3.4e+38 -3.4e+38 -3.4e+38 325 324 323 319 315 317 319 316 314 318 318 318 316 315 313 312 313 313 316 318 318 319 320 -3.4e+38 -3.4e+38 320 319 319 318 319 316 316 312 310 309 307 306 305 307 309 312 313 314 315 315 -3.4e+38 -3.4e+38 -3.4e+38 -3.4e+38 -3.4e+38 -3.4e+38 -3.4e+38 -3.4e+38 -3.4e+38 -3.4e+38 -3.4e+38 -3.4e+38 314 313 313 313 312 311 310 310 307
326 -3.4e+38 -3.4e+38 -3.4e+38 -3.4e+38 -3.4e+38 -3.4e+38 -3.4e+38 325 323 320 314 317 317 317 315 318 318 318 316 315 314 314 313 314 316 317 318 319 319 -3.4e+38 -3.4e+38 321 321 319 320 319 317 317 316 314 311 310 309 308 307 310 312 313 314 315 315 -3.4e+38 -3.4e+38 -3.4e+38 -3.4e+38 -3.4e+38 -3.4e+38 -3.4e+38 -3.4e+38 -3.4e+38 -3.4e+38 -3.4e+38 -3.4e+38 313 312 312 312 311 311 310 309 305
328 -3.4e+38 -3.4e+38 -3.4e+38 -3.4e+38 -3.4e+38 -3.4e+38 327 326 325 319 315 315 314 320 319 318 319 318 317 316 314 311 310 314 314 316 318 319 319 -3.4e+38 -3.4e+38 321 320 321 319 318 317 317 317 317 314 311 308 306 306 308 309 313 314 314 315 -3.4e+38 -3.4e+38 -3.4e+38 -3.4e+38 -3.4e+38 -3.4e+38 -3.4e+38 -3.4e+38 -3.4e+38 -3.4e+38 -3.4e+38 314 313 312 312 310 311 310 310 303 304
-3.4e+38 -3.4e+38 -3.4e+38 -3.4e+38 -3.4e+38 -3.4e+38 -3.4e+38 -3.4e+38 325 325 322 318 315 318 319 321 316 319 318 317 316 313 312 309 312 314 313 317 320 320 -3.4e+38 -3.4e+38 322 322 321 319 318 317 318 316 315 315 313 311 308 308 309 311 312 314 315 314 -3.4e+38 -3.4e+38 -3.4e+38 -3.4e+38 -3.4e+38 -3.4e+38 -3.4e+38 -3.4e+38 -3.4e+38 315 314 314 313 312 312 311 307 306 307 303 303
-3.4e+38 -3.4e+38 -3.4e+38 -3.4e+38 -3.4e+38 -3.4e+38 -3.4e+38 -3.4e+38 325 325 324 317 315 317 321 322 318 321 319 318 316 316 315 313 309 313 314 318 320 320 -3.4e+38 -3.4e+38 -3.4e+38 321 321 320 319 319 317 316 315 313 311 311 308 309 311 312 313 314 314 314 314 -3.4e+38 -3.4e+38 -3.4e+38 -3.4e+38 -3.4e+38 -3.4e+38 -3.4e+38 -3.4e+38 315 314 314 313 312 311 310 308 307 305 304 308
-3.4e+38 -3.4e+38 -3.4e+38 -3.4e+38 -3.4e+38 -3.4e+38 -3.4e+38 -3.4e+38 326 325 324 317 315 319 319 323 317 319 321 318 317 316 315 312 313 315 317 319 319 320 -3.4e+38 -3.4e+38 -3.4e+38 322 322 320 320 318 317 315 313 314 313 309 307 309 310 312 314 314 314 314 314 315 315 316 316 316 316 -3.4e+38 -3.4e+38 316 315 314 313 312 311 311 310 307 300 306 309
-3.4e+38 -3.4e+38 -3.4e+38 -3.4e+38 -3.4e+38 -3.4e+38 -3.4e+38 -3.4e+38 326 325 324 319 316 317 317 320 322 317 319 320 318 316 319 312 313 316 318 319 320 320 -3.4e+38 -3.4e+38 -3.4e+38 322 322 320 320 318 317 317 313 315 314 312 307 308 310 309 313 313 313 314 315 315 315 316 316 316 316 316 -3.4e+38 315 315 315 314 311 311 310 310 308 304 307 308
-3.4e+38 -3.4e+38 -3.4e+38 -3.4e+38 -3.4e+38 -3.4e+38 -3.4e+38 -3.4e+38 326 326 324 322 316 317 320 321 322 317 322 320 321 319 318 317 316 314 317 320 321 321 322 -3.4e+38 -3.4e+38 322 322 320 319 318 318 316 317 314 312 310 308 310 310 310 312 314 315 315 315 315 315 316 316 317 316 317 -3.4e+38 316 316 315 314 312 313 312 311 307 306 305 310
-3.4e+38 -3.4e+38 -3.4e+38 -3.4e+38 -3.4e+38 -3.4e+38 -3.4e+38 -3.4e+38 327 327 324 324 322 318 321 322 324 322 319 321 319 319 317 316 318 315 318 320 321 322 322 -3.4e+38 -3.4e+38 323 322 321 320 319 316 316 316 315 314 312 308 309 311 311 313 313 315 315 316 316 316 317 317 317 318 317 317 -3.4e+38 316 317 316 314 313 311 312 309 309 309 311
-3.4e+38 -3.4e+38 -3.4e+38 -3.4e+38 -3.4e+38 -3.4e+38 -3.4e+38 -3.4e+38 328 328 325 322 317 317 321 322 323 325 319 323 319 319 318 318 318 319 319 319 320 322 323 -3.4e+38 -3.4e+38 -3.4e+38 322 322 320 320 318 314 312 310 310 310 305 308 306 311 310 312 313 315 316 -3.4e+38 -3.4e+38 -3.4e+38 317 318 318 318 317 -3.4e+38 -3.4e+38 317 315 315 314 313 313 311 311 312 316
-3.4e+38 -3.4e+38 -3.4e+38 -3.4e+38 -3.4e+38 -3.4e+38 -3.4e+38 -3.4e+38 -3.4e+38 327 325 323 319 318 320 321 322 322 325 321 319 319 319 317 320 320 320 321 322 323 324 -3.4e+38 -3.4e+38 -3.4e+38 323 323 321 320 319 314 312 309 305 307 305 305 306 308 312 312 313 315 316 -3.4e+38 -3.4e+38 -3.4e+38 -3.4e+38 319 320 319 318 -3.4e+38 -3.4e+38 -3.4e+38 316 315 315 315 313 313 313 314 316
-3.4e+38 -3.4e+38 -3.4e+38 -3.4e+38 -3.4e+38 -3.4e+38 -3.4e+38 -3.4e+38 -3.4e+38 328 326 322 322 323 318 322 322 324 325 322 323 320 319 319 319 320 321 321 322 323 324 -3.4e+38 -3.4e+38 -3.4e+38 323 323 321 321 319 317 315 311 309 307 305 307 308 311 312 312 313 314 316 317 317 -3.4e+38 -3.4e+38 -3.4e+38 -3.4e+38 320 318 -3.4e+38 -3.4e+38 -3.4e+38 -3.4e+38 317 316 316 314 314 315 316 316
-3.4e+38 -3.4e+38 -3.4e+38 -3.4e+38 -3.4e+38 -3.4e+38 -3.4e+38 -3.4e+38 -3.4e+38 328 328 326 324 326 324 321 322 323 326 325 324 323 320 317 319 319 320 318 321 322 324 -3.4e+38 -3.4e+38 -3.4e+38 323 322 321 321 319 317 317 315 315 309 305 304 308 312 312 312 312 314 315 317 317 319 319 320 320 -3.4e+38 -3.4e+38 -3.4e+38 -3.4e+38 -3.4e+38 -3.4e+38 -3.4e+38 -3.4e+38 318 316 316 316 317 317
-3.4e+38 -3.4e+38 -3.4e+38 -3.4e+38 -3.4e+38 -3.4e+38 -3.4e+38 -3.4e+38 -3.4e+38 329 326 326 327 326 325 322 322 323 324 325 323 321 317 319 319 319 321 320 320 321 325 -3.4e+38 -3.4e+38 -3.4e+38 -3.4e+38 323 323 322 319 317 315 312 312 308 305 306 308 311 312 313 314 314 315 316 317 318 318 319 318 320 -3.4e+38 -3.4e+38 -3.4e+38 -3.4e+38 -3.4e+38 -3.4e+38 -3.4e+38 -3.4e+38 318 317 317 319 319
-3.4e+38 -3.4e+38 -3.4e+38 -3.4e+38 -3.4e+38 -3.4e+38 -3.4e+38 -3.4e+38 330 329 328 328 328 327 326 324 323 324 326 326 325 321 321 321 320 318 320 322 320 323 325 325 -3.4e+38 -3.4e+38 -3.4e+38 324 323 321 319 319 317 315 309 308 306 307 308 310 311 311 314 314 316 316 316 317 318 318 319 320 -3.4e+38 -3.4e+38 -3.4e+38 -3.4e+38 -3.4e+38 -3.4e+38 -3.4e+38 -3.4e+38 -3.4e+38 319 -3.4e+38 -3.4e+38 -3.4e+38
-3.4e+38 -3.4e+38 -3.4e+38 -3.4e+38 -3.4e+38 -3.4e+38 -3.4e+38 -3.4e+38 329 327 329 329 328 327 324 322 322 324 326 327 326 323 324 324 320 321 322 324 323 323 324 324 325 -3.4e+38 325 323 322 321 321 319 319 319 315 314 310 311 308 310 313 314 313 314 317 318 316 318 316 317 318 320 -3.4e+38 -3.4e+38 -3.4e+38 -3.4e+38 -3.4e+38 -3.4e+38 -3.4e+38 -3.4e+38 -3.4e+38 -3.4e+38 -3.4e+38 -3.4e+38 -3.4e+38
-3.4e+38 -3.4e+38 -3.4e+38 -3.4e+38 -3.4e+38 -3.4e+38 -3.4e+38 331 331 330 329 328 327 325 322 323 324 324 325 326 327 324 323 321 321 321 323 323 324 322 323 324 326 -3.4e+38 324 324 324 322 322 321 319 317 318 314 312 309 312 311 314 314 316 317 318 318 318 318 319 318 319 319 321 -3.4e+38 -3.4e+38 -3.4e+38 -3.4e+38 -3.4e+38 -3.4e+38 -3.4e+38 -3.4e+38 -3.4e+38 321 321 -3.4e+38
-3.4e+38 -3.4e+38 -3.4e+38 -3.4e+38 -3.4e+38 -3.4e+38 -3.4e+38 332 331 329 327 327 327 323 323 325 324 326 326 326 327 326 324 324 322 321 322 321 323 324 324 324 325 326 324 325 324 322 321 317 318 316 314 312 311 310 312 312 313 314 316 317 318 319 319 317 319 321 318 320 321 -3.4e+38 -3.4e+38 -3.4e+38 -3.4e+38 -3.4e+38 -3.4e+38 -3.4e+38 -3.4e+38 321 321 319 -3.4e+38
-3.4e+38 -3.4e+38 -3.4e+38 -3.4e+38 -3.4e+38 -3.4e+38 -3.4e+38 -3.4e+38 331 330 327 327 327 325 323 325 325 324 324 322 327 327 326 325 324 323 321 323 325 326 326 326 326 -3.4e+38 325 324 323 322 321 320 320 318 316 313 310 310 313 312 312 316 317 319 319 319 319 320 319 321 320 321 321 -3.4e+38 -3.4e+38 -3.4e+38 -3.4e+38 -3.4e+38 -3.4e+38 -3.4e+38 -3.4e+38 320 319 319 320
-3.4e+38 -3.4e+38 -3.4e+38 -3.4e+38 -3.4e+38 -3.4e+38 -3.4e+38 -3.4e+38 332 329 325 325 325 322 322 323 326 323 325 324 326 327 326 324 324 325 325 326 326 325 327 327 -3.4e+38 -3.4e+38 325 325 324 323 322 323 322 319 318 312 306 309 307 309 313 316 316 318 319 319 317 319 321 321 321 321 322 -3.4e+38 -3.4e+38 -3.4e+38 -3.4e+38 -3.4e+38 -3.4e+38 -3.4e+38 -3.4e+38 318 316 320 319
-3.4e+38 -3.4e+38 -3.4e+38 -3.4e+38 -3.4e+38 -3.4e+38 -3.4e+38 332 332 329 328 324 324 321 324 325 325 323 323 325 327 328 327 325 326 326 326 326 327 326 328 -3.4e+38 -3.4e+38 -3.4e+38 326 325 324 325 323 320 320 320 317 315 310 308 309 308 311 315 312 315 316 320 319 318 320 322 321 321 322 -3.4e+38 -3.4e+38 323 322 321 322 321 321 320 316 318 -3.4e+38
-3.4e+38 -3.4e+38 -3.4e+38 -3.4e+38 -3.4e+38 -3.4e+38 -3.4e+38 -3.4e+38 332 330 327 324 322 322 323 324 324 322 324 325 327 328 328 326 326 326 326 328 327 328 328 -3.4e+38 -3.4e+38 -3.4e+38 326 325 324 323 321 321 317 316 317 317 314 311 314 310 311 310 312 314 317 318 319 322 321 -3.4e+38 -3.4e+38 -3.4e+38 -3.4e+38 -3.4e+38 -3.4e+38 323 321 319 322 322 321 319 316 319 -3.4e+38
-3.4e+38 -3.4e+38 -3.4e+38 -3.4e+38 -3.4e+38 -3.4e+38 -3.4e+38 -3.4e+38 332 331 328 324 323 320 323 324 319 323 324 324 326 326 328 329 326 326 327 327 328 328 328 -3.4e+38 -3.4e+38 -3.4e+38 327 325 323 323 321 320 318 313 312 312 314 316 316 313 309 310 310 312 316 318 320 321 -3.4e+38 -3.4e+38 -3.4e+38 -3.4e+38 -3.4e+38 -3.4e+38 -3.4e+38 323 322 319 319 321 320 320 316 318 -3.4e+38
