data/bioclim/eFFP1.asc
NCOLS 391 
NROWS 575 
XLLCORNER -1773000 
YLLCORNER 4368000 
CELLSIZE 1000 
NODATA_value -3.4e+38 
[rows 384 to 415 of 575, columns 219 to 291 of 391]
336 335 332 337 336 335 332 329 333 335 336 333 334 336 336 336 337 339 339 339 340 -3.4e+38 -3.4e+38 -3.4e+38 -3.4e+38 -3.4e+38 340 339 339 339 339 339 339 338 338 334 332 333 331 331 329 333 332 329 321 327 322 322 328 326 327 330 331 326 330 328 329 329 330 331 331 332 -3.4e+38 -3.4e+38 -3.4e+38 -3.4e+38 -3.4e+38 -3.4e+38 -3.4e+38 -3.4e+38 332 329 326
339 340 336 336 339 338 332 329 338 338 338 337 338 338 337 336 338 339 339 339 -3.4e+38 -3.4e+38 -3.4e+38 -3.4e+38 -3.4e+38 -3.4e+38 340 340 339 338 338 338 338 338 337 336 336 335 335 332 333 334 333 321 323 325 324 323 322 324 327 329 331 330 329 331 331 331 329 331 330 332 -3.4e+38 -3.4e+38 -3.4e+38 -3.4e+38 -3.4e+38 -3.4e+38 -3.4e+38 -3.4e+38 332 332 329
340 339 340 340 341 338 331 333 336 338 338 338 339 339 339 336 337 339 340 340 -3.4e+38 -3.4e+38 -3.4e+38 -3.4e+38 -3.4e+38 340 340 -3.4e+38 -3.4e+38 339 339 339 339 339 340 336 336 335 335 334 335 331 328 331 331 330 322 325 318 324 325 328 331 331 331 331 331 331 331 331 332 332 -3.4e+38 -3.4e+38 -3.4e+38 -3.4e+38 -3.4e+38 -3.4e+38 -3.4e+38 331 330 329 330
342 338 340 340 340 340 337 336 338 338 338 337 340 340 340 338 338 340 340 340 -3.4e+38 -3.4e+38 -3.4e+38 -3.4e+38 340 340 340 -3.4e+38 -3.4e+38 338 339 340 339 339 338 335 333 333 333 332 331 326 331 329 331 328 327 327 325 327 327 329 331 332 332 332 332 331 331 331 333 333 -3.4e+38 -3.4e+38 -3.4e+38 -3.4e+38 -3.4e+38 -3.4e+38 -3.4e+38 332 332 329 327
342 340 340 340 341 341 339 337 334 336 338 337 336 340 340 339 339 340 340 -3.4e+38 -3.4e+38 -3.4e+38 -3.4e+38 -3.4e+38 340 340 340 -3.4e+38 -3.4e+38 339 340 339 339 338 337 333 327 329 333 328 330 330 328 330 328 330 327 328 328 328 329 329 329 329 330 329 329 332 331 332 332 332 -3.4e+38 -3.4e+38 -3.4e+38 -3.4e+38 -3.4e+38 330 330 330 329 331 331
340 341 340 339 341 341 339 338 335 336 339 339 339 338 339 340 340 340 -3.4e+38 -3.4e+38 -3.4e+38 -3.4e+38 341 340 340 340 339 -3.4e+38 -3.4e+38 -3.4e+38 340 339 338 337 335 332 327 325 329 329 325 326 328 329 328 329 328 328 329 329 329 329 329 329 328 331 331 331 331 332 332 -3.4e+38 -3.4e+38 -3.4e+38 330 330 329 327 327 327 324 327 324
338 341 341 342 341 340 339 338 336 336 336 339 341 341 339 340 340 340 -3.4e+38 -3.4e+38 -3.4e+38 -3.4e+38 340 340 340 340 339 340 340 340 339 339 338 336 335 332 330 326 329 327 323 324 325 326 328 328 329 327 327 328 330 330 329 330 331 331 331 331 332 332 -3.4e+38 -3.4e+38 -3.4e+38 330 328 327 327 325 324 324 322 324 315
338 340 341 341 341 341 341 339 337 336 338 338 340 341 340 340 340 340 -3.4e+38 -3.4e+38 -3.4e+38 340 340 340 339 339 340 340 340 340 340 339 338 336 334 333 330 321 321 321 323 326 326 326 328 328 329 329 329 327 329 330 329 331 331 332 332 332 332 -3.4e+38 -3.4e+38 -3.4e+38 328 328 329 327 325 325 324 321 322 315 305
340 341 341 341 342 341 341 341 336 338 339 339 341 340 340 340 341 -3.4e+38 -3.4e+38 -3.4e+38 -3.4e+38 -3.4e+38 340 340 340 339 339 340 340 340 340 339 338 337 335 333 330 317 318 323 322 323 325 325 327 328 329 325 327 329 331 331 330 331 331 331 331 332 -3.4e+38 -3.4e+38 -3.4e+38 -3.4e+38 328 325 326 328 325 322 322 319 310 308 302
339 340 341 341 341 341 341 341 337 339 341 342 341 339 340 340 340 -3.4e+38 -3.4e+38 -3.4e+38 -3.4e+38 340 340 340 341 340 340 340 340 340 339 338 336 334 334 332 328 324 316 319 318 323 324 325 328 329 328 325 327 327 329 330 329 331 331 331 -3.4e+38 -3.4e+38 -3.4e+38 -3.4e+38 -3.4e+38 329 326 325 325 325 325 319 318 319 311 303 302
338 340 341 341 340 341 341 340 337 340 340 340 341 340 340 340 -3.4e+38 -3.4e+38 -3.4e+38 -3.4e+38 -3.4e+38 340 339 340 340 340 340 340 340 340 339 338 338 337 333 331 328 326 322 314 317 325 325 327 328 328 325 327 328 327 329 329 331 332 331 -3.4e+38 -3.4e+38 -3.4e+38 -3.4e+38 -3.4e+38 331 330 328 327 322 321 316 311 313 319 314 301 304
336 340 341 341 341 341 341 341 337 339 340 340 340 339 340 -3.4e+38 -3.4e+38 -3.4e+38 -3.4e+38 -3.4e+38 340 339 339 339 339 339 340 341 341 340 340 339 338 335 334 333 331 330 326 318 321 324 325 326 328 328 328 325 328 325 328 329 330 331 331 -3.4e+38 -3.4e+38 -3.4e+38 -3.4e+38 -3.4e+38 331 328 326 324 322 322 321 312 303 313 311 303 313
340 340 341 340 341 341 341 342 339 340 341 341 340 340 340 -3.4e+38 -3.4e+38 -3.4e+38 -3.4e+38 -3.4e+38 340 340 338 337 338 339 340 340 341 340 339 340 339 339 336 335 329 324 322 323 321 324 325 326 326 327 328 326 326 324 327 329 330 331 -3.4e+38 -3.4e+38 -3.4e+38 -3.4e+38 -3.4e+38 330 328 327 325 325 319 316 316 318 316 303 303 308 313
336 338 340 340 341 341 341 341 341 340 340 341 340 340 -3.4e+38 -3.4e+38 -3.4e+38 -3.4e+38 -3.4e+38 -3.4e+38 340 339 337 336 337 339 340 340 341 340 340 338 336 333 333 334 327 321 324 323 323 325 325 326 327 328 326 325 325 323 325 327 329 330 -3.4e+38 -3.4e+38 -3.4e+38 329 329 328 327 325 325 322 319 313 310 310 307 306 303 302 307
333 336 339 340 341 341 341 341 340 339 340 341 340 -3.4e+38 -3.4e+38 -3.4e+38 -3.4e+38 -3.4e+38 -3.4e+38 -3.4e+38 339 339 337 336 337 339 339 340 340 340 339 337 337 336 334 331 328 320 322 323 323 325 326 326 327 327 326 325 324 323 324 327 329 330 -3.4e+38 -3.4e+38 329 329 329 329 329 327 324 323 315 306 300 300 307 310 303 306 302
335 336 340 340 340 340 341 340 340 340 340 340 -3.4e+38 -3.4e+38 -3.4e+38 -3.4e+38 -3.4e+38 -3.4e+38 -3.4e+38 -3.4e+38 339 339 338 337 337 340 340 341 340 340 339 338 336 335 335 332 327 320 318 324 326 326 325 326 327 327 326 324 322 322 326 328 330 329 330 330 329 328 326 326 325 326 323 322 317 310 302 297 303 306 302 309 311
337 338 339 338 339 340 340 340 340 340 339 340 -3.4e+38 -3.4e+38 -3.4e+38 -3.4e+38 -3.4e+38 -3.4e+38 -3.4e+38 -3.4e+38 340 339 338 338 339 340 341 340 340 340 339 339 336 332 333 330 325 324 326 323 324 326 326 326 326 326 326 323 320 324 325 327 329 329 329 329 329 329 325 326 323 323 323 322 315 307 296 298 300 302 305 314 315
336 336 338 337 339 340 340 340 340 339 339 340 -3.4e+38 -3.4e+38 -3.4e+38 -3.4e+38 -3.4e+38 -3.4e+38 -3.4e+38 340 340 340 339 339 339 340 341 341 340 340 339 333 331 329 333 328 329 329 331 323 325 326 326 326 326 325 325 325 321 322 325 326 327 329 329 329 329 327 323 327 323 321 317 321 320 314 303 310 311 312 315 313 315
334 334 338 339 339 341 340 340 339 338 338 340 -3.4e+38 -3.4e+38 -3.4e+38 -3.4e+38 -3.4e+38 -3.4e+38 -3.4e+38 340 340 340 340 340 340 341 340 341 340 -3.4e+38 337 335 333 330 329 331 333 333 333 329 328 325 325 325 324 324 323 325 321 319 322 323 327 329 328 328 329 327 325 323 323 323 321 310 310 305 298 310 314 316 320 318 316
334 335 338 339 341 341 340 340 339 338 339 340 340 340 -3.4e+38 -3.4e+38 -3.4e+38 -3.4e+38 340 340 340 341 340 340 340 341 340 340 -3.4e+38 -3.4e+38 338 336 335 333 330 333 334 335 333 331 327 326 327 325 328 327 324 322 323 319 322 327 327 328 327 327 327 329 326 326 323 316 311 310 307 297 307 304 307 309 312 320 318
331 338 338 339 341 341 340 339 338 339 340 340 340 340 -3.4e+38 -3.4e+38 -3.4e+38 -3.4e+38 340 340 340 341 341 340 340 340 340 -3.4e+38 -3.4e+38 340 337 336 335 335 332 335 335 335 333 330 331 326 331 330 328 329 328 328 320 319 322 326 327 327 327 327 324 329 326 324 320 318 316 314 307 296 301 311 313 317 318 318 322
333 334 338 340 341 341 341 338 340 340 340 340 340 340 340 -3.4e+38 -3.4e+38 -3.4e+38 340 339 340 340 341 340 341 340 -3.4e+38 -3.4e+38 339 338 338 336 335 335 335 335 334 330 333 332 331 333 331 331 330 329 330 329 326 327 325 324 327 326 326 325 323 327 325 323 319 314 320 317 313 303 301 305 307 315 319 318 318
328 335 335 338 341 342 340 339 340 340 340 340 340 340 340 -3.4e+38 -3.4e+38 -3.4e+38 340 340 339 340 340 340 341 341 -3.4e+38 340 338 337 337 336 336 336 335 335 335 331 331 333 331 332 333 330 330 329 330 329 327 327 329 327 325 325 324 324 323 327 323 320 320 323 317 313 306 304 303 303 310 310 316 -3.4e+38 -3.4e+38
330 336 338 340 341 342 340 339 340 341 340 340 340 340 340 -3.4e+38 -3.4e+38 -3.4e+38 -3.4e+38 340 340 340 340 340 340 -3.4e+38 340 338 337 337 337 337 336 336 335 335 333 330 331 332 334 333 333 331 330 332 332 330 329 330 329 324 325 325 325 324 322 324 326 325 324 323 310 308 305 301 307 307 309 310 -3.4e+38 -3.4e+38 -3.4e+38
333 334 337 340 340 340 341 340 340 341 340 340 340 340 340 -3.4e+38 -3.4e+38 -3.4e+38 -3.4e+38 340 340 340 341 340 -3.4e+38 -3.4e+38 340 339 335 336 336 336 336 336 335 335 334 330 333 333 333 333 333 333 333 332 332 332 329 327 324 327 324 326 327 327 322 323 324 324 323 317 317 312 309 304 309 307 313 314 -3.4e+38 -3.4e+38 -3.4e+38
330 331 336 338 339 340 341 341 340 341 340 340 340 340 340 -3.4e+38 -3.4e+38 -3.4e+38 -3.4e+38 -3.4e+38 -3.4e+38 -3.4e+38 -3.4e+38 -3.4e+38 -3.4e+38 340 339 338 335 335 334 336 335 335 332 330 334 334 334 333 335 334 335 335 333 332 330 330 330 329 327 327 329 330 331 331 324 321 320 327 323 320 312 312 307 308 311 313 314 -3.4e+38 -3.4e+38 -3.4e+38 -3.4e+38
329 333 336 339 341 340 341 340 340 341 340 340 340 340 340 -3.4e+38 -3.4e+38 -3.4e+38 -3.4e+38 -3.4e+38 -3.4e+38 -3.4e+38 -3.4e+38 -3.4e+38 -3.4e+38 340 338 339 335 335 335 335 335 334 334 333 333 335 333 336 335 335 336 333 331 329 330 330 328 328 330 327 332 333 333 332 327 323 326 329 323 320 313 308 308 312 316 314 314 -3.4e+38 -3.4e+38 -3.4e+38 -3.4e+38
325 335 336 336 340 340 341 339 338 340 340 340 340 340 -3.4e+38 -3.4e+38 -3.4e+38 -3.4e+38 -3.4e+38 -3.4e+38 -3.4e+38 -3.4e+38 -3.4e+38 -3.4e+38 340 339 335 334 335 334 335 334 333 333 334 335 335 335 336 334 337 337 336 333 331 330 330 328 325 330 333 333 334 332 331 333 329 326 327 328 323 320 311 311 311 315 317 316 -3.4e+38 -3.4e+38 -3.4e+38 -3.4e+38 -3.4e+38
331 334 336 336 338 340 340 339 338 339 340 340 340 340 -3.4e+38 -3.4e+38 -3.4e+38 -3.4e+38 -3.4e+38 -3.4e+38 -3.4e+38 -3.4e+38 -3.4e+38 339 338 336 335 334 335 335 335 334 333 334 335 336 335 335 335 336 337 337 336 334 332 332 328 328 331 334 334 334 333 332 326 333 330 331 331 327 313 310 310 312 317 314 318 317 -3.4e+38 -3.4e+38 -3.4e+38 -3.4e+38 -3.4e+38
333 335 336 338 336 339 340 339 338 340 340 340 340 340 -3.4e+38 -3.4e+38 -3.4e+38 -3.4e+38 -3.4e+38 -3.4e+38 -3.4e+38 -3.4e+38 340 338 336 334 330 334 335 334 334 334 335 336 336 337 336 335 335 335 337 338 336 334 330 330 330 334 334 336 334 333 333 329 324 329 331 329 320 317 315 309 312 315 316 315 -3.4e+38 -3.4e+38 -3.4e+38 -3.4e+38 -3.4e+38 -3.4e+38 -3.4e+38
336 336 337 338 338 340 339 338 339 339 340 340 340 340 -3.4e+38 -3.4e+38 -3.4e+38 -3.4e+38 -3.4e+38 -3.4e+38 -3.4e+38 -3.4e+38 340 338 335 331 330 333 333 334 335 335 335 335 337 337 337 336 335 336 338 337 336 333 331 329 329 334 337 335 331 334 333 322 321 327 333 326 315 317 311 313 312 317 316 -3.4e+38 -3.4e+38 -3.4e+38 -3.4e+38 -3.4e+38 -3.4e+38 -3.4e+38 -3.4e+38
337 337 339 340 338 338 337 337 339 339 339 340 340 340 -3.4e+38 -3.4e+38 -3.4e+38 -3.4e+38 -3.4e+38 -3.4e+38 -3.4e+38 341 339 336 333 331 329 330 333 335 336 337 336 336 335 336 337 337 -3.4e+38 -3.4e+38 338 336 333 332 332 329 333 336 334 334 331 329 329 322 321 329 329 325 320 312 310 318 318 317 -3.4e+38 -3.4e+38 -3.4e+38 -3.4e+38 -3.4e+38 -3.4e+38 -3.4e+38 -3.4e+38 -3.4e+38
