data/bioclim/eFFP1.asc
NCOLS 391 
NROWS 575 
XLLCORNER -1773000 
YLLCORNER 4368000 
CELLSIZE 1000 
NODATA_value -3.4e+38 
[rows 288 to 319 of 575, columns 146 to 218 of 391]
326 327 -3.4e+38 -3.4e+38 -3.4e+38 -3.4e+38 -3.4e+38 -3.4e+38 -3.4e+38 -3.4e+38 -3.4e+38 -3.4e+38 328 328 326 321 324 324 321 320 319 321 321 322 322 324 323 324 324 324 324 325 326 325 326 325 325 325 327 325 -3.4e+38 -3.4e+38 -3.4e+38 -3.4e+38 -3.4e+38 325 325 323 322 321 321 318 321 322 324 324 320 316 313 311 310 310 313 317 320 322 322 322 -3.4e+38 -3.4e+38 -3.4e+38 -3.4e+38 -3.4e+38
326 327 -3.4e+38 -3.4e+38 -3.4e+38 -3.4e+38 -3.4e+38 -3.4e+38 -3.4e+38 -3.4e+38 -3.4e+38 -3.4e+38 328 326 325 324 324 323 324 319 319 322 320 323 324 324 323 322 324 323 324 324 325 325 325 325 327 327 327 326 325 -3.4e+38 -3.4e+38 -3.4e+38 -3.4e+38 326 325 323 322 321 321 320 321 325 325 323 320 317 313 312 312 315 316 317 321 320 322 322 -3.4e+38 -3.4e+38 -3.4e+38 -3.4e+38 -3.4e+38
327 327 327 -3.4e+38 -3.4e+38 -3.4e+38 -3.4e+38 -3.4e+38 -3.4e+38 -3.4e+38 -3.4e+38 -3.4e+38 328 328 325 325 324 324 324 322 324 324 324 322 323 323 322 323 322 323 324 322 324 324 324 325 325 327 327 327 325 -3.4e+38 -3.4e+38 -3.4e+38 -3.4e+38 327 325 324 324 323 321 323 325 326 326 323 323 319 315 312 310 315 315 318 318 320 321 322 -3.4e+38 -3.4e+38 -3.4e+38 -3.4e+38 -3.4e+38
327 327 328 -3.4e+38 -3.4e+38 -3.4e+38 -3.4e+38 -3.4e+38 -3.4e+38 -3.4e+38 -3.4e+38 -3.4e+38 -3.4e+38 329 326 325 324 326 324 325 326 325 323 322 322 323 323 321 322 322 322 322 324 324 324 324 326 327 328 327 326 -3.4e+38 -3.4e+38 -3.4e+38 -3.4e+38 -3.4e+38 325 325 323 322 323 323 325 326 326 325 323 320 314 310 313 315 315 316 317 319 320 320 -3.4e+38 -3.4e+38 -3.4e+38 -3.4e+38 -3.4e+38
325 326 327 330 -3.4e+38 -3.4e+38 -3.4e+38 -3.4e+38 -3.4e+38 -3.4e+38 -3.4e+38 -3.4e+38 -3.4e+38 -3.4e+38 326 324 325 327 325 327 326 324 324 321 323 324 324 323 322 322 322 322 324 324 324 325 325 328 326 326 327 -3.4e+38 -3.4e+38 -3.4e+38 -3.4e+38 -3.4e+38 -3.4e+38 323 323 323 323 325 326 327 326 325 321 319 315 313 315 316 315 315 316 318 320 321 -3.4e+38 -3.4e+38 -3.4e+38 -3.4e+38 -3.4e+38
323 326 327 329 -3.4e+38 -3.4e+38 -3.4e+38 -3.4e+38 -3.4e+38 -3.4e+38 -3.4e+38 -3.4e+38 -3.4e+38 -3.4e+38 327 326 327 327 328 327 326 325 324 325 325 322 323 324 324 322 322 325 324 325 326 325 327 328 328 327 327 -3.4e+38 -3.4e+38 -3.4e+38 -3.4e+38 -3.4e+38 325 324 323 324 325 -3.4e+38 -3.4e+38 -3.4e+38 325 325 323 319 317 315 316 319 317 318 318 320 320 321 -3.4e+38 -3.4e+38 -3.4e+38 -3.4e+38 -3.4e+38
323 325 326 328 -3.4e+38 -3.4e+38 -3.4e+38 -3.4e+38 -3.4e+38 -3.4e+38 -3.4e+38 -3.4e+38 -3.4e+38 -3.4e+38 -3.4e+38 329 329 328 327 327 327 327 326 326 325 324 323 324 325 324 323 325 326 325 326 326 326 327 328 328 -3.4e+38 -3.4e+38 -3.4e+38 -3.4e+38 -3.4e+38 -3.4e+38 -3.4e+38 -3.4e+38 -3.4e+38 -3.4e+38 -3.4e+38 -3.4e+38 -3.4e+38 -3.4e+38 326 324 322 318 316 316 318 318 318 318 319 319 319 -3.4e+38 -3.4e+38 -3.4e+38 -3.4e+38 -3.4e+38 -3.4e+38
326 327 328 328 -3.4e+38 -3.4e+38 -3.4e+38 -3.4e+38 -3.4e+38 -3.4e+38 -3.4e+38 -3.4e+38 -3.4e+38 -3.4e+38 -3.4e+38 329 330 325 327 327 326 325 326 325 324 322 325 324 326 326 326 324 324 325 326 328 327 328 328 328 -3.4e+38 -3.4e+38 -3.4e+38 -3.4e+38 -3.4e+38 -3.4e+38 -3.4e+38 -3.4e+38 -3.4e+38 -3.4e+38 -3.4e+38 -3.4e+38 -3.4e+38 -3.4e+38 -3.4e+38 324 323 319 316 319 321 318 318 318 319 320 320 -3.4e+38 -3.4e+38 -3.4e+38 -3.4e+38 -3.4e+38 -3.4e+38
326 326 328 328 -3.4e+38 -3.4e+38 -3.4e+38 -3.4e+38 -3.4e+38 -3.4e+38 -3.4e+38 -3.4e+38 -3.4e+38 -3.4e+38 -3.4e+38 329 330 327 325 325 324 325 326 325 322 323 325 324 324 324 326 326 326 326 326 326 328 -3.4e+38 -3.4e+38 -3.4e+38 -3.4e+38 -3.4e+38 -3.4e+38 -3.4e+38 -3.4e+38 -3.4e+38 -3.4e+38 -3.4e+38 -3.4e+38 -3.4e+38 -3.4e+38 -3.4e+38 -3.4e+38 -3.4e+38 326 323 314 319 316 320 322 319 318 319 320 320 -3.4e+38 -3.4e+38 -3.4e+38 -3.4e+38 -3.4e+38 -3.4e+38 -3.4e+38
327 328 328 330 -3.4e+38 -3.4e+38 -3.4e+38 -3.4e+38 -3.4e+38 -3.4e+38 -3.4e+38 -3.4e+38 -3.4e+38 -3.4e+38 -3.4e+38 330 330 329 327 327 325 325 324 322 322 322 323 323 324 325 324 324 326 327 326 326 327 327 -3.4e+38 -3.4e+38 -3.4e+38 -3.4e+38 -3.4e+38 -3.4e+38 -3.4e+38 -3.4e+38 -3.4e+38 -3.4e+38 -3.4e+38 -3.4e+38 -3.4e+38 -3.4e+38 -3.4e+38 -3.4e+38 324 318 315 318 318 320 322 320 321 320 -3.4e+38 -3.4e+38 -3.4e+38 -3.4e+38 -3.4e+38 -3.4e+38 -3.4e+38 -3.4e+38 -3.4e+38
326 328 328 329 -3.4e+38 -3.4e+38 -3.4e+38 -3.4e+38 -3.4e+38 -3.4e+38 -3.4e+38 -3.4e+38 -3.4e+38 -3.4e+38 -3.4e+38 332 331 328 328 325 325 324 323 323 323 322 321 323 325 324 326 326 326 326 327 328 328 329 -3.4e+38 -3.4e+38 -3.4e+38 -3.4e+38 -3.4e+38 -3.4e+38 -3.4e+38 -3.4e+38 -3.4e+38 -3.4e+38 -3.4e+38 -3.4e+38 -3.4e+38 -3.4e+38 -3.4e+38 -3.4e+38 324 321 313 311 316 319 -3.4e+38 -3.4e+38 321 -3.4e+38 -3.4e+38 -3.4e+38 -3.4e+38 -3.4e+38 -3.4e+38 -3.4e+38 -3.4e+38 -3.4e+38 -3.4e+38
328 327 328 329 -3.4e+38 -3.4e+38 -3.4e+38 -3.4e+38 -3.4e+38 -3.4e+38 -3.4e+38 -3.4e+38 -3.4e+38 -3.4e+38 -3.4e+38 332 330 325 326 326 325 324 322 321 323 323 324 323 323 325 324 327 328 328 327 327 327 327 -3.4e+38 -3.4e+38 -3.4e+38 -3.4e+38 -3.4e+38 -3.4e+38 -3.4e+38 -3.4e+38 -3.4e+38 -3.4e+38 -3.4e+38 -3.4e+38 -3.4e+38 -3.4e+38 -3.4e+38 -3.4e+38 326 321 313 309 316 319 322 -3.4e+38 -3.4e+38 -3.4e+38 -3.4e+38 -3.4e+38 -3.4e+38 -3.4e+38 -3.4e+38 -3.4e+38 -3.4e+38 -3.4e+38 -3.4e+38
329 329 329 330 -3.4e+38 -3.4e+38 -3.4e+38 -3.4e+38 -3.4e+38 -3.4e+38 -3.4e+38 -3.4e+38 -3.4e+38 -3.4e+38 332 331 330 328 325 325 324 325 324 321 323 323 323 323 324 325 327 327 326 327 328 328 329 329 -3.4e+38 -3.4e+38 -3.4e+38 -3.4e+38 -3.4e+38 -3.4e+38 -3.4e+38 -3.4e+38 -3.4e+38 -3.4e+38 -3.4e+38 -3.4e+38 -3.4e+38 -3.4e+38 -3.4e+38 -3.4e+38 326 321 316 312 311 314 321 -3.4e+38 -3.4e+38 -3.4e+38 -3.4e+38 -3.4e+38 -3.4e+38 -3.4e+38 -3.4e+38 -3.4e+38 -3.4e+38 -3.4e+38 -3.4e+38
329 328 327 329 331 -3.4e+38 -3.4e+38 -3.4e+38 -3.4e+38 -3.4e+38 -3.4e+38 -3.4e+38 -3.4e+38 -3.4e+38 332 331 330 328 328 328 324 322 322 321 323 324 325 325 325 325 327 328 327 327 329 330 330 330 -3.4e+38 -3.4e+38 -3.4e+38 -3.4e+38 -3.4e+38 -3.4e+38 -3.4e+38 -3.4e+38 -3.4e+38 -3.4e+38 -3.4e+38 -3.4e+38 -3.4e+38 -3.4e+38 -3.4e+38 -3.4e+38 -3.4e+38 321 318 314 310 305 316 321 320 322 323 -3.4e+38 -3.4e+38 -3.4e+38 -3.4e+38 -3.4e+38 -3.4e+38 -3.4e+38 -3.4e+38
330 329 329 329 331 331 -3.4e+38 -3.4e+38 -3.4e+38 -3.4e+38 -3.4e+38 -3.4e+38 -3.4e+38 -3.4e+38 -3.4e+38 332 330 330 328 326 323 325 323 321 324 325 325 326 325 327 328 329 329 328 329 329 329 330 -3.4e+38 -3.4e+38 -3.4e+38 -3.4e+38 -3.4e+38 -3.4e+38 -3.4e+38 -3.4e+38 -3.4e+38 -3.4e+38 -3.4e+38 -3.4e+38 -3.4e+38 -3.4e+38 -3.4e+38 -3.4e+38 -3.4e+38 322 317 314 308 304 318 319 321 322 323 -3.4e+38 -3.4e+38 -3.4e+38 -3.4e+38 -3.4e+38 -3.4e+38 -3.4e+38 -3.4e+38
330 330 330 329 331 331 331 -3.4e+38 -3.4e+38 -3.4e+38 -3.4e+38 -3.4e+38 -3.4e+38 -3.4e+38 -3.4e+38 332 331 330 329 328 326 324 321 321 321 324 325 326 327 328 328 328 328 329 329 329 330 330 331 -3.4e+38 -3.4e+38 -3.4e+38 -3.4e+38 -3.4e+38 -3.4e+38 -3.4e+38 -3.4e+38 -3.4e+38 -3.4e+38 -3.4e+38 -3.4e+38 -3.4e+38 -3.4e+38 -3.4e+38 -3.4e+38 324 321 316 303 311 316 317 319 322 323 -3.4e+38 -3.4e+38 -3.4e+38 -3.4e+38 -3.4e+38 -3.4e+38 -3.4e+38 -3.4e+38
329 330 330 329 329 331 331 332 -3.4e+38 -3.4e+38 -3.4e+38 -3.4e+38 -3.4e+38 -3.4e+38 -3.4e+38 332 332 330 329 329 328 327 324 322 324 324 326 326 327 328 328 328 329 329 329 329 330 331 331 331 -3.4e+38 -3.4e+38 -3.4e+38 -3.4e+38 -3.4e+38 -3.4e+38 -3.4e+38 -3.4e+38 -3.4e+38 -3.4e+38 -3.4e+38 -3.4e+38 -3.4e+38 -3.4e+38 -3.4e+38 323 318 313 307 308 315 319 318 321 323 323 -3.4e+38 -3.4e+38 -3.4e+38 -3.4e+38 -3.4e+38 -3.4e+38 -3.4e+38
330 330 331 331 330 331 331 331 332 -3.4e+38 -3.4e+38 -3.4e+38 -3.4e+38 -3.4e+38 -3.4e+38 333 332 330 331 329 328 326 323 324 323 325 326 327 327 328 328 328 329 329 329 329 329 331 329 331 331 -3.4e+38 -3.4e+38 -3.4e+38 -3.4e+38 -3.4e+38 -3.4e+38 -3.4e+38 -3.4e+38 -3.4e+38 -3.4e+38 -3.4e+38 -3.4e+38 -3.4e+38 -3.4e+38 325 322 314 313 307 313 318 320 323 324 324 -3.4e+38 -3.4e+38 -3.4e+38 -3.4e+38 -3.4e+38 -3.4e+38 -3.4e+38
330 331 331 331 332 330 330 331 331 332 -3.4e+38 -3.4e+38 -3.4e+38 -3.4e+38 -3.4e+38 333 332 328 328 329 328 327 326 324 324 326 326 327 327 326 327 328 328 328 329 330 329 330 330 331 331 -3.4e+38 -3.4e+38 -3.4e+38 -3.4e+38 -3.4e+38 -3.4e+38 -3.4e+38 -3.4e+38 -3.4e+38 -3.4e+38 -3.4e+38 -3.4e+38 -3.4e+38 -3.4e+38 -3.4e+38 325 323 321 311 316 320 321 323 324 324 -3.4e+38 -3.4e+38 -3.4e+38 -3.4e+38 -3.4e+38 -3.4e+38 -3.4e+38
332 331 332 332 332 332 331 331 332 333 -3.4e+38 -3.4e+38 -3.4e+38 -3.4e+38 -3.4e+38 -3.4e+38 332 330 326 327 329 329 327 325 326 326 328 328 328 327 327 327 327 327 327 328 330 330 330 330 331 -3.4e+38 -3.4e+38 -3.4e+38 -3.4e+38 -3.4e+38 -3.4e+38 -3.4e+38 -3.4e+38 -3.4e+38 -3.4e+38 -3.4e+38 -3.4e+38 -3.4e+38 -3.4e+38 -3.4e+38 328 324 317 312 314 319 322 321 323 324 -3.4e+38 -3.4e+38 -3.4e+38 -3.4e+38 -3.4e+38 -3.4e+38 -3.4e+38
331 331 332 332 332 332 332 332 332 332 -3.4e+38 -3.4e+38 -3.4e+38 -3.4e+38 -3.4e+38 -3.4e+38 332 331 331 328 331 329 329 327 328 330 329 328 328 329 329 328 328 327 328 329 330 -3.4e+38 -3.4e+38 -3.4e+38 -3.4e+38 -3.4e+38 -3.4e+38 -3.4e+38 -3.4e+38 -3.4e+38 -3.4e+38 -3.4e+38 -3.4e+38 -3.4e+38 -3.4e+38 -3.4e+38 -3.4e+38 -3.4e+38 -3.4e+38 -3.4e+38 326 323 319 312 311 314 318 322 324 -3.4e+38 -3.4e+38 -3.4e+38 -3.4e+38 -3.4e+38 -3.4e+38 -3.4e+38 -3.4e+38
332 332 332 332 332 332 332 332 331 333 -3.4e+38 -3.4e+38 -3.4e+38 -3.4e+38 -3.4e+38 -3.4e+38 -3.4e+38 332 331 330 330 330 329 329 329 330 329 329 328 328 329 329 328 327 328 329 -3.4e+38 -3.4e+38 -3.4e+38 -3.4e+38 -3.4e+38 -3.4e+38 -3.4e+38 -3.4e+38 -3.4e+38 -3.4e+38 -3.4e+38 -3.4e+38 -3.4e+38 -3.4e+38 -3.4e+38 -3.4e+38 -3.4e+38 -3.4e+38 -3.4e+38 -3.4e+38 327 325 316 315 311 307 318 323 -3.4e+38 -3.4e+38 -3.4e+38 -3.4e+38 -3.4e+38 -3.4e+38 -3.4e+38 -3.4e+38 -3.4e+38
329 332 332 332 332 332 333 332 331 333 -3.4e+38 -3.4e+38 -3.4e+38 -3.4e+38 -3.4e+38 -3.4e+38 -3.4e+38 332 332 331 331 332 329 332 329 331 330 327 328 328 329 330 330 329 328 -3.4e+38 -3.4e+38 -3.4e+38 -3.4e+38 -3.4e+38 -3.4e+38 -3.4e+38 -3.4e+38 -3.4e+38 -3.4e+38 -3.4e+38 -3.4e+38 -3.4e+38 -3.4e+38 -3.4e+38 -3.4e+38 -3.4e+38 -3.4e+38 -3.4e+38 -3.4e+38 -3.4e+38 -3.4e+38 327 321 318 309 313 320 322 -3.4e+38 -3.4e+38 -3.4e+38 -3.4e+38 -3.4e+38 -3.4e+38 -3.4e+38 -3.4e+38 -3.4e+38
324 329 332 331 330 331 331 332 333 333 -3.4e+38 -3.4e+38 -3.4e+38 -3.4e+38 -3.4e+38 -3.4e+38 -3.4e+38 333 333 331 332 333 330 332 332 327 328 324 327 328 327 330 330 330 330 330 -3.4e+38 -3.4e+38 -3.4e+38 -3.4e+38 -3.4e+38 -3.4e+38 -3.4e+38 -3.4e+38 -3.4e+38 -3.4e+38 -3.4e+38 -3.4e+38 -3.4e+38 -3.4e+38 -3.4e+38 -3.4e+38 -3.4e+38 -3.4e+38 -3.4e+38 -3.4e+38 -3.4e+38 323 321 314 309 306 318 322 -3.4e+38 -3.4e+38 -3.4e+38 -3.4e+38 -3.4e+38 -3.4e+38 -3.4e+38 -3.4e+38 -3.4e+38
325 329 330 330 329 330 329 329 332 333 -3.4e+38 -3.4e+38 -3.4e+38 -3.4e+38 -3.4e+38 -3.4e+38 -3.4e+38 334 333 332 332 333 332 333 332 329 328 327 325 321 328 329 330 331 330 331 -3.4e+38 -3.4e+38 -3.4e+38 -3.4e+38 -3.4e+38 -3.4e+38 -3.4e+38 -3.4e+38 -3.4e+38 -3.4e+38 -3.4e+38 -3.4e+38 -3.4e+38 -3.4e+38 -3.4e+38 -3.4e+38 -3.4e+38 -3.4e+38 -3.4e+38 -3.4e+38 -3.4e+38 -3.4e+38 325 320 315 310 317 322 -3.4e+38 -3.4e+38 -3.4e+38 -3.4e+38 -3.4e+38 -3.4e+38 -3.4e+38 -3.4e+38 -3.4e+38
323 327 328 330 329 330 331 330 331 334 -3.4e+38 -3.4e+38 -3.4e+38 -3.4e+38 -3.4e+38 -3.4e+38 -3.4e+38 334 334 332 334 334 332 333 332 331 329 327 326 329 329 329 329 330 332 330 331 332 -3.4e+38 -3.4e+38 -3.4e+38 -3.4e+38 -3.4e+38 -3.4e+38 -3.4e+38 -3.4e+38 -3.4e+38 -3.4e+38 -3.4e+38 -3.4e+38 -3.4e+38 -3.4e+38 -3.4e+38 -3.4e+38 -3.4e+38 -3.4e+38 -3.4e+38 -3.4e+38 325 323 320 310 321 322 -3.4e+38 -3.4e+38 -3.4e+38 -3.4e+38 -3.4e+38 -3.4e+38 -3.4e+38 -3.4e+38 -3.4e+38
327 326 326 329 330 330 333 331 331 335 333 334 -3.4e+38 -3.4e+38 -3.4e+38 -3.4e+38 -3.4e+38 -3.4e+38 334 333 334 334 333 334 333 332 330 330 331 332 329 329 330 331 333 331 331 332 -3.4e+38 -3.4e+38 -3.4e+38 -3.4e+38 -3.4e+38 -3.4e+38 -3.4e+38 -3.4e+38 -3.4e+38 -3.4e+38 -3.4e+38 -3.4e+38 -3.4e+38 -3.4e+38 -3.4e+38 -3.4e+38 -3.4e+38 -3.4e+38 -3.4e+38 328 327 325 322 312 319 322 -3.4e+38 -3.4e+38 -3.4e+38 -3.4e+38 -3.4e+38 -3.4e+38 -3.4e+38 -3.4e+38 -3.4e+38
328 329 329 330 331 329 331 333 333 334 335 335 -3.4e+38 335 335 335 -3.4e+38 -3.4e+38 335 335 334 334 333 334 332 332 330 329 332 332 332 331 331 332 333 331 332 333 333 -3.4e+38 -3.4e+38 -3.4e+38 -3.4e+38 -3.4e+38 -3.4e+38 -3.4e+38 -3.4e+38 -3.4e+38 -3.4e+38 -3.4e+38 -3.4e+38 -3.4e+38 -3.4e+38 -3.4e+38 -3.4e+38 330 329 328 327 326 324 319 320 322 -3.4e+38 -3.4e+38 -3.4e+38 -3.4e+38 -3.4e+38 -3.4e+38 -3.4e+38 -3.4e+38 -3.4e+38
330 329 330 330 330 332 332 333 334 334 335 334 335 334 335 334 335 -3.4e+38 -3.4e+38 -3.4e+38 -3.4e+38 334 335 335 334 332 331 330 332 332 332 331 334 334 333 331 331 333 333 333 -3.4e+38 -3.4e+38 -3.4e+38 -3.4e+38 -3.4e+38 -3.4e+38 -3.4e+38 -3.4e+38 -3.4e+38 -3.4e+38 -3.4e+38 -3.4e+38 -3.4e+38 -3.4e+38 330 330 328 327 326 325 325 323 320 323 -3.4e+38 -3.4e+38 -3.4e+38 -3.4e+38 -3.4e+38 -3.4e+38 -3.4e+38 -3.4e+38 -3.4e+38
330 329 331 330 331 331 333 334 333 335 336 336 334 333 334 335 335 336 334 334 -3.4e+38 334 -3.4e+38 -3.4e+38 334 332 330 330 328 333 332 333 334 334 333 331 332 333 333 333 334 -3.4e+38 -3.4e+38 -3.4e+38 -3.4e+38 -3.4e+38 -3.4e+38 -3.4e+38 -3.4e+38 -3.4e+38 -3.4e+38 -3.4e+38 -3.4e+38 331 330 330 329 329 327 324 325 323 320 322 323 -3.4e+38 -3.4e+38 -3.4e+38 -3.4e+38 -3.4e+38 -3.4e+38 -3.4e+38 -3.4e+38
330 330 331 330 331 331 331 334 334 335 335 336 335 334 334 335 334 337 334 335 -3.4e+38 -3.4e+38 -3.4e+38 -3.4e+38 334 332 325 326 327 330 332 331 333 334 334 333 332 332 334 334 -3.4e+38 -3.4e+38 -3.4e+38 -3.4e+38 -3.4e+38 -3.4e+38 -3.4e+38 -3.4e+38 -3.4e+38 -3.4e+38 -3.4e+38 330 330 331 330 330 330 328 325 322 319 322 319 320 315 323 -3.4e+38 -3.4e+38 -3.4e+38 -3.4e+38 -3.4e+38 -3.4e+38 -3.4e+38
329 330 331 331 330 329 327 332 334 334 335 335 335 335 335 335 335 336 337 336 -3.4e+38 -3.4e+38 -3.4e+38 333 330 330 327 324 329 328 330 332 333 335 335 333 333 334 333 333 -3.4e+38 -3.4e+38 -3.4e+38 -3.4e+38 -3.4e+38 -3.4e+38 -3.4e+38 -3.4e+38 -3.4e+38 -3.4e+38 330 331 330 330 330 330 329 326 327 324 321 318 318 319 315 321 -3.4e+38 -3.4e+38 -3.4e+38 -3.4e+38 -3.4e+38 -3.4e+38 -3.4e+38
