data/bioclim/eFFP1.asc
NCOLS 391 
NROWS 575 
XLLCORNER -1773000 
YLLCORNER 4368000 
CELLSIZE 1000 
NODATA_value -3.4e+38 
[rows 160 to 191 of 575, columns 73 to 145 of 391]
-3.4e+38 -3.4e+38 -3.4e+38 -3.4e+38 -3.4e+38 -3.4e+38 -3.4e+38 -3.4e+38 -3.4e+38 -3.4e+38 -3.4e+38 -3.4e+38 -3.4e+38 -3.4e+38 -3.4e+38 -3.4e+38 -3.4e+38 -3.4e+38 -3.4e+38 -3.4e+38 -3.4e+38 -3.4e+38 -3.4e+38 -3.4e+38 320 322 323 323 322 -3.4e+38 -3.4e+38 -3.4e+38 -3.4e+38 -3.4e+38 -3.4e+38 -3.4e+38 -3.4e+38 -3.4e+38 -3.4e+38 -3.4e+38 -3.4e+38 -3.4e+38 -3.4e+38 -3.4e+38 329 330 328 328 325 327 322 315 301 314 309 307 303 291 303 315 317 315 318 320 321 321 322 323 323 322 320 319 -3.4e+38
-3.4e+38 -3.4e+38 -3.4e+38 -3.4e+38 -3.4e+38 -3.4e+38 -3.4e+38 -3.4e+38 -3.4e+38 -3.4e+38 -3.4e+38 -3.4e+38 -3.4e+38 -3.4e+38 -3.4e+38 -3.4e+38 -3.4e+38 -3.4e+38 -3.4e+38 -3.4e+38 -3.4e+38 -3.4e+38 -3.4e+38 320 321 322 323 323 322 321 -3.4e+38 -3.4e+38 -3.4e+38 -3.4e+38 -3.4e+38 -3.4e+38 -3.4e+38 -3.4e+38 -3.4e+38 -3.4e+38 -3.4e+38 -3.4e+38 -3.4e+38 -3.4e+38 329 329 328 328 328 323 317 314 298 306 306 306 301 301 308 314 315 316 319 319 320 321 322 323 322 321 321 320 319
-3.4e+38 -3.4e+38 -3.4e+38 -3.4e+38 -3.4e+38 -3.4e+38 -3.4e+38 -3.4e+38 -3.4e+38 -3.4e+38 -3.4e+38 -3.4e+38 -3.4e+38 -3.4e+38 -3.4e+38 -3.4e+38 -3.4e+38 -3.4e+38 -3.4e+38 -3.4e+38 -3.4e+38 -3.4e+38 -3.4e+38 320 321 322 323 323 322 -3.4e+38 -3.4e+38 -3.4e+38 -3.4e+38 -3.4e+38 -3.4e+38 -3.4e+38 -3.4e+38 -3.4e+38 -3.4e+38 -3.4e+38 -3.4e+38 -3.4e+38 -3.4e+38 -3.4e+38 329 329 327 327 325 324 319 311 298 301 309 303 302 301 306 308 312 316 317 319 320 321 322 323 322 320 319 318 318
-3.4e+38 -3.4e+38 -3.4e+38 -3.4e+38 -3.4e+38 -3.4e+38 -3.4e+38 -3.4e+38 -3.4e+38 -3.4e+38 -3.4e+38 -3.4e+38 -3.4e+38 -3.4e+38 -3.4e+38 -3.4e+38 -3.4e+38 -3.4e+38 -3.4e+38 -3.4e+38 -3.4e+38 -3.4e+38 319 320 321 322 323 322 322 -3.4e+38 -3.4e+38 -3.4e+38 -3.4e+38 -3.4e+38 -3.4e+38 -3.4e+38 -3.4e+38 -3.4e+38 -3.4e+38 -3.4e+38 -3.4e+38 -3.4e+38 -3.4e+38 -3.4e+38 329 328 327 326 325 323 320 317 305 311 312 309 302 305 309 313 313 317 318 319 319 321 322 322 322 -3.4e+38 -3.4e+38 -3.4e+38 -3.4e+38
322 -3.4e+38 -3.4e+38 -3.4e+38 -3.4e+38 -3.4e+38 -3.4e+38 -3.4e+38 -3.4e+38 -3.4e+38 -3.4e+38 -3.4e+38 -3.4e+38 -3.4e+38 -3.4e+38 -3.4e+38 -3.4e+38 -3.4e+38 -3.4e+38 -3.4e+38 -3.4e+38 -3.4e+38 320 321 322 323 323 322 321 321 320 -3.4e+38 -3.4e+38 -3.4e+38 -3.4e+38 -3.4e+38 -3.4e+38 -3.4e+38 -3.4e+38 -3.4e+38 -3.4e+38 -3.4e+38 -3.4e+38 -3.4e+38 328 327 328 328 325 325 321 317 311 315 315 311 304 304 310 312 315 315 320 321 320 321 322 321 321 321 -3.4e+38 -3.4e+38 -3.4e+38
-3.4e+38 -3.4e+38 -3.4e+38 -3.4e+38 -3.4e+38 -3.4e+38 -3.4e+38 -3.4e+38 -3.4e+38 -3.4e+38 -3.4e+38 -3.4e+38 -3.4e+38 -3.4e+38 -3.4e+38 -3.4e+38 -3.4e+38 -3.4e+38 -3.4e+38 -3.4e+38 -3.4e+38 -3.4e+38 320 321 322 323 323 322 321 321 320 -3.4e+38 -3.4e+38 -3.4e+38 -3.4e+38 -3.4e+38 -3.4e+38 -3.4e+38 -3.4e+38 -3.4e+38 -3.4e+38 -3.4e+38 -3.4e+38 -3.4e+38 327 326 328 328 327 323 319 317 311 317 316 312 305 308 313 315 316 317 319 320 319 320 321 320 319 319 -3.4e+38 -3.4e+38 -3.4e+38
322 322 -3.4e+38 -3.4e+38 -3.4e+38 -3.4e+38 -3.4e+38 -3.4e+38 -3.4e+38 -3.4e+38 -3.4e+38 -3.4e+38 -3.4e+38 -3.4e+38 -3.4e+38 -3.4e+38 -3.4e+38 -3.4e+38 -3.4e+38 -3.4e+38 -3.4e+38 320 321 321 322 323 322 322 321 321 320 -3.4e+38 -3.4e+38 -3.4e+38 -3.4e+38 -3.4e+38 -3.4e+38 -3.4e+38 -3.4e+38 -3.4e+38 -3.4e+38 -3.4e+38 -3.4e+38 -3.4e+38 325 326 326 326 323 324 323 318 318 314 314 311 308 309 312 315 315 317 319 319 319 320 320 319 318 317 317 -3.4e+38 -3.4e+38
323 322 -3.4e+38 -3.4e+38 -3.4e+38 -3.4e+38 -3.4e+38 -3.4e+38 -3.4e+38 -3.4e+38 -3.4e+38 -3.4e+38 -3.4e+38 -3.4e+38 -3.4e+38 -3.4e+38 -3.4e+38 -3.4e+38 -3.4e+38 -3.4e+38 -3.4e+38 321 321 322 322 323 322 322 321 321 320 320 -3.4e+38 -3.4e+38 -3.4e+38 -3.4e+38 -3.4e+38 -3.4e+38 -3.4e+38 -3.4e+38 -3.4e+38 -3.4e+38 -3.4e+38 -3.4e+38 325 325 326 327 325 324 324 322 319 315 312 311 310 313 315 316 318 321 321 320 319 318 318 318 317 316 315 -3.4e+38 -3.4e+38
323 322 321 -3.4e+38 -3.4e+38 -3.4e+38 -3.4e+38 -3.4e+38 -3.4e+38 -3.4e+38 -3.4e+38 -3.4e+38 -3.4e+38 -3.4e+38 -3.4e+38 -3.4e+38 -3.4e+38 -3.4e+38 -3.4e+38 -3.4e+38 -3.4e+38 321 321 322 322 322 322 322 321 321 321 320 -3.4e+38 -3.4e+38 -3.4e+38 -3.4e+38 -3.4e+38 -3.4e+38 -3.4e+38 -3.4e+38 -3.4e+38 -3.4e+38 -3.4e+38 -3.4e+38 324 325 326 327 326 324 323 322 316 318 314 312 311 313 316 318 318 320 320 317 318 318 317 316 316 315 -3.4e+38 -3.4e+38 -3.4e+38
322 322 -3.4e+38 -3.4e+38 -3.4e+38 -3.4e+38 -3.4e+38 -3.4e+38 -3.4e+38 -3.4e+38 -3.4e+38 -3.4e+38 -3.4e+38 -3.4e+38 -3.4e+38 -3.4e+38 -3.4e+38 -3.4e+38 -3.4e+38 -3.4e+38 321 321 322 322 322 322 322 322 322 321 321 320 -3.4e+38 -3.4e+38 -3.4e+38 -3.4e+38 -3.4e+38 -3.4e+38 -3.4e+38 -3.4e+38 -3.4e+38 -3.4e+38 -3.4e+38 -3.4e+38 324 325 326 327 326 325 325 323 322 317 315 314 314 315 316 318 318 318 319 317 318 317 316 315 315 314 -3.4e+38 -3.4e+38 -3.4e+38
322 323 321 -3.4e+38 -3.4e+38 -3.4e+38 -3.4e+38 -3.4e+38 -3.4e+38 316 316 -3.4e+38 -3.4e+38 -3.4e+38 -3.4e+38 -3.4e+38 -3.4e+38 -3.4e+38 -3.4e+38 -3.4e+38 321 321 321 321 322 321 321 321 321 321 321 320 -3.4e+38 -3.4e+38 -3.4e+38 -3.4e+38 -3.4e+38 -3.4e+38 -3.4e+38 -3.4e+38 -3.4e+38 -3.4e+38 322 323 324 325 326 326 325 327 326 324 319 317 318 315 314 315 316 317 318 318 318 317 317 317 316 315 313 -3.4e+38 -3.4e+38 -3.4e+38 -3.4e+38
322 321 321 320 -3.4e+38 -3.4e+38 -3.4e+38 -3.4e+38 -3.4e+38 -3.4e+38 316 317 -3.4e+38 -3.4e+38 -3.4e+38 -3.4e+38 -3.4e+38 -3.4e+38 -3.4e+38 321 321 321 321 321 321 321 321 320 320 320 320 319 -3.4e+38 -3.4e+38 -3.4e+38 -3.4e+38 -3.4e+38 -3.4e+38 -3.4e+38 -3.4e+38 -3.4e+38 321 322 323 323 325 326 326 325 327 326 322 318 316 317 317 317 317 317 317 318 318 317 315 316 316 315 314 -3.4e+38 313 314 313 313
322 321 321 321 320 -3.4e+38 -3.4e+38 -3.4e+38 -3.4e+38 -3.4e+38 318 318 320 320 318 -3.4e+38 -3.4e+38 -3.4e+38 321 322 322 321 321 321 321 321 320 320 319 319 319 319 -3.4e+38 -3.4e+38 -3.4e+38 -3.4e+38 -3.4e+38 -3.4e+38 -3.4e+38 319 319 320 321 322 323 324 325 325 324 324 325 323 320 319 317 315 316 318 317 317 317 317 318 317 315 315 314 -3.4e+38 -3.4e+38 312 313 313 313
322 321 321 321 321 -3.4e+38 -3.4e+38 320 320 320 320 321 319 322 320 320 321 321 322 323 322 321 321 321 321 320 319 319 319 318 318 318 -3.4e+38 -3.4e+38 -3.4e+38 -3.4e+38 -3.4e+38 318 318 319 320 320 321 322 323 324 325 325 324 324 323 322 321 320 317 315 317 317 317 317 317 316 317 317 314 313 -3.4e+38 -3.4e+38 -3.4e+38 312 312 313 314
321 321 321 321 321 -3.4e+38 -3.4e+38 321 322 321 320 321 319 322 327 323 323 322 323 323 321 321 321 320 320 319 319 318 318 317 317 317 -3.4e+38 -3.4e+38 -3.4e+38 -3.4e+38 -3.4e+38 318 319 319 320 320 320 321 323 324 324 324 324 324 323 322 321 320 318 317 317 317 317 317 316 316 316 315 314 -3.4e+38 -3.4e+38 -3.4e+38 311 312 313 313 314
321 321 321 321 321 321 -3.4e+38 -3.4e+38 322 323 322 324 320 326 329 327 323 323 323 322 321 321 320 319 318 318 318 317 317 317 317 317 317 -3.4e+38 -3.4e+38 -3.4e+38 -3.4e+38 318 319 319 321 320 320 322 322 323 323 323 323 323 323 322 321 320 319 318 317 318 316 316 315 315 315 315 313 -3.4e+38 -3.4e+38 -3.4e+38 311 312 313 313 314
321 321 321 321 321 321 -3.4e+38 322 323 322 323 323 322 322 325 324 323 323 323 322 321 320 319 318 317 317 316 316 316 316 316 316 316 -3.4e+38 -3.4e+38 -3.4e+38 318 319 319 320 321 320 321 321 322 323 322 322 322 322 321 321 320 319 318 318 317 317 316 315 315 314 313 313 -3.4e+38 -3.4e+38 -3.4e+38 311 311 312 312 313 314
321 321 320 320 320 321 322 322 323 323 324 325 322 322 322 323 324 324 323 322 321 319 319 317 316 315 315 315 315 315 316 316 316 316 -3.4e+38 317 318 319 319 320 321 320 320 320 321 322 322 321 321 320 320 319 318 318 317 317 316 316 315 314 314 313 312 -3.4e+38 -3.4e+38 -3.4e+38 -3.4e+38 311 311 311 312 313 314
320 320 320 320 320 321 322 323 323 324 324 326 324 324 324 322 324 324 323 322 320 319 318 316 315 314 314 314 314 315 315 315 316 316 -3.4e+38 317 317 318 319 319 322 320 320 320 320 322 321 320 320 319 319 318 317 317 316 315 314 315 314 313 313 311 -3.4e+38 -3.4e+38 -3.4e+38 -3.4e+38 310 310 311 311 312 313 313
320 320 320 319 320 321 322 323 324 324 325 325 325 325 325 325 325 324 323 321 319 318 317 316 314 313 312 313 313 314 315 315 315 315 -3.4e+38 315 316 317 317 320 318 317 316 317 318 319 319 319 319 318 317 316 315 315 314 315 313 314 313 312 312 -3.4e+38 -3.4e+38 -3.4e+38 -3.4e+38 -3.4e+38 310 311 311 311 312 313 313
319 319 319 319 320 321 322 323 324 325 325 326 327 326 325 325 325 324 323 321 320 319 317 315 314 313 311 312 313 314 314 315 315 314 -3.4e+38 315 315 316 316 318 316 316 316 316 316 317 316 317 316 316 315 315 314 314 313 312 312 313 311 311 311 -3.4e+38 -3.4e+38 -3.4e+38 -3.4e+38 310 310 311 311 311 311 312 312
319 318 319 319 320 321 322 322 323 324 328 328 328 326 325 326 325 324 323 323 323 319 316 315 314 313 312 312 313 313 314 314 314 314 -3.4e+38 314 314 315 315 316 316 315 315 314 316 315 315 315 315 314 314 313 313 313 312 311 311 311 311 309 -3.4e+38 -3.4e+38 -3.4e+38 -3.4e+38 310 310 310 311 310 311 311 311 311
318 318 318 318 319 320 321 322 322 323 323 326 327 325 324 326 325 324 322 324 320 318 316 314 313 312 312 313 313 313 313 313 313 313 -3.4e+38 -3.4e+38 314 314 314 314 314 314 313 313 313 312 313 313 313 313 313 312 312 312 311 310 310 309 309 309 -3.4e+38 -3.4e+38 -3.4e+38 -3.4e+38 310 310 310 310 310 310 310 310 310
318 318 317 318 319 320 321 321 321 322 324 326 325 324 325 325 325 324 322 325 321 318 317 316 314 313 312 313 312 312 312 313 313 -3.4e+38 -3.4e+38 -3.4e+38 313 313 313 313 313 312 311 311 312 313 312 312 311 311 311 311 311 311 311 310 309 309 308 -3.4e+38 309 309 -3.4e+38 309 309 310 310 310 310 310 310 310 310
318 318 317 318 319 318 320 320 320 322 322 324 324 322 325 325 325 324 322 325 320 321 317 316 314 312 312 312 312 312 312 -3.4e+38 -3.4e+38 -3.4e+38 -3.4e+38 -3.4e+38 -3.4e+38 313 312 312 312 311 312 310 312 311 311 310 311 310 310 310 310 310 310 309 308 308 -3.4e+38 309 309 309 309 309 310 310 310 310 310 309 309 310 310
318 318 317 318 318 318 320 319 319 320 320 323 322 323 324 325 325 324 329 323 319 316 315 313 313 312 312 311 311 311 -3.4e+38 -3.4e+38 -3.4e+38 -3.4e+38 -3.4e+38 -3.4e+38 -3.4e+38 -3.4e+38 -3.4e+38 -3.4e+38 -3.4e+38 -3.4e+38 310 310 311 310 310 309 309 308 309 309 309 309 309 309 309 -3.4e+38 309 309 310 310 310 310 310 310 310 309 309 309 309 309 309
318 318 317 318 318 318 318 318 319 318 319 319 320 323 324 325 325 323 328 323 320 320 317 314 313 311 -3.4e+38 311 -3.4e+38 -3.4e+38 -3.4e+38 -3.4e+38 -3.4e+38 -3.4e+38 -3.4e+38 -3.4e+38 -3.4e+38 -3.4e+38 -3.4e+38 -3.4e+38 -3.4e+38 -3.4e+38 -3.4e+38 -3.4e+38 -3.4e+38 -3.4e+38 -3.4e+38 309 309 309 309 309 309 309 309 309 -3.4e+38 309 309 309 310 310 310 310 310 310 309 309 309 309 309 309 309
318 318 317 317 317 317 318 317 318 319 317 317 320 323 324 325 325 323 323 321 319 317 315 314 311 311 -3.4e+38 -3.4e+38 -3.4e+38 -3.4e+38 -3.4e+38 -3.4e+38 -3.4e+38 -3.4e+38 -3.4e+38 -3.4e+38 -3.4e+38 -3.4e+38 -3.4e+38 -3.4e+38 310 310 310 310 310 310 309 309 309 309 309 309 309 309 308 -3.4e+38 308 309 309 309 310 310 310 310 310 310 309 309 309 309 309 309 308
318 318 317 317 317 317 317 317 318 319 317 317 320 323 324 325 324 323 323 321 319 316 314 312 309 309 309 -3.4e+38 -3.4e+38 -3.4e+38 -3.4e+38 -3.4e+38 -3.4e+38 -3.4e+38 -3.4e+38 -3.4e+38 -3.4e+38 -3.4e+38 -3.4e+38 -3.4e+38 310 310 309 309 309 309 309 309 309 309 309 309 309 -3.4e+38 -3.4e+38 308 308 309 309 309 310 310 310 310 310 310 309 309 309 309 308 308 308
319 318 317 316 316 316 316 317 317 318 318 320 321 322 323 324 323 322 323 321 319 316 314 312 309 310 -3.4e+38 -3.4e+38 -3.4e+38 -3.4e+38 -3.4e+38 -3.4e+38 -3.4e+38 -3.4e+38 -3.4e+38 -3.4e+38 -3.4e+38 -3.4e+38 -3.4e+38 -3.4e+38 -3.4e+38 309 309 309 309 309 309 309 -3.4e+38 -3.4e+38 -3.4e+38 -3.4e+38 -3.4e+38 308 308 308 309 309 309 309 310 310 310 309 310 310 309 309 309 309 309 308 308
320 321 319 318 317 316 316 316 317 318 319 320 321 322 323 322 322 322 320 321 318 316 312 310 310 309 -3.4e+38 -3.4e+38 -3.4e+38 -3.4e+38 -3.4e+38 -3.4e+38 -3.4e+38 -3.4e+38 -3.4e+38 -3.4e+38 -3.4e+38 -3.4e+38 -3.4e+38 -3.4e+38 -3.4e+38 -3.4e+38 -3.4e+38 309 309 -3.4e+38 -3.4e+38 -3.4e+38 -3.4e+38 -3.4e+38 -3.4e+38 -3.4e+38 -3.4e+38 308 308 309 309 308 308 309 309 309 309 309 309 309 309 309 309 308 308 308 308
-3.4e+38 -3.4e+38 -3.4e+38 319 318 317 317 317 317 318 319 320 321 322 323 323 322 321 320 319 317 313 312 310 310 308 309 -3.4e+38 -3.4e+38 -3.4e+38 -3.4e+38 -3.4e+38 -3.4e+38 -3.4e+38 -3.4e+38 -3.4e+38 -3.4e+38 -3.4e+38 -3.4e+38 -3.4e+38 -3.4e+38 -3.4e+38 -3.4e+38 -3.4e+38 -3.4e+38 -3.4e+38 -3.4e+38 -3.4e+38 -3.4e+38 -3.4e+38 -3.4e+38 -3.4e+38 308 309 309 309 308 308 308 308 309 309 309 309 309 309 309 309 308 307 -3.4e+38 -3.4e+38 -3.4e+38
