data/bioclim/EMT1.asc
NCOLS 391 
NROWS 575 
XLLCORNER -1773000 
YLLCORNER 4368000 
CELLSIZE 1000 
NODATA_value -3.4e+38 
[rows 312 to 335 of 575, columns 275 to 329 of 391]
-16.1000003814697 -15.3000001907349 -14.6999998092651 -15.1999998092651 -14.8999996185303 -14.8000001907349 -13.6999998092651 -13.3000001907349 -3.4e+38 -3.4e+38 -3.4e+38 -3.4e+38 -3.4e+38 -3.4e+38 -3.4e+38 -15.8000001907349 -16.5 -18.5 -18.7999992370605 -15.8000001907349 -15.6000003814697 -15.6999998092651 -15.8000001907349 -16.2000007629395 -16.7999992370605 -16.8999996185303 -17.2999992370605 -17.7999992370605 -18.6000003814697 -20.1000003814697 -19.7999992370605 -19.7000007629395 -19.6000003814697 -19.8999996185303 -19 -19.2000007629395 -18.8999996185303 -18.7000007629395 -19 -3.4e+38 -3.4e+38 -3.4e+38 -3.4e+38 -3.4e+38 -3.4e+38 -3.4e+38 -3.4e+38 -3.4e+38 -3.4e+38 -3.4e+38 -3.4e+38 -3.4e+38 -3.4e+38 -3.4e+38 -3.4e+38
-16.3999996185303 -14.8999996185303 -15.1000003814697 -15.3999996185303 -14.8999996185303 -14.6999998092651 -13.3000001907349 -13.3999996185303 -13.3000001907349 -3.4e+38 -3.4e+38 -3.4e+38 -3.4e+38 -15 -15.6999998092651 -15.6999998092651 -17.8999996185303 -17.7000007629395 -16.2000007629395 -15.3000001907349 -15.3000001907349 -15.6000003814697 -15.6000003814697 -16.7000007629395 -16.5 -17.1000003814697 -18.7999992370605 -19 -18.7999992370605 -19 -20.2999992370605 -20.2999992370605 -19.7999992370605 -19.7999992370605 -19.3999996185303 -19 -19 -19 -18.5 -3.4e+38 -3.4e+38 -3.4e+38 -3.4e+38 -3.4e+38 -3.4e+38 -3.4e+38 -3.4e+38 -3.4e+38 -3.4e+38 -3.4e+38 -3.4e+38 -3.4e+38 -3.4e+38 -3.4e+38 -3.4e+38
-16.3999996185303 -15.3000001907349 -15.3000001907349 -16 -15.3999996185303 -14.3999996185303 -14.1000003814697 -13.5 -13.3999996185303 -3.4e+38 -3.4e+38 -14.3000001907349 -14.8999996185303 -15.5 -16.2000007629395 -16.3999996185303 -17.2999992370605 -17.2999992370605 -15.6000003814697 -15.3000001907349 -15.3999996185303 -15.6000003814697 -16.2999992370605 -16.5 -18.3999996185303 -17.8999996185303 -18.1000003814697 -18.7999992370605 -19.5 -19.1000003814697 -19.8999996185303 -20.5 -20.5 -19.7000007629395 -19.7999992370605 -19.1000003814697 -19 -19.1000003814697 -18.5 -3.4e+38 -3.4e+38 -3.4e+38 -3.4e+38 -3.4e+38 -3.4e+38 -3.4e+38 -3.4e+38 -3.4e+38 -3.4e+38 -3.4e+38 -3.4e+38 -3.4e+38 -3.4e+38 -3.4e+38 -3.4e+38
-16.7000007629395 -16.1000003814697 -15.3999996185303 -15.3999996185303 -15.1999998092651 -15 -14.1000003814697 -13.3999996185303 -13.1999998092651 -3.4e+38 -14 -15.1000003814697 -15.6000003814697 -15.6999998092651 -16.2000007629395 -16.2999992370605 -16.7999992370605 -17.2000007629395 -15.6000003814697 -14.8999996185303 -15.6000003814697 -16.7999992370605 -16.6000003814697 -18 -17.7000007629395 -18.6000003814697 -19.7000007629395 -19.6000003814697 -19.3999996185303 -19.7000007629395 -20.5 -20.5 -20.2000007629395 -19.7999992370605 -19.7000007629395 -19.1000003814697 -18.8999996185303 -18.7000007629395 -18.6000003814697 -3.4e+38 -3.4e+38 -3.4e+38 -3.4e+38 -3.4e+38 -3.4e+38 -3.4e+38 -3.4e+38 -3.4e+38 -3.4e+38 -3.4e+38 -3.4e+38 -3.4e+38 -3.4e+38 -3.4e+38 -3.4e+38
-16.8999996185303 -16 -15.3000001907349 -15.3000001907349 -15.8999996185303 -14.6000003814697 -13.8999996185303 -13.6000003814697 -13.1999998092651 -13.8000001907349 -3.4e+38 -14.1999998092651 -14.5 -14.8000001907349 -15.6000003814697 -14.8000001907349 -16.3999996185303 -15.3999996185303 -14.6000003814697 -15.5 -16.7000007629395 -17.2000007629395 -17.5 -18.1000003814697 -18.1000003814697 -18 -18.5 -20 -19.7000007629395 -20.1000003814697 -21.2999992370605 -19.7999992370605 -19.7000007629395 -19.7000007629395 -19.7000007629395 -19 -18.8999996185303 -18.6000003814697 -18.3999996185303 -3.4e+38 -3.4e+38 -3.4e+38 -3.4e+38 -3.4e+38 -3.4e+38 -3.4e+38 -3.4e+38 -3.4e+38 -3.4e+38 -3.4e+38 -3.4e+38 -3.4e+38 -3.4e+38 -3.4e+38 -3.4e+38
-17.7000007629395 -16.2999992370605 -15.8000001907349 -16.1000003814697 -14.6000003814697 -14.8999996185303 -13.8000001907349 -13.6000003814697 -13.3999996185303 -13.3000001907349 -3.4e+38 -3.4e+38 -3.4e+38 -14.1000003814697 -14.8000001907349 -14.6999998092651 -15 -15 -15.3000001907349 -15.3999996185303 -16.3999996185303 -16.7000007629395 -17.2000007629395 -18 -18.7000007629395 -19.3999996185303 -19.6000003814697 -20.5 -20.7000007629395 -20.2999992370605 -20.5 -19.7000007629395 -20.3999996185303 -19.2000007629395 -18.8999996185303 -18.8999996185303 -18.7000007629395 -3.4e+38 -3.4e+38 -3.4e+38 -3.4e+38 -3.4e+38 -3.4e+38 -3.4e+38 -3.4e+38 -3.4e+38 -3.4e+38 -3.4e+38 -3.4e+38 -3.4e+38 -3.4e+38 -3.4e+38 -3.4e+38 -3.4e+38 -3.4e+38
-17.1000003814697 -16.7000007629395 -15.8000001907349 -15.1999998092651 -15.1999998092651 -14.5 -13.8000001907349 -13.8999996185303 -13.8999996185303 -13.3000001907349 -13.1999998092651 -3.4e+38 -3.4e+38 -3.4e+38 -14.1000003814697 -14 -14.6999998092651 -15.1999998092651 -15.3000001907349 -16.2000007629395 -16.3999996185303 -17.1000003814697 -18.2000007629395 -18 -20.7000007629395 -21.1000003814697 -21.8999996185303 -21.7999992370605 -21.5 -21.1000003814697 -21.2000007629395 -20.5 -20.3999996185303 -19.6000003814697 -18.7999992370605 -18.5 -3.4e+38 -3.4e+38 -3.4e+38 -3.4e+38 -3.4e+38 -3.4e+38 -3.4e+38 -3.4e+38 -3.4e+38 -3.4e+38 -3.4e+38 -3.4e+38 -3.4e+38 -3.4e+38 -3.4e+38 -3.4e+38 -3.4e+38 -3.4e+38 -3.4e+38
-18.1000003814697 -16.8999996185303 -15.1999998092651 -15.1999998092651 -14.5 -13.8000001907349 -13.8999996185303 -14.1999998092651 -13.8999996185303 -13.3999996185303 -13.3000001907349 -3.4e+38 -3.4e+38 -13.6000003814697 -14 -14.6999998092651 -14.3999996185303 -14.8999996185303 -15.5 -15.6999998092651 -16.2999992370605 -17.2000007629395 -18.7000007629395 -19.3999996185303 -21 -22.6000003814697 -23.3999996185303 -21.7999992370605 -22.1000003814697 -21.1000003814697 -20.3999996185303 -20.2000007629395 -19.3999996185303 -19 -18.7999992370605 -3.4e+38 -3.4e+38 -3.4e+38 -3.4e+38 -3.4e+38 -3.4e+38 -3.4e+38 -3.4e+38 -3.4e+38 -3.4e+38 -3.4e+38 -3.4e+38 -3.4e+38 -3.4e+38 -3.4e+38 -3.4e+38 -3.4e+38 -3.4e+38 -3.4e+38 -3.4e+38
-18.1000003814697 -17.6000003814697 -16.7999992370605 -16.5 -15.3000001907349 -15.1000003814697 -14.6000003814697 -13.8000001907349 -13.8000001907349 -13.1999998092651 -3.4e+38 -3.4e+38 -13.6999998092651 -13.6999998092651 -14.6000003814697 -14.6999998092651 -14.8999996185303 -15.1999998092651 -15.3000001907349 -17 -17.2000007629395 -18 -18.7999992370605 -19.8999996185303 -21.6000003814697 -20.5 -21.1000003814697 -23.3999996185303 -23.3999996185303 -21.2000007629395 -20.2999992370605 -19.6000003814697 -19.2999992370605 -3.4e+38 -3.4e+38 -3.4e+38 -3.4e+38 -3.4e+38 -3.4e+38 -3.4e+38 -3.4e+38 -3.4e+38 -3.4e+38 -3.4e+38 -3.4e+38 -3.4e+38 -3.4e+38 -3.4e+38 -3.4e+38 -3.4e+38 -3.4e+38 -3.4e+38 -3.4e+38 -3.4e+38 -3.4e+38
-19 -18.7000007629395 -17.6000003814697 -15.8999996185303 -16.7999992370605 -16 -15.3999996185303 -15.1999998092651 -13.8999996185303 -13.3000001907349 -13 -13 -13.6000003814697 -13.8000001907349 -14.1999998092651 -14.6000003814697 -15.5 -16.2999992370605 -16.2999992370605 -17.1000003814697 -18 -18 -18.7000007629395 -19.7000007629395 -19.5 -21.7000007629395 -22.7000007629395 -24.2000007629395 -22.1000003814697 -21 -20.3999996185303 -20.2999992370605 -19 -18.7000007629395 -18.7999992370605 -3.4e+38 -3.4e+38 -3.4e+38 -3.4e+38 -3.4e+38 -3.4e+38 -3.4e+38 -3.4e+38 -3.4e+38 -3.4e+38 -3.4e+38 -3.4e+38 -3.4e+38 -3.4e+38 -3.4e+38 -3.4e+38 -3.4e+38 -3.4e+38 -3.4e+38 -3.4e+38
-18.2000007629395 -18.3999996185303 -17.6000003814697 -15.8999996185303 -15.8000001907349 -15.8999996185303 -15 -14.3999996185303 -13.8999996185303 -13.5 -13.1999998092651 -13 -13.5 -13.8000001907349 -14.6000003814697 -15.3000001907349 -15.8999996185303 -16.2999992370605 -16.7999992370605 -17.5 -17.8999996185303 -18.2999992370605 -18.2999992370605 -19.2999992370605 -21.1000003814697 -22.7000007629395 -23.6000003814697 -24.2000007629395 -22 -21.1000003814697 -20.3999996185303 -20.2999992370605 -19.6000003814697 -19.2999992370605 -18.6000003814697 -3.4e+38 -3.4e+38 -3.4e+38 -3.4e+38 -3.4e+38 -3.4e+38 -3.4e+38 -3.4e+38 -3.4e+38 -3.4e+38 -3.4e+38 -3.4e+38 -3.4e+38 -3.4e+38 -3.4e+38 -3.4e+38 -3.4e+38 -3.4e+38 -3.4e+38 -3.4e+38
-18.3999996185303 -17.7999992370605 -18.2999992370605 -17.1000003814697 -16.3999996185303 -15.8999996185303 -15.5 -14.6000003814697 -13.6000003814697 -13.5 -13.3999996185303 -3.4e+38 -14.1999998092651 -14.5 -14.5 -14.6000003814697 -15.1999998092651 -16.1000003814697 -16.1000003814697 -17 -17.7999992370605 -17.7999992370605 -19.5 -20.2000007629395 -22.3999996185303 -22.6000003814697 -21.3999996185303 -25 -24 -21.6000003814697 -20.7999992370605 -19.7999992370605 -19.1000003814697 -18.7999992370605 -18.7999992370605 -3.4e+38 -3.4e+38 -3.4e+38 -3.4e+38 -3.4e+38 -3.4e+38 -3.4e+38 -3.4e+38 -3.4e+38 -3.4e+38 -3.4e+38 -3.4e+38 -3.4e+38 -3.4e+38 -3.4e+38 -3.4e+38 -3.4e+38 -3.4e+38 -3.4e+38 -3.4e+38
-18.2999992370605 -19 -18.2999992370605 -17.1000003814697 -16.5 -16 -15.1999998092651 -15.1000003814697 -13.6000003814697 -13.6000003814697 -13 -3.4e+38 -13.6999998092651 -13.8999996185303 -14.6000003814697 -14.5 -14.5 -15.1999998092651 -16.1000003814697 -16.2000007629395 -16.8999996185303 -16.8999996185303 -18.7000007629395 -19.3999996185303 -20.5 -20 -21.3999996185303 -23.5 -24.7000007629395 -22 -20.5 -19.5 -19.2999992370605 -18.8999996185303 -18.6000003814697 -18.3999996185303 -3.4e+38 -3.4e+38 -3.4e+38 -3.4e+38 -3.4e+38 -3.4e+38 -3.4e+38 -3.4e+38 -3.4e+38 -3.4e+38 -3.4e+38 -3.4e+38 -3.4e+38 -3.4e+38 -3.4e+38 -3.4e+38 -3.4e+38 -3.4e+38 -3.4e+38
-20.1000003814697 -19.7999992370605 -19 -17.5 -17.7999992370605 -16.7000007629395 -15.8000001907349 -14.3999996185303 -14 -13.6000003814697 -13.5 -3.4e+38 -3.4e+38 -13.6000003814697 -13.6999998092651 -14.3000001907349 -14.5 -15.1999998092651 -15.5 -15.6999998092651 -16 -16.8999996185303 -17.5 -17.8999996185303 -18.8999996185303 -20.5 -21.6000003814697 -23.7000007629395 -24.2000007629395 -22 -21.1000003814697 -20 -19.3999996185303 -18.8999996185303 -18.7000007629395 -3.4e+38 -3.4e+38 -3.4e+38 -3.4e+38 -3.4e+38 -3.4e+38 -3.4e+38 -3.4e+38 -3.4e+38 -3.4e+38 -3.4e+38 -3.4e+38 -3.4e+38 -3.4e+38 -3.4e+38 -3.4e+38 -3.4e+38 -3.4e+38 -3.4e+38 -3.4e+38
-21.8999996185303 -20.6000003814697 -19.1000003814697 -19.1000003814697 -16.6000003814697 -15.8999996185303 -15.8000001907349 -15.1999998092651 -14.8999996185303 -13.8000001907349 -13.5 -3.4e+38 -3.4e+38 -13.5 -14.5 -15.5 -14.3999996185303 -14.8999996185303 -15.1999998092651 -15.3999996185303 -15.8000001907349 -16.3999996185303 -16.8999996185303 -17.7000007629395 -18.7000007629395 -19.8999996185303 -22.6000003814697 -22.8999996185303 -24.1000003814697 -22.7999992370605 -21.1000003814697 -20.2999992370605 -19.5 -19.2999992370605 -18.7000007629395 -18.2000007629395 -3.4e+38 -3.4e+38 -3.4e+38 -3.4e+38 -3.4e+38 -3.4e+38 -3.4e+38 -3.4e+38 -3.4e+38 -3.4e+38 -3.4e+38 -3.4e+38 -3.4e+38 -3.4e+38 -3.4e+38 -3.4e+38 -3.4e+38 -3.4e+38 -3.4e+38
-22.8999996185303 -19.7000007629395 -18.2999992370605 -17.8999996185303 -16.7000007629395 -15.8000001907349 -16.3999996185303 -15.3999996185303 -15 -14.1000003814697 -13.6000003814697 -3.4e+38 -3.4e+38 -13.6000003814697 -14.1999998092651 -14.8999996185303 -15.1999998092651 -15.3000001907349 -15.8999996185303 -15.8000001907349 -15.6000003814697 -16 -17.6000003814697 -18 -18.7999992370605 -19.3999996185303 -20.7000007629395 -22.5 -22.2999992370605 -22.6000003814697 -21.8999996185303 -20.2999992370605 -19.3999996185303 -18.7000007629395 -18.6000003814697 -3.4e+38 -3.4e+38 -3.4e+38 -3.4e+38 -3.4e+38 -3.4e+38 -3.4e+38 -3.4e+38 -3.4e+38 -3.4e+38 -3.4e+38 -3.4e+38 -3.4e+38 -3.4e+38 -3.4e+38 -3.4e+38 -3.4e+38 -3.4e+38 -3.4e+38 -3.4e+38
-20.7000007629395 -19.7999992370605 -18.2999992370605 -18.1000003814697 -16.6000003814697 -16.6000003814697 -15.6999998092651 -15.6999998092651 -15 -14 -13.3999996185303 -12.8000001907349 -3.4e+38 -13.3000001907349 -13.6000003814697 -14.1999998092651 -15.1000003814697 -15.6999998092651 -16.2999992370605 -15.1000003814697 -15.3000001907349 -15.8999996185303 -17.6000003814697 -17.5 -18.5 -19.3999996185303 -19.5 -20.2000007629395 -20 -21.7999992370605 -20.2999992370605 -20.1000003814697 -19.5 -18.7000007629395 -18.3999996185303 -18.1000003814697 -3.4e+38 -3.4e+38 -3.4e+38 -3.4e+38 -3.4e+38 -3.4e+38 -3.4e+38 -3.4e+38 -3.4e+38 -3.4e+38 -3.4e+38 -3.4e+38 -3.4e+38 -3.4e+38 -3.4e+38 -3.4e+38 -3.4e+38 -3.4e+38 -3.4e+38
-19.7999992370605 -19.1000003814697 -18.7000007629395 -17.3999996185303 -16.7000007629395 -16.6000003814697 -15.6999998092651 -15.6999998092651 -14.8999996185303 -14.1999998092651 -14.1000003814697 -13.1999998092651 -3.4e+38 -3.4e+38 -13.5 -13.8000001907349 -14.8000001907349 -15.3000001907349 -15.3999996185303 -15 -15.3000001907349 -15.8999996185303 -16.2999992370605 -16.7999992370605 -17.2000007629395 -18.1000003814697 -17.6000003814697 -21 -20.8999996185303 -22.6000003814697 -21.7999992370605 -20.2000007629395 -19.5 -18.8999996185303 -18.3999996185303 -18.5 -3.4e+38 -3.4e+38 -3.4e+38 -3.4e+38 -3.4e+38 -3.4e+38 -3.4e+38 -3.4e+38 -3.4e+38 -3.4e+38 -3.4e+38 -3.4e+38 -3.4e+38 -3.4e+38 -3.4e+38 -3.4e+38 -3.4e+38 -3.4e+38 -3.4e+38
-20.6000003814697 -19.1000003814697 -18.2999992370605 -18 -17.2999992370605 -16.3999996185303 -15.6999998092651 -14.8999996185303 -15.5 -15.1000003814697 -14.8999996185303 -14.1000003814697 -3.4e+38 -3.4e+38 -13.5 -14.3000001907349 -14.8999996185303 -15 -14.8999996185303 -14.6999998092651 -15.8000001907349 -16.7999992370605 -18.5 -16.3999996185303 -16.7000007629395 -17.6000003814697 -18.3999996185303 -19.2999992370605 -20.2000007629395 -20.8999996185303 -22.7000007629395 -21.1000003814697 -19.3999996185303 -19.3999996185303 -18.7000007629395 -18.3999996185303 -3.4e+38 -3.4e+38 -3.4e+38 -3.4e+38 -3.4e+38 -3.4e+38 -3.4e+38 -3.4e+38 -3.4e+38 -3.4e+38 -3.4e+38 -3.4e+38 -3.4e+38 -3.4e+38 -3.4e+38 -3.4e+38 -3.4e+38 -3.4e+38 -3.4e+38
-20.6000003814697 -19.1000003814697 -18.7000007629395 -18.1000003814697 -18.8999996185303 -16.5 -15.8000001907349 -15.6999998092651 -15.6000003814697 -15 -14.8999996185303 -14 -13.1000003814697 -3.4e+38 -3.4e+38 -14.1000003814697 -14.1999998092651 -14.1999998092651 -14.6000003814697 -14 -14.6000003814697 -14.8999996185303 -16.7000007629395 -16.7999992370605 -17.6000003814697 -17.2999992370605 -18.8999996185303 -19.2999992370605 -21 -20.8999996185303 -21.7999992370605 -20.7999992370605 -19.3999996185303 -18.6000003814697 -3.4e+38 -3.4e+38 -3.4e+38 -3.4e+38 -3.4e+38 -3.4e+38 -3.4e+38 -3.4e+38 -3.4e+38 -3.4e+38 -3.4e+38 -3.4e+38 -3.4e+38 -3.4e+38 -3.4e+38 -3.4e+38 -3.4e+38 -3.4e+38 -3.4e+38 -3.4e+38 -3.4e+38
-19.1000003814697 -18.2000007629395 -18.8999996185303 -17.2999992370605 -16.5 -16.1000003814697 -16 -15.3000001907349 -14.5 -13.8999996185303 -13.8999996185303 -13.5 -13.5 -3.4e+38 -3.4e+38 -3.4e+38 -14.3000001907349 -14.3000001907349 -13.8000001907349 -14.6999998092651 -15.6999998092651 -17.1000003814697 -18.5 -18.2000007629395 -17.6000003814697 -18.3999996185303 -18.3999996185303 -19.3999996185303 -21 -21 -20.7999992370605 -19.7000007629395 -19.3999996185303 -18.6000003814697 -3.4e+38 -3.4e+38 -3.4e+38 -3.4e+38 -3.4e+38 -3.4e+38 -3.4e+38 -3.4e+38 -3.4e+38 -3.4e+38 -3.4e+38 -3.4e+38 -3.4e+38 -3.4e+38 -3.4e+38 -3.4e+38 -3.4e+38 -3.4e+38 -3.4e+38 -3.4e+38 -3.4e+38
-20.6000003814697 -18.8999996185303 -17.7000007629395 -17.2000007629395 -17.2999992370605 -16.1000003814697 -15.6000003814697 -15.6000003814697 -15.1000003814697 -14.8999996185303 -14 -14.1999998092651 -14.1000003814697 -3.4e+38 -3.4e+38 -3.4e+38 -13.6000003814697 -13.3999996185303 -14 -14.6000003814697 -16.2000007629395 -17.6000003814697 -20.2000007629395 -21.7000007629395 -19.5 -20 -19.5 -20.5 -21.7999992370605 -20.1000003814697 -20.1000003814697 -19.2999992370605 -19 -18.5 -3.4e+38 -3.4e+38 -3.4e+38 -3.4e+38 -3.4e+38 -3.4e+38 -3.4e+38 -3.4e+38 -3.4e+38 -3.4e+38 -3.4e+38 -3.4e+38 -3.4e+38 -3.4e+38 -3.4e+38 -3.4e+38 -3.4e+38 -3.4e+38 -3.4e+38 -3.4e+38 -3.4e+38
-20.5 -19.7000007629395 -18 -17.2999992370605 -16.3999996185303 -15.6000003814697 -15.5 -14.6999998092651 -14.6999998092651 -15.3999996185303 -14.6999998092651 -14.8000001907349 -14.1999998092651 -13.3000001907349 -12.8000001907349 -13.1999998092651 -13.6999998092651 -13.6000003814697 -14 -14.8999996185303 -15.8000001907349 -16.7000007629395 -18.5 -20.2000007629395 -21.7000007629395 -21.2000007629395 -21.2000007629395 -22.8999996185303 -24 -20.3999996185303 -19.2999992370605 -19.1000003814697 -18.7000007629395 -18.5 -3.4e+38 -3.4e+38 -3.4e+38 -3.4e+38 -3.4e+38 -3.4e+38 -3.4e+38 -3.4e+38 -3.4e+38 -3.4e+38 -3.4e+38 -3.4e+38 -3.4e+38 -3.4e+38 -3.4e+38 -3.4e+38 -3.4e+38 -3.4e+38 -3.4e+38 -3.4e+38 -3.4e+38
-18.8999996185303 -18.8999996185303 -16.6000003814697 -15.6000003814697 -16.3999996185303 -15.3999996185303 -14.6999998092651 -14.5 -13.8999996185303 -13.8000001907349 -14.5 -13.8999996185303 -13.3000001907349 -15 -14.5 -14 -12.8999996185303 -13.1999998092651 -14 -14.6999998092651 -15.3000001907349 -16 -16.8999996185303 -19.1000003814697 -20.7999992370605 -21.6000003814697 -23.7000007629395 -24.3999996185303 -24 -21 -19.6000003814697 -19.2000007629395 -18.5 -18.3999996185303 -18.2999992370605 -3.4e+38 -3.4e+38 -3.4e+38 -3.4e+38 -3.4e+38 -3.4e+38 -3.4e+38 -3.4e+38 -3.4e+38 -3.4e+38 -3.4e+38 -3.4e+38 -3.4e+38 -3.4e+38 -3.4e+38 -3.4e+38 -3.4e+38 -3.4e+38 -3.4e+38 -3.4e+38
