data/bioclim/EMT1.asc
NCOLS 391 
NROWS 575 
XLLCORNER -1773000 
YLLCORNER 4368000 
CELLSIZE 1000 
NODATA_value -3.4e+38 
[rows 480 to 503 of 575, columns 165 to 219 of 391]
-2.79999995231628 -3.4e+38 -3.4e+38 -3.4e+38 -3.4e+38 -3.4e+38 -3.4e+38 -3.4e+38 -3.4e+38 -3.4e+38 -3.20000004768372 -3.59999990463257 -4 -4.59999990463257 -4.19999980926514 -4.19999980926514 -4.5 -4.40000009536743 -4.40000009536743 -4.40000009536743 -4.40000009536743 -4.40000009536743 -3.4e+38 -3.4e+38 -3.4e+38 -3.4e+38 -4.59999990463257 -4.90000009536743 -5 -5.69999980926514 -6.09999990463257 -7.09999990463257 -7.69999980926514 -7.5 -8.60000038146973 -10 -8.39999961853027 -8.10000038146973 -8.39999961853027 -6.69999980926514 -7.09999990463257 -8 -8.60000038146973 -8.10000038146973 -7.59999990463257 -7.30000019073486 -8.39999961853027 -8.39999961853027 -10.5 -8.19999980926514 -8.60000038146973 -9.19999980926514 -10.3999996185303 -10.3000001907349 -8.39999961853027
-3 -3.4e+38 -3.4e+38 -3.4e+38 -3.4e+38 -3.4e+38 -3.4e+38 -3.4e+38 -3.4e+38 -3.09999990463257 -3.5 -3.90000009536743 -3.90000009536743 -4.19999980926514 -4.09999990463257 -4.19999980926514 -4.5 -4.30000019073486 -4.30000019073486 -4.30000019073486 -4.30000019073486 -4.30000019073486 -3.4e+38 -3.4e+38 -3.4e+38 -3.4e+38 -4.90000009536743 -5 -5.5 -5.5 -6.09999990463257 -5.90000009536743 -6.69999980926514 -7.19999980926514 -7.90000009536743 -8.89999961853027 -8.69999980926514 -8.5 -7.09999990463257 -7 -6.59999990463257 -6.90000009536743 -7.90000009536743 -8.60000038146973 -7.19999980926514 -8 -7.5 -7.5 -9.19999980926514 -9.89999961853027 -7.90000009536743 -9.30000019073486 -11.1000003814697 -10 -8.89999961853027
-2.90000009536743 -3.4e+38 -3.4e+38 -3.4e+38 -3.4e+38 -3.4e+38 -3.4e+38 -3.4e+38 -3.4e+38 -3 -3.29999995231628 -4 -3.79999995231628 -4 -4.19999980926514 -4.19999980926514 -4.30000019073486 -4.40000009536743 -4.69999980926514 -4.30000019073486 -4.19999980926514 -4.19999980926514 -3.4e+38 -3.4e+38 -3.4e+38 -3.4e+38 -4.69999980926514 -4.90000009536743 -6.09999990463257 -5.69999980926514 -7 -7.30000019073486 -6.19999980926514 -7.69999980926514 -9 -9.19999980926514 -9.10000038146973 -8.19999980926514 -7.09999990463257 -6.59999990463257 -6.80000019073486 -6.19999980926514 -6.5 -8 -7.80000019073486 -6.5 -6.69999980926514 -7.40000009536743 -7.09999990463257 -8.30000019073486 -7 -8 -10.5 -10.5 -9.30000019073486
-3.4e+38 -3.4e+38 -3.4e+38 -3.4e+38 -3.4e+38 -3.4e+38 -3.4e+38 -3.4e+38 -3.4e+38 -2.70000004768372 -3.29999995231628 -3.79999995231628 -3.79999995231628 -4.09999990463257 -4.09999990463257 -4.19999980926514 -4.19999980926514 -4.09999990463257 -4.09999990463257 -4.19999980926514 -4.19999980926514 -4.19999980926514 -3.4e+38 -3.4e+38 -3.4e+38 -3.4e+38 -4.69999980926514 -4.90000009536743 -5.80000019073486 -6.30000019073486 -7.19999980926514 -5.69999980926514 -6.80000019073486 -8 -9.5 -9.5 -10.1999998092651 -9.5 -7.19999980926514 -6.69999980926514 -6.59999990463257 -6.30000019073486 -6.59999990463257 -6.69999980926514 -6 -6 -5.90000009536743 -6.69999980926514 -7.19999980926514 -7.59999990463257 -6.69999980926514 -8.69999980926514 -9.30000019073486 -10.5 -9.5
-3.4e+38 -3.4e+38 -3.4e+38 -3.4e+38 -3.4e+38 -3.4e+38 -3.4e+38 -3.4e+38 -3.4e+38 -2.59999990463257 -2.90000009536743 -3.70000004768372 -3.70000004768372 -3.79999995231628 -4 -4.09999990463257 -4.09999990463257 -4.30000019073486 -4.19999980926514 -4.19999980926514 -4.19999980926514 -4.09999990463257 -3.4e+38 -3.4e+38 -3.4e+38 -3.4e+38 -4.69999980926514 -4.80000019073486 -5.09999990463257 -5.09999990463257 -5.30000019073486 -5.5 -6 -8.69999980926514 -8.39999961853027 -9 -10.8000001907349 -9.39999961853027 -8.19999980926514 -6.69999980926514 -6.40000009536743 -6.59999990463257 -5.90000009536743 -5.90000009536743 -6 -5.59999990463257 -5.5 -6 -7.30000019073486 -8.19999980926514 -7.09999990463257 -8.60000038146973 -10 -10.3999996185303 -9.89999961853027
-3.4e+38 -3.4e+38 -3.4e+38 -3.4e+38 -3.4e+38 -3.4e+38 -3.4e+38 -3.4e+38 -3.4e+38 -3.4e+38 -2.90000009536743 -3.09999990463257 -3.59999990463257 -3.59999990463257 -4 -4.19999980926514 -4.09999990463257 -4.19999980926514 -4.09999990463257 -4.09999990463257 -4.09999990463257 -4.09999990463257 -3.4e+38 -3.4e+38 -3.4e+38 -3.4e+38 -4.5 -4.5 -4.80000019073486 -5.5 -5.40000009536743 -5.90000009536743 -6 -6.69999980926514 -7.40000009536743 -9.5 -8.89999961853027 -8.19999980926514 -7.09999990463257 -6.80000019073486 -7.40000009536743 -7.5 -6.19999980926514 -6.09999990463257 -6.09999990463257 -6.19999980926514 -5.59999990463257 -5.59999990463257 -6.19999980926514 -7.69999980926514 -7 -7.80000019073486 -9.5 -10.5 -9.69999980926514
-3.4e+38 -3.4e+38 -3.4e+38 -3.4e+38 -3.4e+38 -3.4e+38 -3.4e+38 -3.4e+38 -3.4e+38 -3.4e+38 -2.59999990463257 -3.09999990463257 -3.90000009536743 -4.59999990463257 -3.90000009536743 -4.40000009536743 -4 -3.90000009536743 -4.09999990463257 -4.09999990463257 -4.09999990463257 -3.4e+38 -3.4e+38 -3.4e+38 -3.4e+38 -4.30000019073486 -4.40000009536743 -4.30000019073486 -4.80000019073486 -5.30000019073486 -5.19999980926514 -6 -7.90000009536743 -8.60000038146973 -9.10000038146973 -9.39999961853027 -8.5 -7.69999980926514 -7.5 -8.60000038146973 -9 -7.5 -6.69999980926514 -6.19999980926514 -6.30000019073486 -6.30000019073486 -6 -5.80000019073486 -5.90000009536743 -6.09999990463257 -5.80000019073486 -6.69999980926514 -8 -8.80000019073486 -8.80000019073486
-2.09999990463257 -3.4e+38 -3.4e+38 -3.4e+38 -3.4e+38 -3.4e+38 -3.4e+38 -3.4e+38 -3.4e+38 -3.4e+38 -2.5 -2.79999995231628 -3.20000004768372 -3.70000004768372 -4.19999980926514 -4.30000019073486 -3.5 -3.59999990463257 -4 -4 -4 -3.4e+38 -3.4e+38 -3.4e+38 -3.4e+38 -3.4e+38 -4.19999980926514 -4.19999980926514 -4.69999980926514 -5.30000019073486 -5.30000019073486 -6.40000009536743 -7.40000009536743 -8.60000038146973 -9.39999961853027 -9.19999980926514 -8.39999961853027 -8.30000019073486 -9.39999961853027 -10.6000003814697 -9.5 -9 -7.90000009536743 -6.69999980926514 -6.19999980926514 -6.19999980926514 -6.19999980926514 -5.90000009536743 -5.90000009536743 -5.69999980926514 -5.5 -6.30000019073486 -7.5 -7.5 -7.80000019073486
-1.89999997615814 -3.4e+38 -3.4e+38 -3.4e+38 -3.4e+38 -3.4e+38 -3.4e+38 -3.4e+38 -3.4e+38 -3.4e+38 -3.4e+38 -2.59999990463257 -3.09999990463257 -4.69999980926514 -4.5 -4.59999990463257 -3.70000004768372 -3.79999995231628 -3.90000009536743 -4 -3.90000009536743 -3.4e+38 -3.4e+38 -3.4e+38 -3.4e+38 -3.4e+38 -4.5 -4.69999980926514 -5.30000019073486 -6 -6.69999980926514 -6.5 -7.90000009536743 -8 -9.19999980926514 -8.30000019073486 -11 -11 -11.1000003814697 -9.80000019073486 -7.40000009536743 -6.80000019073486 -6.80000019073486 -6.69999980926514 -6.19999980926514 -6.19999980926514 -6.30000019073486 -6.40000009536743 -5.90000009536743 -5.90000009536743 -5.5 -5.90000009536743 -6.5 -6.80000019073486 -8.19999980926514
-1.79999995231628 -3.4e+38 -3.4e+38 -3.4e+38 -3.4e+38 -3.4e+38 -3.4e+38 -3.4e+38 -3.4e+38 -3.4e+38 -3.4e+38 -2.5 -2.79999995231628 -3.90000009536743 -4.90000009536743 -4.69999980926514 -4 -3.79999995231628 -3.79999995231628 -3.90000009536743 -3.79999995231628 -3.4e+38 -3.4e+38 -3.4e+38 -3.4e+38 -3.4e+38 -4.30000019073486 -4.69999980926514 -5.90000009536743 -7.30000019073486 -8.10000038146973 -7.90000009536743 -9.30000019073486 -8.5 -8.10000038146973 -7 -8.60000038146973 -9.10000038146973 -9.80000019073486 -9.30000019073486 -8.10000038146973 -7.30000019073486 -7.80000019073486 -7 -6.59999990463257 -6.19999980926514 -5.80000019073486 -6.09999990463257 -5.90000009536743 -5.80000019073486 -5.5 -5.90000009536743 -6.59999990463257 -8 -8.5
-2 -3.4e+38 -3.4e+38 -3.4e+38 -3.4e+38 -3.4e+38 -3.4e+38 -3.4e+38 -3.4e+38 -3.4e+38 -3.4e+38 -2.40000009536743 -2.20000004768372 -3.29999995231628 -3.40000009536743 -4.09999990463257 -3.59999990463257 -3.59999990463257 -3.59999990463257 -3.59999990463257 -3.40000009536743 -3.4e+38 -3.4e+38 -3.4e+38 -3.4e+38 -3.4e+38 -4.5 -4.69999980926514 -5.80000019073486 -6.90000009536743 -8.10000038146973 -9.89999961853027 -8 -7.80000019073486 -6.19999980926514 -6.69999980926514 -8.10000038146973 -8.19999980926514 -8.69999980926514 -9.39999961853027 -8.19999980926514 -7.90000009536743 -7.90000009536743 -7.09999990463257 -7 -6.5 -6.30000019073486 -5.69999980926514 -5.80000019073486 -6.09999990463257 -5.30000019073486 -5.40000009536743 -5.80000019073486 -6.69999980926514 -8.39999961853027
-1.89999997615814 -1.5 -3.4e+38 -3.4e+38 -3.4e+38 -3.4e+38 -3.4e+38 -3.4e+38 -3.4e+38 -3.4e+38 -3.4e+38 -3.4e+38 -2.09999990463257 -3.09999990463257 -3 -3 -3.09999990463257 -3.5 -3.5 -3.29999995231628 -3.29999995231628 -3.4e+38 -3.4e+38 -3.4e+38 -3.4e+38 -3.4e+38 -4.19999980926514 -4.5 -4.90000009536743 -6.59999990463257 -6.30000019073486 -9.39999961853027 -7.69999980926514 -6.5 -5.69999980926514 -6.69999980926514 -8.10000038146973 -8.30000019073486 -8.39999961853027 -8.89999961853027 -8.60000038146973 -8.80000019073486 -8.30000019073486 -8 -7.19999980926514 -6.59999990463257 -6.30000019073486 -5.90000009536743 -5.5 -6 -5.90000009536743 -5.80000019073486 -5.40000009536743 -5.40000009536743 -8.60000038146973
-1.79999995231628 -1.5 -3.4e+38 -3.4e+38 -3.4e+38 -3.4e+38 -3.4e+38 -3.4e+38 -3.4e+38 -3.4e+38 -3.4e+38 -3.4e+38 -3.4e+38 -2.29999995231628 -2.79999995231628 -2.90000009536743 -3.20000004768372 -3.20000004768372 -3.40000009536743 -3.29999995231628 -3.4e+38 -3.4e+38 -3.4e+38 -3.4e+38 -3.4e+38 -3.70000004768372 -4 -4.40000009536743 -5.40000009536743 -5 -6.30000019073486 -7.59999990463257 -7.30000019073486 -5.59999990463257 -5.69999980926514 -6 -6.69999980926514 -7.09999990463257 -7.5 -7.09999990463257 -9 -8.30000019073486 -7.90000009536743 -8 -7.19999980926514 -6.90000009536743 -6.30000019073486 -5.90000009536743 -5.90000009536743 -5.59999990463257 -6 -6.09999990463257 -5.59999990463257 -5.19999980926514 -6.69999980926514
-1.70000004768372 -1.39999997615814 -3.4e+38 -3.4e+38 -3.4e+38 -3.4e+38 -3.4e+38 -3.4e+38 -3.4e+38 -3.4e+38 -3.4e+38 -3.4e+38 -3.4e+38 -2.29999995231628 -2.79999995231628 -2.29999995231628 -3 -3 -3 -3 -3.4e+38 -3.4e+38 -3.09999990463257 -3.40000009536743 -3.5 -3.59999990463257 -3.59999990463257 -4.19999980926514 -4.30000019073486 -5.09999990463257 -5.59999990463257 -5.40000009536743 -6.90000009536743 -7.69999980926514 -4.90000009536743 -5.80000019073486 -6.69999980926514 -6.59999990463257 -6.30000019073486 -7.5 -8.30000019073486 -8.30000019073486 -7.80000019073486 -7.5 -7.30000019073486 -6.90000009536743 -6.5 -6.59999990463257 -5.90000009536743 -5.5 -5.59999990463257 -6.09999990463257 -5.59999990463257 -5.69999980926514 -6.09999990463257
-2 -1.60000002384186 -3.4e+38 -3.4e+38 -3.4e+38 -3.4e+38 -3.4e+38 -3.4e+38 -3.4e+38 -3.4e+38 -3.4e+38 -3.4e+38 -3.4e+38 -3.4e+38 -2.20000004768372 -2.09999990463257 -2.59999990463257 -2.79999995231628 -2.79999995231628 -3.4e+38 -3.4e+38 -3.4e+38 -3 -3 -3.20000004768372 -3.59999990463257 -3.90000009536743 -3.90000009536743 -3.90000009536743 -4.40000009536743 -4.19999980926514 -5.5 -5.5 -4.80000019073486 -5.59999990463257 -6.19999980926514 -7.30000019073486 -6.09999990463257 -5.90000009536743 -7.40000009536743 -8.60000038146973 -7.59999990463257 -7.59999990463257 -7.40000009536743 -7.19999980926514 -6.69999980926514 -6.19999980926514 -6.19999980926514 -5.80000019073486 -6.30000019073486 -6.5 -6 -5.69999980926514 -5.30000019073486 -5.5
-1.60000002384186 -1.29999995231628 -3.4e+38 -3.4e+38 -3.4e+38 -3.4e+38 -3.4e+38 -3.4e+38 -3.4e+38 -3.4e+38 -3.4e+38 -3.4e+38 -3.4e+38 -3.4e+38 -2 -2 -2.29999995231628 -2.79999995231628 -2.09999990463257 -3.4e+38 -3.4e+38 -3.4e+38 -3.4e+38 -2.90000009536743 -3.09999990463257 -3.5 -3.20000004768372 -3.59999990463257 -3.79999995231628 -4.19999980926514 -4.5 -4.09999990463257 -4.30000019073486 -5.09999990463257 -5.69999980926514 -6 -5.80000019073486 -5.5 -4.90000009536743 -6.30000019073486 -7.80000019073486 -7.30000019073486 -6.59999990463257 -7.30000019073486 -6.69999980926514 -6.59999990463257 -6.30000019073486 -6.19999980926514 -6.59999990463257 -6.30000019073486 -5.80000019073486 -6.30000019073486 -5.69999980926514 -5.19999980926514 -5
-1.39999997615814 -1.89999997615814 -3.4e+38 -3.4e+38 -3.4e+38 -3.4e+38 -3.4e+38 -3.4e+38 -3.4e+38 -3.4e+38 -3.4e+38 -3.4e+38 -3.4e+38 -3.4e+38 -3.4e+38 -3.4e+38 -2.29999995231628 -1.89999997615814 -3.4e+38 -3.4e+38 -3.4e+38 -3.4e+38 -2.70000004768372 -3.40000009536743 -3 -3.09999990463257 -3.5 -4.09999990463257 -4.69999980926514 -4.19999980926514 -4.59999990463257 -4.80000019073486 -5.90000009536743 -5.80000019073486 -6.19999980926514 -7 -6.30000019073486 -6 -4.80000019073486 -5.90000009536743 -6.90000009536743 -6.09999990463257 -6.19999980926514 -7.5 -7 -6.59999990463257 -6.5 -6.19999980926514 -6.19999980926514 -6.30000019073486 -5.90000009536743 -5.90000009536743 -5.69999980926514 -5.40000009536743 -4.90000009536743
-1.29999995231628 -1.89999997615814 -3.4e+38 -3.4e+38 -3.4e+38 -3.4e+38 -3.4e+38 -3.4e+38 -3.4e+38 -3.4e+38 -3.4e+38 -3.4e+38 -3.4e+38 -3.4e+38 -3.4e+38 -2.09999990463257 -1.89999997615814 -3.4e+38 -3.4e+38 -3.4e+38 -3.4e+38 -2.09999990463257 -3.5 -3.5 -3.5 -5.40000009536743 -5 -4.09999990463257 -4.69999980926514 -5.90000009536743 -5.40000009536743 -5 -5.5 -5.80000019073486 -5.69999980926514 -5.80000019073486 -5.5 -4.40000009536743 -5.09999990463257 -6.40000009536743 -5.90000009536743 -6 -5.5 -7.19999980926514 -7.69999980926514 -6.59999990463257 -6.19999980926514 -6.69999980926514 -6.19999980926514 -5.90000009536743 -6.09999990463257 -6 -5.5 -4.90000009536743 -4.80000019073486
-3.4e+38 -3.4e+38 -3.4e+38 -3.4e+38 -3.4e+38 -3.4e+38 -3.4e+38 -3.4e+38 -3.4e+38 -3.4e+38 -3.4e+38 -3.4e+38 -3.4e+38 -3.4e+38 -3.4e+38 -3.4e+38 -3.4e+38 -3.4e+38 -3.4e+38 -3.4e+38 -3.4e+38 -2.09999990463257 -2.70000004768372 -3.20000004768372 -3.79999995231628 -4.90000009536743 -4.59999990463257 -5.09999990463257 -4.59999990463257 -6 -5.90000009536743 -5.30000019073486 -5.19999980926514 -5.59999990463257 -4.69999980926514 -4.80000019073486 -4 -3.59999990463257 -4.80000019073486 -5.5 -5.30000019073486 -4.80000019073486 -5.5 -6.80000019073486 -7.30000019073486 -7 -6.59999990463257 -6.59999990463257 -6.40000009536743 -6.5 -6.40000009536743 -5.80000019073486 -5.19999980926514 -5.09999990463257 -5
-3.4e+38 -3.4e+38 -3.4e+38 -3.4e+38 -3.4e+38 -3.4e+38 -3.4e+38 -3.4e+38 -3.4e+38 -3.4e+38 -3.4e+38 -3.4e+38 -3.4e+38 -3.4e+38 -3.4e+38 -3.4e+38 -3.4e+38 -3.4e+38 -3.4e+38 -3.4e+38 -3.4e+38 -3.4e+38 -2.09999990463257 -3 -3.79999995231628 -3.90000009536743 -3.70000004768372 -3.70000004768372 -6.5 -6.09999990463257 -5.40000009536743 -5.19999980926514 -5 -5.40000009536743 -4.69999980926514 -4.09999990463257 -4 -3.40000009536743 -5 -6 -4.90000009536743 -4.69999980926514 -5.5 -6.80000019073486 -6.69999980926514 -6.59999990463257 -5.59999990463257 -6.19999980926514 -6.5 -6.40000009536743 -6 -5.69999980926514 -5.5 -5.30000019073486 -5.09999990463257
-3.4e+38 -3.4e+38 -3.4e+38 -3.4e+38 -3.4e+38 -3.4e+38 -3.4e+38 -3.4e+38 -3.4e+38 -3.4e+38 -3.4e+38 -3.4e+38 -3.4e+38 -3.4e+38 -3.4e+38 -3.4e+38 -3.4e+38 -3.4e+38 -3.4e+38 -3.4e+38 -3.4e+38 -3.4e+38 -3.4e+38 -3.4e+38 -2.59999990463257 -3.70000004768372 -2.5 -3.79999995231628 -5.59999990463257 -7.09999990463257 -6.80000019073486 -5.90000009536743 -5 -4.59999990463257 -4.69999980926514 -4.09999990463257 -4.19999980926514 -3.59999990463257 -4.19999980926514 -5 -4.19999980926514 -5.59999990463257 -6.09999990463257 -5.19999980926514 -5.30000019073486 -5.69999980926514 -5.59999990463257 -6.09999990463257 -6.5 -5.69999980926514 -5.69999980926514 -5.69999980926514 -5.5 -5.19999980926514 -4.90000009536743
-1 -0.899999976158142 -0.699999988079071 -0.699999988079071 -3.4e+38 -3.4e+38 -3.4e+38 -3.4e+38 -3.4e+38 -3.4e+38 -3.4e+38 -3.4e+38 -3.4e+38 -3.4e+38 -3.4e+38 -3.4e+38 -3.4e+38 -3.4e+38 -3.4e+38 -3.4e+38 -3.4e+38 -3.4e+38 -3.4e+38 -3.4e+38 -1.79999995231628 -1.79999995231628 -1.79999995231628 -2.29999995231628 -3.70000004768372 -5.69999980926514 -6 -5.59999990463257 -5 -5.40000009536743 -5 -4.90000009536743 -4.30000019073486 -3.40000009536743 -3.79999995231628 -4.09999990463257 -4.09999990463257 -5.69999980926514 -6 -5 -4.5 -4.5 -5.59999990463257 -5.19999980926514 -5.5 -5.59999990463257 -5.80000019073486 -5.59999990463257 -6 -5.09999990463257 -4.90000009536743
-0.699999988079071 -0.600000023841858 -0.600000023841858 -0.800000011920929 -0.699999988079071 -3.4e+38 -3.4e+38 -3.4e+38 -3.4e+38 -3.4e+38 -3.4e+38 -1.10000002384186 -1.20000004768372 -1.39999997615814 -1.39999997615814 -3.4e+38 -3.4e+38 -3.4e+38 -3.4e+38 -3.4e+38 -3.4e+38 -3.20000004768372 -2.70000004768372 -2.09999990463257 -3.4e+38 -3.4e+38 -2.09999990463257 -2.20000004768372 -3 -3.40000009536743 -5 -4.80000019073486 -5.30000019073486 -4.19999980926514 -4.69999980926514 -4.69999980926514 -4.69999980926514 -3.70000004768372 -3.5 -3.5 -4.19999980926514 -5.69999980926514 -5.80000019073486 -4.40000009536743 -4.19999980926514 -4 -4.5 -4.59999990463257 -5.19999980926514 -4.90000009536743 -5.19999980926514 -5.5 -5.19999980926514 -5.30000019073486 -5.19999980926514
-0.600000023841858 -1.10000002384186 -1 -0.800000011920929 -0.600000023841858 -0.600000023841858 -3.4e+38 -3.4e+38 -3.4e+38 -3.4e+38 -3.4e+38 -1.10000002384186 -1.39999997615814 -1.5 -1.70000004768372 -1.70000004768372 -3.4e+38 -3.4e+38 -3.4e+38 -3.4e+38 -2.59999990463257 -2.70000004768372 -2.59999990463257 -2.5 -2.5 -2.40000009536743 -3.4e+38 -3.4e+38 -2 -2.70000004768372 -3.40000009536743 -4.5 -4 -3.90000009536743 -4.69999980926514 -4 -4.69999980926514 -4.40000009536743 -3.90000009536743 -3.59999990463257 -4.09999990463257 -4.30000019073486 -4.90000009536743 -4.30000019073486 -3.59999990463257 -3.79999995231628 -4.09999990463257 -4.90000009536743 -4.90000009536743 -5.40000009536743 -4.90000009536743 -5.30000019073486 -5.09999990463257 -5 -4.90000009536743
