data/bioclim/Eref1.asc
NCOLS 391 
NROWS 575 
XLLCORNER -1773000 
YLLCORNER 4368000 
CELLSIZE 1000 
NODATA_value -3.4e+38 
[rows 217 to 247 of 575, columns 70 to 139 of 391]
1691 1684 1673 1653 1612 1613 1635 1643 1677 1675 1671 1647 1629 1613 1582 1566 1535 1499 1516 1546 1513 1554 1548 1565 1587 1595 1612 1621 -3.4e+38 -3.4e+38 -3.4e+38 -3.4e+38 1619 1597 1595 1593 1572 1564 1562 1583 1564 1527 1549 1482 1549 1570 1532 1561 1605 1580 1597 1602 1611 -3.4e+38 -3.4e+38 1634 1607 1600 1591 1572 1569 1555 1539 1516 1493 1509 1515 1518 1529 1528
1698 1676 1647 1643 1642 1638 1643 1633 1641 1655 1666 1645 1645 1622 1612 1582 1559 1540 1511 1524 1517 1566 1543 1553 1574 1581 1590 1624 -3.4e+38 -3.4e+38 -3.4e+38 -3.4e+38 1619 1615 1617 1596 1592 1580 1596 1583 1528 1533 1527 1491 1533 1570 1569 1562 1566 1589 1613 1610 1629 1641 -3.4e+38 1632 -3.4e+38 -3.4e+38 1602 1589 1570 1560 1535 1493 1426 1504 1505 1524 1527 1527
1676 1670 1647 1659 1662 1651 1643 1643 1611 1623 1641 1660 1652 1647 1627 1601 1584 1553 1509 1486 1514 1551 1584 1589 1596 1600 1608 1609 -3.4e+38 -3.4e+38 -3.4e+38 1630 1628 1626 1621 1597 1586 1600 1561 1564 1569 1546 1520 1527 1553 1567 1556 1568 1566 1567 1579 1611 1619 1631 -3.4e+38 -3.4e+38 -3.4e+38 -3.4e+38 1605 1597 1570 1564 1537 1512 1419 1471 1499 1504 1520 1524
1695 1683 1674 1675 1653 1643 1612 1612 1612 1595 1641 1653 1659 1665 1627 1593 1583 1582 1509 1486 1482 1519 1539 1560 1573 1583 1593 1611 -3.4e+38 -3.4e+38 -3.4e+38 1635 1628 1629 1626 1612 1595 1570 1574 1512 1564 1565 1550 1531 1526 1536 1501 1523 1569 1568 1582 1601 1616 -3.4e+38 -3.4e+38 -3.4e+38 -3.4e+38 -3.4e+38 -3.4e+38 1595 1572 1564 1549 1529 1466 1424 1495 1514 1523 1541
1683 1668 1667 1650 1642 1636 1612 1585 1597 1579 1611 1615 1624 1644 1633 1624 1598 1577 1550 1485 1472 1516 1551 1554 1574 1589 1593 1603 1612 -3.4e+38 -3.4e+38 -3.4e+38 1639 1629 1632 1601 1589 1600 1594 1565 1530 1565 1562 1539 1543 1503 1466 1500 1527 1535 1573 1588 1597 -3.4e+38 -3.4e+38 -3.4e+38 -3.4e+38 -3.4e+38 -3.4e+38 1596 1581 1566 1549 1529 1441 1461 1494 1508 1523 1534
1674 1668 1643 1645 1642 1636 1633 1610 1578 1555 1602 1550 1586 1590 1650 1654 1617 1582 1561 1453 1518 1520 1552 1573 1588 1590 1595 1599 1607 -3.4e+38 -3.4e+38 -3.4e+38 1637 1629 1631 1607 1595 1608 1605 1597 1567 1565 1567 1533 1491 1495 1460 1431 1459 1520 1497 1568 1604 -3.4e+38 -3.4e+38 -3.4e+38 -3.4e+38 -3.4e+38 -3.4e+38 1595 1580 1568 1565 1531 1489 1471 1499 1508 1523 1545
1670 1674 1668 1645 1643 1637 1618 1608 1575 1555 1580 1548 1553 1520 1612 1623 1619 1583 1525 1520 1518 1522 1543 1550 1560 1573 1593 1605 1618 1626 -3.4e+38 -3.4e+38 1645 1638 1633 1610 1621 1608 1582 1596 1598 1546 1556 1472 1459 1434 1446 1382 1391 1423 1512 1577 1604 -3.4e+38 -3.4e+38 -3.4e+38 -3.4e+38 -3.4e+38 -3.4e+38 1604 1590 1571 1559 1538 1531 1495 1517 1524 1536 1548
1668 1668 1663 1643 1641 1612 1612 1612 1592 1544 1543 1506 1515 1582 1582 1616 1642 1583 1552 1589 1540 1516 1521 1553 1560 1581 1592 1593 1605 1619 -3.4e+38 -3.4e+38 1647 1643 1630 1631 1607 1613 1604 1598 1567 1536 1556 1494 1461 1424 1439 1483 1495 1507 1512 1568 1601 1606 -3.4e+38 -3.4e+38 -3.4e+38 -3.4e+38 -3.4e+38 -3.4e+38 1595 1578 1572 1549 1535 1522 1496 1530 1544 1560
1673 1654 1645 1643 1632 1627 1611 1610 1600 1561 1536 1544 1480 1516 1561 1583 1616 1613 1616 1579 1569 1498 1500 1519 1539 1553 1585 1591 1598 1611 -3.4e+38 -3.4e+38 -3.4e+38 1646 1631 1628 1599 1598 1600 1597 1596 1569 1564 1497 1431 1427 1495 1495 1515 1532 1512 1568 1571 1601 1613 -3.4e+38 -3.4e+38 -3.4e+38 -3.4e+38 -3.4e+38 1602 1589 1567 1564 1549 1532 1520 1530 1551 1563
1673 1667 1655 1644 1612 1615 1612 1612 1580 1614 1600 1585 1540 1517 1530 1531 1548 1624 1582 1551 1568 1518 1483 1479 1446 1553 1555 1584 1592 1626 1630 -3.4e+38 -3.4e+38 1650 1641 1629 1631 1631 1611 1529 1540 1543 1565 1529 1499 1427 1427 1503 1497 1492 1531 1554 1569 1587 1604 -3.4e+38 -3.4e+38 -3.4e+38 -3.4e+38 -3.4e+38 1603 1600 1566 1550 1533 1501 1510 1521 1564 1572
1680 1671 1643 1644 1633 1643 1639 1624 1636 1579 1546 1547 1536 1506 1495 1517 1558 1611 1583 1584 1559 1524 1483 1472 1445 1484 1555 1566 1589 1618 1629 -3.4e+38 -3.4e+38 -3.4e+38 1641 1631 1642 1603 1599 1566 1535 1535 1555 1542 1526 1479 1465 1460 1497 1532 1546 1568 1575 1599 1602 -3.4e+38 -3.4e+38 -3.4e+38 -3.4e+38 -3.4e+38 -3.4e+38 1602 1588 1573 1555 1530 1534 1533 1564 1582
1663 1654 1650 1659 1656 1642 1608 1645 1637 1612 1580 1546 1516 1505 1546 1489 1516 1613 1596 1570 1553 1553 1522 1453 1487 1520 1551 1557 1593 1601 1613 1628 -3.4e+38 -3.4e+38 1650 1656 1632 1612 1600 1566 1550 1535 1563 1551 1517 1475 1501 1526 1529 1531 1531 1566 1576 1603 1607 -3.4e+38 -3.4e+38 -3.4e+38 -3.4e+38 -3.4e+38 -3.4e+38 -3.4e+38 1580 1563 1553 1561 1503 1543 1566 -3.4e+38
1639 1645 1653 1664 1653 1629 1646 1662 -3.4e+38 1593 1580 1557 1550 1543 1569 1583 1517 1599 1595 1584 1524 1538 1515 1487 1454 1521 1557 1553 1583 1590 1606 1637 -3.4e+38 -3.4e+38 -3.4e+38 1661 1645 1636 1600 1584 1564 1566 1569 1567 1541 1462 1510 1526 1543 1531 1544 1532 1596 1605 1611 -3.4e+38 -3.4e+38 -3.4e+38 -3.4e+38 -3.4e+38 -3.4e+38 -3.4e+38 -3.4e+38 1568 1558 1566 1563 1563 1579 -3.4e+38
1639 1650 1657 1665 1665 1645 -3.4e+38 -3.4e+38 -3.4e+38 1646 1616 1609 1518 1520 1517 1571 1595 1527 1551 1578 1551 1539 1520 1505 1455 1504 1556 1557 1594 1625 1639 1631 -3.4e+38 -3.4e+38 -3.4e+38 1667 1640 1616 1600 1599 1602 1580 1572 1531 1526 1496 1438 1460 1495 1569 1575 1572 1569 1609 -3.4e+38 -3.4e+38 -3.4e+38 -3.4e+38 -3.4e+38 -3.4e+38 -3.4e+38 -3.4e+38 -3.4e+38 1601 1583 1589 1567 -3.4e+38 -3.4e+38 -3.4e+38
1649 1644 1650 1676 1677 1676 -3.4e+38 -3.4e+38 -3.4e+38 -3.4e+38 1651 1637 1554 1517 1549 1517 1545 1493 1518 1533 1577 1561 1519 1479 1451 1472 1519 1558 1596 1618 1627 1621 1636 -3.4e+38 -3.4e+38 1659 1631 1633 1599 1598 1598 1565 1565 1528 1505 1455 1459 1500 1529 1556 1561 1566 1569 1580 -3.4e+38 -3.4e+38 -3.4e+38 -3.4e+38 -3.4e+38 -3.4e+38 -3.4e+38 -3.4e+38 -3.4e+38 1602 1600 1600 -3.4e+38 -3.4e+38 -3.4e+38 1578
1651 1646 1648 1673 1677 -3.4e+38 -3.4e+38 -3.4e+38 -3.4e+38 -3.4e+38 -3.4e+38 1602 1571 1516 1514 1517 1551 1551 1492 1525 1542 1542 1520 1485 1423 1423 1478 1523 1594 1594 1603 1610 1645 -3.4e+38 -3.4e+38 1664 1643 1618 1632 1633 1598 1579 1548 1526 1463 1455 1400 1445 1419 1525 1541 1565 1570 1582 -3.4e+38 -3.4e+38 -3.4e+38 -3.4e+38 -3.4e+38 -3.4e+38 -3.4e+38 -3.4e+38 -3.4e+38 -3.4e+38 -3.4e+38 1600 -3.4e+38 1588 1570 1563
1663 1647 1646 1649 1672 -3.4e+38 -3.4e+38 -3.4e+38 -3.4e+38 -3.4e+38 1649 1630 1608 1549 1485 1517 1553 1515 1487 1552 1553 1553 1520 1502 1455 1415 1449 1449 1559 1595 1598 1625 1641 -3.4e+38 -3.4e+38 1669 1641 1637 1625 1637 1600 1596 1530 1493 1463 1404 1387 1368 1419 1471 1532 1570 1587 1603 1606 -3.4e+38 -3.4e+38 -3.4e+38 -3.4e+38 -3.4e+38 -3.4e+38 -3.4e+38 -3.4e+38 -3.4e+38 -3.4e+38 -3.4e+38 -3.4e+38 1577 1565 1566
1651 1668 1649 1638 -3.4e+38 -3.4e+38 -3.4e+38 -3.4e+38 -3.4e+38 -3.4e+38 -3.4e+38 1647 1610 1559 1481 1517 1517 1518 1503 1552 1552 1550 1531 1503 1486 1488 1458 1492 1557 1564 1594 1619 1636 -3.4e+38 -3.4e+38 1675 1662 1632 1648 1641 1604 1611 1597 1562 1505 1478 1465 1439 1412 1473 1538 1571 1587 1601 1602 -3.4e+38 -3.4e+38 -3.4e+38 -3.4e+38 -3.4e+38 -3.4e+38 -3.4e+38 -3.4e+38 -3.4e+38 -3.4e+38 -3.4e+38 -3.4e+38 1564 1545 1532
1676 1675 1647 1668 -3.4e+38 -3.4e+38 -3.4e+38 -3.4e+38 -3.4e+38 -3.4e+38 1682 1661 1649 1553 1485 1486 1486 1569 1556 1552 1567 1553 1539 1522 1488 1408 1387 1492 1504 1553 1594 1620 1631 -3.4e+38 -3.4e+38 1672 1651 1659 1639 1623 1611 1599 1604 1599 1552 1486 1442 1393 1399 1434 1461 1555 1580 1589 1592 -3.4e+38 -3.4e+38 -3.4e+38 -3.4e+38 -3.4e+38 -3.4e+38 -3.4e+38 -3.4e+38 -3.4e+38 -3.4e+38 -3.4e+38 1566 1541 1540 1522
1676 1684 1671 -3.4e+38 -3.4e+38 -3.4e+38 -3.4e+38 -3.4e+38 -3.4e+38 -3.4e+38 -3.4e+38 1650 1637 1592 1526 1492 1533 1557 1585 1519 1560 1552 1539 1517 1457 1428 1372 1431 1490 1463 1563 1630 1645 -3.4e+38 -3.4e+38 1670 1670 1661 1637 1623 1603 1624 1595 1565 1565 1531 1490 1438 1434 1461 1504 1540 1572 1587 1574 -3.4e+38 -3.4e+38 -3.4e+38 -3.4e+38 -3.4e+38 -3.4e+38 -3.4e+38 -3.4e+38 -3.4e+38 1573 1565 1559 1546 1526 1530
1678 1698 -3.4e+38 -3.4e+38 -3.4e+38 -3.4e+38 -3.4e+38 -3.4e+38 -3.4e+38 -3.4e+38 -3.4e+38 1651 1650 1624 1527 1487 1527 1574 1604 1542 1586 1584 1555 1521 1519 1494 1465 1383 1456 1487 1589 1629 1639 -3.4e+38 -3.4e+38 -3.4e+38 1665 1652 1650 1632 1625 1600 1581 1565 1522 1485 1496 1438 1464 1494 1535 1564 1572 1567 1567 1566 -3.4e+38 -3.4e+38 -3.4e+38 -3.4e+38 -3.4e+38 -3.4e+38 -3.4e+38 -3.4e+38 1572 1565 1559 1536 1513 1511
-3.4e+38 -3.4e+38 -3.4e+38 -3.4e+38 -3.4e+38 -3.4e+38 -3.4e+38 -3.4e+38 -3.4e+38 -3.4e+38 -3.4e+38 1652 1651 1628 1520 1488 1542 1552 1604 1518 1557 1586 1555 1535 1522 1505 1431 1454 1525 1556 1595 1616 1637 -3.4e+38 -3.4e+38 -3.4e+38 1665 1666 1637 1643 1618 1598 1567 1524 1533 1521 1456 1413 1455 1481 1528 1564 1567 1563 1560 1567 1572 1581 1597 1602 1600 1600 -3.4e+38 -3.4e+38 1585 1570 1549 1537 1513 1492
-3.4e+38 -3.4e+38 -3.4e+38 -3.4e+38 -3.4e+38 -3.4e+38 -3.4e+38 -3.4e+38 -3.4e+38 -3.4e+38 -3.4e+38 1651 1644 1618 1554 1507 1520 1520 1567 1600 1522 1564 1582 1552 1523 1555 1431 1454 1524 1596 1595 1628 1636 -3.4e+38 -3.4e+38 -3.4e+38 1670 1662 1633 1633 1615 1599 1596 1531 1548 1536 1496 1411 1422 1467 1450 1533 1531 1536 1549 1565 1568 1577 1600 1602 1603 1600 1603 -3.4e+38 1568 1565 1563 1562 1491 1501
-3.4e+38 -3.4e+38 -3.4e+38 -3.4e+38 -3.4e+38 -3.4e+38 -3.4e+38 -3.4e+38 -3.4e+38 -3.4e+38 -3.4e+38 1656 1653 1619 1596 1507 1513 1567 1576 1600 1521 1604 1577 1589 1562 1572 1532 1514 1489 1560 1622 1640 1667 1676 -3.4e+38 -3.4e+38 1671 1662 1633 1621 1602 1602 1575 1586 1531 1494 1462 1426 1462 1467 1476 1520 1551 1574 1587 1563 1564 1575 1601 1602 1615 1600 1605 -3.4e+38 1593 1585 1571 1564 1530 1528
-3.4e+38 -3.4e+38 -3.4e+38 -3.4e+38 -3.4e+38 -3.4e+38 -3.4e+38 -3.4e+38 -3.4e+38 -3.4e+38 -3.4e+38 1672 1672 1619 1618 1585 1532 1573 1582 1618 1604 1557 1589 1567 1561 1543 1523 1554 1502 1572 1612 1634 1666 1673 -3.4e+38 -3.4e+38 1674 1659 1651 1630 1608 1566 1575 1565 1550 1532 1497 1416 1432 1470 1488 1534 1532 1567 1569 1597 1596 1605 1610 1613 1627 1621 1618 1600 -3.4e+38 1600 1599 1588 1545 1524
-3.4e+38 -3.4e+38 -3.4e+38 -3.4e+38 -3.4e+38 -3.4e+38 -3.4e+38 -3.4e+38 -3.4e+38 -3.4e+38 -3.4e+38 1684 1686 1645 1587 1521 1522 1573 1586 1612 1647 1557 1620 1557 1554 1556 1556 1562 1590 1579 1588 1614 1656 1667 -3.4e+38 -3.4e+38 -3.4e+38 1668 1661 1636 1630 1600 1536 1485 1444 1463 1463 1371 1399 1360 1488 1462 1499 1530 1569 1605 -3.4e+38 -3.4e+38 -3.4e+38 1622 1632 1632 1626 1601 -3.4e+38 -3.4e+38 1596 1568 1561 1549
-3.4e+38 -3.4e+38 -3.4e+38 -3.4e+38 -3.4e+38 -3.4e+38 -3.4e+38 -3.4e+38 -3.4e+38 -3.4e+38 -3.4e+38 -3.4e+38 1662 1644 1610 1544 1525 1554 1576 1587 1592 1644 1590 1554 1558 1556 1534 1593 1592 1611 1630 1660 1666 1683 -3.4e+38 -3.4e+38 -3.4e+38 1672 1666 1642 1632 1612 1523 1466 1430 1359 1395 1330 1336 1356 1406 1488 1505 1533 1576 1599 -3.4e+38 -3.4e+38 -3.4e+38 -3.4e+38 1635 1635 1636 1620 -3.4e+38 -3.4e+38 -3.4e+38 1586 1568 1562
-3.4e+38 -3.4e+38 -3.4e+38 -3.4e+38 -3.4e+38 -3.4e+38 -3.4e+38 -3.4e+38 -3.4e+38 -3.4e+38 -3.4e+38 -3.4e+38 1683 1653 1586 1586 1598 1530 1585 1592 1621 1649 1599 1621 1586 1557 1558 1559 1599 1615 1617 1640 1666 1683 -3.4e+38 -3.4e+38 -3.4e+38 1673 1667 1633 1633 1599 1582 1542 1463 1433 1392 1327 1373 1404 1460 1497 1497 1511 1542 1584 1602 1608 -3.4e+38 -3.4e+38 -3.4e+38 -3.4e+38 1636 1613 -3.4e+38 -3.4e+38 -3.4e+38 -3.4e+38 1590 1577
-3.4e+38 -3.4e+38 -3.4e+38 -3.4e+38 -3.4e+38 -3.4e+38 -3.4e+38 -3.4e+38 -3.4e+38 -3.4e+38 -3.4e+38 -3.4e+38 1687 1674 1640 1621 1647 1604 1570 1590 1609 1660 1643 1626 1624 1567 1527 1558 1567 1593 1564 1631 1649 1676 -3.4e+38 -3.4e+38 -3.4e+38 1666 1653 1633 1633 1599 1571 1565 1546 1531 1426 1328 1313 1400 1495 1494 1498 1502 1531 1567 1588 1594 1628 1637 1635 1635 -3.4e+38 -3.4e+38 -3.4e+38 -3.4e+38 -3.4e+38 -3.4e+38 -3.4e+38 -3.4e+38
-3.4e+38 -3.4e+38 -3.4e+38 -3.4e+38 -3.4e+38 -3.4e+38 -3.4e+38 -3.4e+38 -3.4e+38 -3.4e+38 -3.4e+38 -3.4e+38 1688 1654 1653 1654 1648 1619 1583 1588 1607 1634 1652 1624 1591 1533 1558 1559 1569 1617 1595 1590 1604 1689 -3.4e+38 -3.4e+38 -3.4e+38 -3.4e+38 1664 1657 1651 1602 1569 1530 1487 1467 1400 1326 1361 1401 1456 1489 1511 1533 1541 1546 1581 1583 1605 1613 1614 1608 1635 -3.4e+38 -3.4e+38 -3.4e+38 -3.4e+38 -3.4e+38 -3.4e+38 -3.4e+38
-3.4e+38 -3.4e+38 -3.4e+38 -3.4e+38 -3.4e+38 -3.4e+38 -3.4e+38 -3.4e+38 -3.4e+38 -3.4e+38 -3.4e+38 1705 1689 1679 1683 1678 1653 1640 1609 1604 1629 1664 1656 1648 1591 1584 1591 1584 1548 1582 1619 1595 1647 1679 1681 -3.4e+38 -3.4e+38 -3.4e+38 1678 1655 1635 1600 1600 1568 1531 1428 1396 1341 1362 1395 1428 1461 1467 1532 1534 1567 1568 1566 1579 1602 1592 1608 1637 -3.4e+38 -3.4e+38 -3.4e+38 -3.4e+38 -3.4e+38 -3.4e+38 -3.4e+38
