data/bioclim/Eref1.asc
NCOLS 391 
NROWS 575 
XLLCORNER -1773000 
YLLCORNER 4368000 
CELLSIZE 1000 
NODATA_value -3.4e+38 
[rows 279 to 309 of 575, columns 280 to 349 of 391]
-3.4e+38 -3.4e+38 -3.4e+38 -3.4e+38 -3.4e+38 -3.4e+38 1674 1674 1665 1634 1624 1610 1604 1630 1612 1584 1543 1443 1488 1445 1475 1448 1474 1476 1498 1510 1464 1462 1476 1459 1489 1510 1509 1481 1455 1449 1422 1360 1363 1392 1392 1391 1427 1498 1481 1511 1458 1470 1492 1499 1543 1458 1495 1563 -3.4e+38 -3.4e+38 -3.4e+38 -3.4e+38 -3.4e+38 -3.4e+38 -3.4e+38 -3.4e+38 1586 1545 1517 1527 1592 -3.4e+38 -3.4e+38 -3.4e+38
-3.4e+38 -3.4e+38 -3.4e+38 -3.4e+38 -3.4e+38 1680 1675 1673 1666 1651 1649 1646 1608 1577 1575 1556 1550 1480 1459 1433 1440 1438 1459 1475 1493 1479 1479 1447 1451 1481 1476 1516 1497 1494 1479 1459 1423 1394 1394 1422 1391 1423 1436 1477 1521 1502 1476 1460 1493 1523 1527 1528 1537 1566 -3.4e+38 -3.4e+38 -3.4e+38 -3.4e+38 -3.4e+38 -3.4e+38 -3.4e+38 -3.4e+38 1565 1496 1488 1528 1525 -3.4e+38 -3.4e+38 -3.4e+38
-3.4e+38 -3.4e+38 -3.4e+38 -3.4e+38 1677 1659 1649 1643 1674 1664 1643 1612 1584 1559 1467 1515 1542 1480 1409 1422 1429 1436 1447 1474 1506 1480 1474 1462 1473 1481 1499 1493 1481 1478 1463 1453 1429 1408 1408 1456 1393 1454 1446 1439 1458 1468 1522 1488 1487 1541 1555 1526 1559 -3.4e+38 -3.4e+38 -3.4e+38 -3.4e+38 -3.4e+38 -3.4e+38 -3.4e+38 1587 1570 1556 1486 1445 1560 1589 1610 -3.4e+38 -3.4e+38
-3.4e+38 -3.4e+38 -3.4e+38 1682 1665 1614 1625 1611 1670 1652 1644 1609 1586 1512 1444 1495 1476 1444 1402 1414 1419 1434 1445 1478 1479 1476 1454 1463 1481 1464 1488 1492 1482 1496 1477 1447 1423 1413 1393 1481 1471 1425 1481 1437 1488 1493 1526 1489 1523 1528 1553 1554 1553 -3.4e+38 -3.4e+38 -3.4e+38 -3.4e+38 -3.4e+38 -3.4e+38 -3.4e+38 1586 1560 1536 1476 1439 1538 1545 1606 -3.4e+38 -3.4e+38
-3.4e+38 -3.4e+38 -3.4e+38 1675 1651 1551 1547 1586 1647 1663 1648 1618 1579 1491 1446 1451 1449 1511 1434 1410 1415 1414 1468 1480 1451 1419 1439 1467 1446 1461 1471 1484 1480 1476 1471 1448 1425 1437 1451 1485 1503 1459 1485 1487 1494 1536 1501 1473 1531 1549 1556 1561 -3.4e+38 -3.4e+38 -3.4e+38 -3.4e+38 -3.4e+38 -3.4e+38 -3.4e+38 1596 1586 1557 1494 1414 1487 1532 1498 1590 -3.4e+38 -3.4e+38
-3.4e+38 -3.4e+38 -3.4e+38 1638 1611 1564 1499 1585 1617 1644 1651 1639 1447 1383 1383 1406 1413 1448 1449 1416 1407 1416 1437 1448 1423 1419 1446 1450 1452 1433 1452 1464 1466 1461 1457 1465 1451 1425 1442 1486 1505 1493 1492 1467 1519 1543 1500 1491 1527 -3.4e+38 1560 -3.4e+38 -3.4e+38 -3.4e+38 -3.4e+38 -3.4e+38 -3.4e+38 -3.4e+38 -3.4e+38 -3.4e+38 1563 1537 1482 1444 1487 1523 1561 1569 -3.4e+38 -3.4e+38
-3.4e+38 -3.4e+38 -3.4e+38 1648 1602 1521 1455 1529 1579 1617 1631 1596 1500 1448 1383 1352 1409 1414 1412 1394 1404 1416 1416 1419 1421 1420 1427 1450 1429 1444 1427 1458 1456 1450 1435 1456 1426 1438 1458 1463 1489 1521 1526 1554 1562 1553 1525 1528 1561 1564 -3.4e+38 -3.4e+38 -3.4e+38 -3.4e+38 -3.4e+38 -3.4e+38 -3.4e+38 -3.4e+38 -3.4e+38 -3.4e+38 1565 1560 1514 1444 1505 1548 1568 1565 1609 -3.4e+38
-3.4e+38 -3.4e+38 1675 1645 1611 1554 1462 1459 1578 1604 1579 1566 1509 1509 1446 1383 1409 1383 1382 1404 1425 1419 1398 1397 1399 1391 1393 1417 1410 1422 1484 1454 1468 1464 1455 1422 1423 1411 1426 1473 1487 1494 1525 1554 1562 -3.4e+38 1552 1562 1565 1565 -3.4e+38 -3.4e+38 -3.4e+38 -3.4e+38 -3.4e+38 -3.4e+38 -3.4e+38 -3.4e+38 -3.4e+38 1595 1592 1562 1504 1513 1482 1533 1564 1566 1562 -3.4e+38
-3.4e+38 -3.4e+38 1665 1645 1611 1570 1414 1492 1556 1552 1479 1566 1496 1479 1481 1467 1384 1385 1417 1448 1447 1428 1399 1390 1390 1391 1422 1421 1424 1452 1467 1455 1455 1454 1428 1426 1399 1391 1431 1474 1511 1527 1532 1495 1561 1576 -3.4e+38 1573 1575 -3.4e+38 1593 -3.4e+38 -3.4e+38 -3.4e+38 -3.4e+38 -3.4e+38 -3.4e+38 -3.4e+38 -3.4e+38 1596 1576 1563 1565 1524 1511 1555 1557 1593 1581 1627
-3.4e+38 -3.4e+38 1673 1605 1578 1580 1550 1492 1518 1489 1441 1490 1513 1436 1397 1448 1353 1386 1391 1436 1413 1399 1390 1389 1357 1355 1392 1422 1423 1434 1455 1455 1453 1430 1425 1400 1369 1355 1413 1485 1497 1462 1538 1563 1524 1543 1565 -3.4e+38 -3.4e+38 -3.4e+38 -3.4e+38 -3.4e+38 -3.4e+38 -3.4e+38 -3.4e+38 -3.4e+38 -3.4e+38 -3.4e+38 -3.4e+38 -3.4e+38 -3.4e+38 1580 1557 1525 1477 1491 1506 1572 1582 -3.4e+38
-3.4e+38 -3.4e+38 1667 1655 1632 1627 1550 1573 1550 1543 1487 1495 1445 1416 1423 1421 1374 1386 1405 1387 1414 1388 1386 1380 1391 1391 1423 1423 1452 1453 1435 1425 1457 1446 1425 1407 1366 1338 1402 1430 1429 1484 1564 1574 -3.4e+38 -3.4e+38 1597 -3.4e+38 -3.4e+38 -3.4e+38 -3.4e+38 -3.4e+38 -3.4e+38 -3.4e+38 -3.4e+38 -3.4e+38 -3.4e+38 -3.4e+38 -3.4e+38 -3.4e+38 -3.4e+38 -3.4e+38 1572 1537 1474 1448 1499 1597 -3.4e+38 -3.4e+38
-3.4e+38 -3.4e+38 1674 1649 1608 1590 1619 1588 1481 1478 1451 1402 1414 1357 1382 1421 1354 1384 1388 1387 1383 1388 1376 1386 1389 1421 1423 1454 1490 1425 1425 1456 1432 1430 1418 1391 1375 1367 1424 1437 1478 1530 1531 1574 -3.4e+38 -3.4e+38 -3.4e+38 -3.4e+38 -3.4e+38 -3.4e+38 -3.4e+38 -3.4e+38 -3.4e+38 -3.4e+38 -3.4e+38 -3.4e+38 -3.4e+38 -3.4e+38 -3.4e+38 -3.4e+38 -3.4e+38 -3.4e+38 1588 1532 1508 1492 1541 1563 1617 -3.4e+38
-3.4e+38 1691 1680 1621 1646 1587 1536 1503 1462 1463 1451 1454 1450 1399 1385 1375 1386 1353 1375 1426 1391 1388 1421 1455 1455 1423 1461 1499 1466 1488 1446 1421 1415 1430 1430 1397 1426 1431 1425 1451 1465 1428 1466 1585 1600 -3.4e+38 -3.4e+38 -3.4e+38 -3.4e+38 -3.4e+38 -3.4e+38 -3.4e+38 -3.4e+38 -3.4e+38 -3.4e+38 -3.4e+38 -3.4e+38 -3.4e+38 -3.4e+38 -3.4e+38 -3.4e+38 -3.4e+38 1594 1538 1489 1456 1457 1493 1612 -3.4e+38
-3.4e+38 1693 1652 1647 1634 1584 1466 1417 1475 1449 1501 1482 1426 1412 1400 1355 1369 1356 1389 1407 1447 1389 1423 1458 1492 1450 1501 1461 1458 1435 1459 1425 1400 1414 1445 1489 1513 1495 1430 1461 1473 1475 1497 1589 1605 -3.4e+38 -3.4e+38 -3.4e+38 -3.4e+38 -3.4e+38 -3.4e+38 -3.4e+38 -3.4e+38 -3.4e+38 -3.4e+38 -3.4e+38 -3.4e+38 -3.4e+38 -3.4e+38 -3.4e+38 -3.4e+38 1589 1568 1539 1491 1458 1461 1494 1585 -3.4e+38
-3.4e+38 1693 1685 1657 1649 1585 1447 1447 1518 1545 1515 1515 1483 1446 1402 1387 1362 1389 1421 1407 1463 1437 1423 1448 1491 1459 1489 1513 1445 1386 1443 1461 1490 1461 1428 1506 1547 1564 1502 1498 1461 1544 1600 1597 -3.4e+38 -3.4e+38 -3.4e+38 -3.4e+38 -3.4e+38 -3.4e+38 -3.4e+38 -3.4e+38 -3.4e+38 -3.4e+38 -3.4e+38 -3.4e+38 -3.4e+38 -3.4e+38 -3.4e+38 -3.4e+38 1601 1596 1574 1545 1511 1455 1527 1515 1629 -3.4e+38
-3.4e+38 1685 1681 1677 1654 1591 1488 1450 1416 1389 1479 1449 1434 1479 1402 1452 1415 1396 1454 1455 1500 1474 1450 1451 1503 1459 1458 1526 1445 1495 1452 1443 1496 1490 1520 1536 1572 -3.4e+38 1571 1573 1533 1603 1601 -3.4e+38 -3.4e+38 -3.4e+38 -3.4e+38 -3.4e+38 -3.4e+38 -3.4e+38 -3.4e+38 -3.4e+38 -3.4e+38 -3.4e+38 -3.4e+38 -3.4e+38 -3.4e+38 -3.4e+38 -3.4e+38 -3.4e+38 -3.4e+38 1601 1586 1567 1541 1462 1531 1599 1628 -3.4e+38
1715 1700 1684 1685 1684 1648 1477 1548 1451 1443 1424 1418 1411 1419 1452 1505 1435 1432 1457 1490 1497 1516 1472 1458 1492 1474 1530 1550 1492 1524 1496 1464 1429 1535 1560 1567 1579 -3.4e+38 -3.4e+38 -3.4e+38 1604 -3.4e+38 -3.4e+38 -3.4e+38 -3.4e+38 -3.4e+38 -3.4e+38 -3.4e+38 -3.4e+38 -3.4e+38 -3.4e+38 -3.4e+38 -3.4e+38 -3.4e+38 -3.4e+38 -3.4e+38 -3.4e+38 -3.4e+38 -3.4e+38 -3.4e+38 -3.4e+38 1603 1581 1539 1513 1545 1550 1596 1633 -3.4e+38
1715 1690 1715 1688 1719 1615 1534 1610 1564 1444 1416 1451 1452 1487 1521 1544 1494 1492 1457 1466 1500 1532 1528 1458 1459 1494 1508 1531 1530 1499 1435 1440 1474 1539 -3.4e+38 -3.4e+38 1599 -3.4e+38 -3.4e+38 -3.4e+38 -3.4e+38 -3.4e+38 -3.4e+38 -3.4e+38 -3.4e+38 -3.4e+38 -3.4e+38 -3.4e+38 -3.4e+38 -3.4e+38 -3.4e+38 -3.4e+38 -3.4e+38 -3.4e+38 -3.4e+38 -3.4e+38 -3.4e+38 -3.4e+38 -3.4e+38 -3.4e+38 1623 1573 1573 1513 1509 1544 1552 1615 -3.4e+38 -3.4e+38
1715 1732 1703 1698 1720 1684 1627 1529 1524 1485 1516 1447 1384 1452 1521 1530 1538 1557 1457 1491 1534 1539 1526 1540 1516 1494 1527 1534 1546 1511 1475 1538 1520 1572 -3.4e+38 -3.4e+38 -3.4e+38 -3.4e+38 -3.4e+38 -3.4e+38 -3.4e+38 -3.4e+38 -3.4e+38 -3.4e+38 -3.4e+38 -3.4e+38 -3.4e+38 -3.4e+38 -3.4e+38 -3.4e+38 -3.4e+38 -3.4e+38 -3.4e+38 -3.4e+38 -3.4e+38 -3.4e+38 -3.4e+38 -3.4e+38 -3.4e+38 -3.4e+38 1617 1574 1569 1568 1579 1573 1580 -3.4e+38 -3.4e+38 -3.4e+38
1749 1719 1700 1688 1683 1621 1497 1461 1452 1479 1486 1426 1392 1453 1484 1496 1595 1587 1486 1497 1570 1524 1547 1525 1538 1502 1499 1529 1557 1513 1519 1568 1567 1580 -3.4e+38 -3.4e+38 -3.4e+38 -3.4e+38 -3.4e+38 -3.4e+38 -3.4e+38 -3.4e+38 -3.4e+38 -3.4e+38 -3.4e+38 -3.4e+38 -3.4e+38 -3.4e+38 -3.4e+38 -3.4e+38 -3.4e+38 -3.4e+38 -3.4e+38 -3.4e+38 -3.4e+38 -3.4e+38 -3.4e+38 -3.4e+38 -3.4e+38 -3.4e+38 1615 1605 1574 1604 1613 1624 1607 1639 -3.4e+38 -3.4e+38
1744 1725 1718 1677 1685 1657 1616 1521 1454 1450 1439 1389 1430 1426 1423 1446 1558 1614 1562 1563 1529 1580 1524 1532 1529 1528 1497 1560 1563 1554 1553 1569 1569 1569 -3.4e+38 -3.4e+38 -3.4e+38 -3.4e+38 -3.4e+38 -3.4e+38 -3.4e+38 -3.4e+38 -3.4e+38 -3.4e+38 -3.4e+38 -3.4e+38 -3.4e+38 -3.4e+38 -3.4e+38 -3.4e+38 -3.4e+38 -3.4e+38 -3.4e+38 -3.4e+38 -3.4e+38 -3.4e+38 -3.4e+38 -3.4e+38 -3.4e+38 -3.4e+38 1638 1615 1611 1624 -3.4e+38 -3.4e+38 1621 -3.4e+38 -3.4e+38 -3.4e+38
1739 1719 1717 1686 1664 1653 1611 1534 1455 1488 1414 1405 1422 1487 1456 1493 1527 1559 1596 1575 1578 1603 1525 1529 1564 1525 1531 1488 1567 1566 1513 1529 1568 1571 1603 -3.4e+38 -3.4e+38 -3.4e+38 -3.4e+38 -3.4e+38 -3.4e+38 -3.4e+38 -3.4e+38 -3.4e+38 -3.4e+38 -3.4e+38 -3.4e+38 -3.4e+38 -3.4e+38 -3.4e+38 -3.4e+38 -3.4e+38 -3.4e+38 -3.4e+38 -3.4e+38 -3.4e+38 -3.4e+38 -3.4e+38 -3.4e+38 -3.4e+38 1639 1633 -3.4e+38 -3.4e+38 -3.4e+38 -3.4e+38 -3.4e+38 -3.4e+38 -3.4e+38 -3.4e+38
-3.4e+38 1719 1706 1687 1686 1654 1631 1573 1550 1514 1456 1450 1488 1522 1518 1562 1588 1559 1617 1610 1601 1598 1557 1563 1564 1569 1574 1522 1532 1555 1498 1544 1549 1568 1571 1575 -3.4e+38 -3.4e+38 -3.4e+38 -3.4e+38 -3.4e+38 -3.4e+38 -3.4e+38 -3.4e+38 -3.4e+38 -3.4e+38 -3.4e+38 -3.4e+38 -3.4e+38 -3.4e+38 -3.4e+38 -3.4e+38 -3.4e+38 -3.4e+38 -3.4e+38 -3.4e+38 -3.4e+38 -3.4e+38 -3.4e+38 -3.4e+38 -3.4e+38 -3.4e+38 -3.4e+38 -3.4e+38 -3.4e+38 -3.4e+38 -3.4e+38 -3.4e+38 -3.4e+38 -3.4e+38
-3.4e+38 1720 1718 1694 1688 1689 1656 1643 1523 1502 1464 1400 1426 1506 1495 1514 1594 1567 1606 1630 1608 1627 1578 1564 1565 1569 1572 1563 1569 1549 1517 1512 1512 1534 1570 1580 1605 -3.4e+38 -3.4e+38 -3.4e+38 -3.4e+38 -3.4e+38 -3.4e+38 -3.4e+38 -3.4e+38 -3.4e+38 -3.4e+38 -3.4e+38 -3.4e+38 -3.4e+38 -3.4e+38 -3.4e+38 -3.4e+38 -3.4e+38 -3.4e+38 -3.4e+38 -3.4e+38 -3.4e+38 -3.4e+38 -3.4e+38 -3.4e+38 -3.4e+38 -3.4e+38 -3.4e+38 -3.4e+38 -3.4e+38 -3.4e+38 -3.4e+38 -3.4e+38 -3.4e+38
-3.4e+38 -3.4e+38 1724 1721 1695 1689 1667 1587 1543 1559 1566 1501 1427 1463 1500 1541 1621 1598 1632 1635 1635 1634 1600 1584 1565 1565 1576 1583 1568 1569 1549 1499 1520 1535 1534 1569 1608 -3.4e+38 -3.4e+38 -3.4e+38 -3.4e+38 -3.4e+38 -3.4e+38 -3.4e+38 -3.4e+38 -3.4e+38 -3.4e+38 -3.4e+38 -3.4e+38 -3.4e+38 -3.4e+38 -3.4e+38 -3.4e+38 -3.4e+38 -3.4e+38 -3.4e+38 -3.4e+38 -3.4e+38 -3.4e+38 -3.4e+38 -3.4e+38 -3.4e+38 -3.4e+38 -3.4e+38 -3.4e+38 -3.4e+38 -3.4e+38 -3.4e+38 -3.4e+38 -3.4e+38
1724 -3.4e+38 1741 1713 1695 1707 1690 1587 1525 1553 1616 1591 1426 1440 1527 1562 1594 1611 1624 1633 1670 1635 1605 1587 1567 1572 1541 1570 1587 1585 1564 1507 1505 1544 1536 1571 1609 -3.4e+38 -3.4e+38 -3.4e+38 -3.4e+38 -3.4e+38 -3.4e+38 -3.4e+38 -3.4e+38 -3.4e+38 -3.4e+38 -3.4e+38 -3.4e+38 -3.4e+38 -3.4e+38 -3.4e+38 -3.4e+38 -3.4e+38 -3.4e+38 -3.4e+38 -3.4e+38 -3.4e+38 -3.4e+38 -3.4e+38 -3.4e+38 -3.4e+38 -3.4e+38 -3.4e+38 -3.4e+38 -3.4e+38 -3.4e+38 -3.4e+38 -3.4e+38 -3.4e+38
1718 -3.4e+38 -3.4e+38 1723 1723 1715 1692 1660 1635 1607 1633 1612 1494 1512 1558 1564 1595 1632 1626 1634 1669 1600 1567 1550 1542 1568 1566 1538 1570 1588 1589 1536 1542 1554 1563 1560 1607 -3.4e+38 -3.4e+38 -3.4e+38 -3.4e+38 -3.4e+38 -3.4e+38 -3.4e+38 -3.4e+38 -3.4e+38 -3.4e+38 -3.4e+38 -3.4e+38 -3.4e+38 -3.4e+38 -3.4e+38 -3.4e+38 -3.4e+38 -3.4e+38 -3.4e+38 -3.4e+38 -3.4e+38 -3.4e+38 -3.4e+38 -3.4e+38 -3.4e+38 -3.4e+38 -3.4e+38 -3.4e+38 -3.4e+38 -3.4e+38 -3.4e+38 -3.4e+38 -3.4e+38
1765 -3.4e+38 -3.4e+38 1745 1733 1720 1696 1680 1659 1659 1662 1671 1592 1599 1579 1567 1570 1634 1634 1678 1636 1646 1601 1549 1537 1543 1571 1584 1583 1598 1571 1565 1574 1572 1586 1571 1573 -3.4e+38 -3.4e+38 -3.4e+38 -3.4e+38 -3.4e+38 -3.4e+38 -3.4e+38 -3.4e+38 -3.4e+38 -3.4e+38 -3.4e+38 -3.4e+38 -3.4e+38 -3.4e+38 -3.4e+38 -3.4e+38 -3.4e+38 -3.4e+38 -3.4e+38 -3.4e+38 -3.4e+38 -3.4e+38 -3.4e+38 -3.4e+38 -3.4e+38 -3.4e+38 -3.4e+38 -3.4e+38 -3.4e+38 -3.4e+38 -3.4e+38 -3.4e+38 -3.4e+38
1763 -3.4e+38 -3.4e+38 1758 1744 1725 1696 1667 1693 1688 1672 1672 1665 1670 1599 1566 1633 1652 1602 1668 1609 1596 1591 1545 1518 1544 1572 1576 1583 1582 1574 1606 1573 1571 1574 1596 1610 -3.4e+38 -3.4e+38 -3.4e+38 -3.4e+38 -3.4e+38 -3.4e+38 -3.4e+38 -3.4e+38 -3.4e+38 -3.4e+38 -3.4e+38 -3.4e+38 -3.4e+38 -3.4e+38 -3.4e+38 -3.4e+38 -3.4e+38 -3.4e+38 -3.4e+38 -3.4e+38 -3.4e+38 -3.4e+38 -3.4e+38 -3.4e+38 -3.4e+38 -3.4e+38 -3.4e+38 -3.4e+38 -3.4e+38 -3.4e+38 -3.4e+38 -3.4e+38 -3.4e+38
-3.4e+38 -3.4e+38 -3.4e+38 -3.4e+38 1737 1725 1697 1715 1698 1694 1695 1702 1679 1635 1598 1634 1607 1678 1639 1671 1610 1560 1512 1491 1515 1537 1538 1537 1554 1573 1573 1574 1574 1573 1574 1590 1610 -3.4e+38 -3.4e+38 -3.4e+38 -3.4e+38 -3.4e+38 -3.4e+38 -3.4e+38 -3.4e+38 -3.4e+38 -3.4e+38 -3.4e+38 -3.4e+38 -3.4e+38 -3.4e+38 -3.4e+38 -3.4e+38 -3.4e+38 -3.4e+38 -3.4e+38 -3.4e+38 -3.4e+38 -3.4e+38 -3.4e+38 -3.4e+38 -3.4e+38 -3.4e+38 -3.4e+38 -3.4e+38 -3.4e+38 -3.4e+38 -3.4e+38 -3.4e+38 -3.4e+38
1788 1783 -3.4e+38 1767 1757 1754 1727 1721 1735 1728 1700 1663 1600 1563 1616 1669 1630 1631 1696 1645 1606 1511 1552 1480 1508 1539 1545 1562 1567 1570 1570 1574 1575 1579 1618 -3.4e+38 -3.4e+38 -3.4e+38 -3.4e+38 -3.4e+38 -3.4e+38 -3.4e+38 -3.4e+38 -3.4e+38 -3.4e+38 -3.4e+38 -3.4e+38 -3.4e+38 -3.4e+38 -3.4e+38 -3.4e+38 -3.4e+38 -3.4e+38 -3.4e+38 -3.4e+38 -3.4e+38 -3.4e+38 -3.4e+38 -3.4e+38 -3.4e+38 -3.4e+38 -3.4e+38 -3.4e+38 -3.4e+38 -3.4e+38 -3.4e+38 -3.4e+38 -3.4e+38 -3.4e+38 -3.4e+38
