data/bioclim/Eref1.asc
NCOLS 391 
NROWS 575 
XLLCORNER -1773000 
YLLCORNER 4368000 
CELLSIZE 1000 
NODATA_value -3.4e+38 
[rows 434 to 464 of 575, columns 140 to 209 of 391]
-3.4e+38 -3.4e+38 -3.4e+38 -3.4e+38 -3.4e+38 1857 1852 -3.4e+38 -3.4e+38 -3.4e+38 1770 1771 1728 1705 1751 1767 1748 1733 1749 1756 1760 1751 1793 1793 1759 1779 1799 1762 1760 1765 1764 1804 1810 1803 1834 1784 1783 1768 1768 1769 1727 1691 1602 1617 1766 1825 1821 1862 1862 1854 1886 1906 1906 1935 1968 -3.4e+38 -3.4e+38 -3.4e+38 -3.4e+38 -3.4e+38 -3.4e+38 -3.4e+38 -3.4e+38 -3.4e+38 -3.4e+38 -3.4e+38 -3.4e+38 -3.4e+38 -3.4e+38 -3.4e+38
-3.4e+38 -3.4e+38 -3.4e+38 -3.4e+38 -3.4e+38 -3.4e+38 -3.4e+38 -3.4e+38 -3.4e+38 -3.4e+38 1796 1780 1736 1719 1762 1746 1737 1747 1749 1754 1754 1753 1797 1806 1792 1797 1799 1789 1801 1765 1762 1810 1814 1830 1845 1784 1765 1768 1790 1771 1768 1708 1649 1758 1832 1818 1829 1861 1867 1863 1898 1903 1925 1935 1948 -3.4e+38 -3.4e+38 -3.4e+38 -3.4e+38 -3.4e+38 -3.4e+38 -3.4e+38 -3.4e+38 -3.4e+38 -3.4e+38 -3.4e+38 -3.4e+38 -3.4e+38 -3.4e+38 -3.4e+38
-3.4e+38 -3.4e+38 -3.4e+38 -3.4e+38 1866 1862 1848 1837 -3.4e+38 1817 1788 1759 1724 1745 1743 1737 1740 1748 1749 1744 1750 1752 1780 1796 1786 1764 1798 1779 1806 1792 1805 1764 1781 1805 1845 1807 1769 1770 1792 1783 1747 1622 1655 1770 1833 1820 1822 1834 1867 1878 1854 1903 1916 1938 1948 -3.4e+38 -3.4e+38 -3.4e+38 -3.4e+38 -3.4e+38 -3.4e+38 -3.4e+38 -3.4e+38 -3.4e+38 -3.4e+38 -3.4e+38 -3.4e+38 -3.4e+38 -3.4e+38 -3.4e+38
-3.4e+38 -3.4e+38 -3.4e+38 -3.4e+38 1875 1862 1800 1813 1812 1790 1779 1770 1737 1727 1728 1729 1740 1750 1754 1750 1747 1754 1793 1797 1796 1789 1798 1757 1798 1806 1805 1804 1766 1805 1824 1780 1808 1815 1810 1784 1774 1691 1712 1739 1821 1869 1861 1836 1854 1896 1860 1893 1921 1946 1944 -3.4e+38 -3.4e+38 -3.4e+38 -3.4e+38 -3.4e+38 -3.4e+38 -3.4e+38 -3.4e+38 -3.4e+38 -3.4e+38 -3.4e+38 -3.4e+38 -3.4e+38 -3.4e+38 -3.4e+38
-3.4e+38 -3.4e+38 -3.4e+38 1874 1815 1848 1816 1808 1813 1802 1782 1763 1737 1687 1697 1714 1736 1749 1753 1767 1771 1754 1754 1776 1797 1814 1833 1771 1778 1727 1816 1806 1809 1812 1855 1813 1771 1806 1794 1778 1778 1765 1715 1700 1788 1879 1861 1861 1862 1900 1905 1905 1907 1951 -3.4e+38 -3.4e+38 -3.4e+38 -3.4e+38 -3.4e+38 -3.4e+38 -3.4e+38 -3.4e+38 -3.4e+38 -3.4e+38 -3.4e+38 -3.4e+38 -3.4e+38 -3.4e+38 -3.4e+38 -3.4e+38
-3.4e+38 1894 1896 1841 1847 1864 1845 1805 1794 1798 1789 1769 1759 1668 1713 1732 1737 1753 1716 1757 1769 1771 1774 1795 1797 1814 1797 1799 1808 1809 1837 1835 1765 1874 1856 1846 1810 1797 1820 1790 1811 1745 1766 1768 1832 1861 1878 1869 1864 1841 1900 1905 1906 1947 -3.4e+38 -3.4e+38 -3.4e+38 -3.4e+38 -3.4e+38 -3.4e+38 -3.4e+38 -3.4e+38 -3.4e+38 -3.4e+38 -3.4e+38 -3.4e+38 -3.4e+38 -3.4e+38 -3.4e+38 -3.4e+38
1894 1873 1895 1886 1879 1867 1831 1805 1801 1779 1778 1764 1743 1706 1690 1681 1737 1710 1702 1715 1715 1786 1797 1794 1795 1785 1842 1841 1845 1843 1844 1848 1839 1890 1872 1847 1768 1830 1814 1812 1813 1776 1776 1780 1826 1866 1891 1869 1905 1916 1903 1922 1923 1953 -3.4e+38 -3.4e+38 -3.4e+38 -3.4e+38 -3.4e+38 -3.4e+38 -3.4e+38 -3.4e+38 -3.4e+38 -3.4e+38 -3.4e+38 -3.4e+38 -3.4e+38 -3.4e+38 -3.4e+38 -3.4e+38
1871 1817 1861 1879 1879 1871 1849 1815 1789 1727 1765 1756 1749 1698 1609 1571 1706 1673 1644 1685 1761 1769 1795 1802 1817 1801 1843 1843 1887 1842 1841 1849 1888 1880 1852 1854 1808 1816 1814 1818 1795 1774 1736 1798 1735 1819 1863 1904 1905 1929 1905 1952 1926 1941 -3.4e+38 -3.4e+38 -3.4e+38 -3.4e+38 -3.4e+38 -3.4e+38 -3.4e+38 -3.4e+38 -3.4e+38 -3.4e+38 -3.4e+38 -3.4e+38 -3.4e+38 -3.4e+38 -3.4e+38 -3.4e+38
1894 1876 1891 1880 1851 1851 1848 1828 1798 1711 1700 1756 1746 1717 1651 1587 1667 1672 1711 1716 1725 1755 1761 1772 1783 1823 1843 1842 1847 1890 1856 1881 1888 1807 1850 1872 1822 1830 1815 1806 1759 1700 1738 1737 1693 1841 1864 1889 1902 1885 1905 1951 1952 -3.4e+38 -3.4e+38 -3.4e+38 -3.4e+38 -3.4e+38 -3.4e+38 -3.4e+38 -3.4e+38 -3.4e+38 -3.4e+38 -3.4e+38 -3.4e+38 -3.4e+38 -3.4e+38 -3.4e+38 -3.4e+38 -3.4e+38
1870 1848 1876 1874 1864 1851 1847 1832 1799 1735 1694 1726 1694 1604 1655 1646 1673 1696 1707 1719 1707 1752 1754 1775 1783 1779 1801 1807 1832 1895 1873 1898 1886 1847 1866 1860 1853 1857 1831 1820 1746 1701 1695 1741 1778 1828 1819 1860 1891 1912 1904 1924 1930 1950 -3.4e+38 -3.4e+38 -3.4e+38 -3.4e+38 -3.4e+38 -3.4e+38 -3.4e+38 -3.4e+38 -3.4e+38 -3.4e+38 -3.4e+38 -3.4e+38 -3.4e+38 -3.4e+38 -3.4e+38 -3.4e+38
1893 1888 1876 1877 1862 1847 1848 1837 1819 1758 1731 1643 1579 1570 1643 1673 1688 1714 1736 1715 1738 1747 1755 1792 1787 1764 1799 1794 1831 1842 1889 1889 1895 1852 1884 1869 1875 1841 1815 1737 1699 1732 1739 1690 1746 1831 1819 1819 1902 1905 1903 1955 1963 1973 -3.4e+38 -3.4e+38 -3.4e+38 -3.4e+38 -3.4e+38 -3.4e+38 -3.4e+38 -3.4e+38 -3.4e+38 -3.4e+38 -3.4e+38 -3.4e+38 -3.4e+38 -3.4e+38 -3.4e+38 -3.4e+38
1874 1888 1874 1877 1859 1848 1842 1827 1808 1772 1730 1642 1508 1572 1644 1674 1678 1710 1751 1716 1735 1735 1712 1735 1797 1803 1780 1804 1764 1838 1889 1921 1888 1899 1866 1851 1840 1854 1837 1798 1717 1727 1765 1765 1744 1831 1856 1883 1899 1917 1934 1945 1950 1941 -3.4e+38 -3.4e+38 -3.4e+38 -3.4e+38 -3.4e+38 -3.4e+38 -3.4e+38 -3.4e+38 -3.4e+38 -3.4e+38 -3.4e+38 -3.4e+38 -3.4e+38 -3.4e+38 -3.4e+38 -3.4e+38
1869 1896 1862 1848 1862 1850 1796 1831 1810 1786 1734 1671 1586 1650 1676 1674 1718 1701 1714 1774 1763 1754 1750 1736 1805 1801 1797 1797 1815 1872 1885 1895 1846 1846 1826 1814 1742 1856 1851 1793 1782 1727 1759 1779 1821 1844 1902 1917 1919 1933 1934 1943 1950 1971 -3.4e+38 -3.4e+38 -3.4e+38 -3.4e+38 -3.4e+38 -3.4e+38 -3.4e+38 -3.4e+38 -3.4e+38 -3.4e+38 -3.4e+38 -3.4e+38 -3.4e+38 -3.4e+38 -3.4e+38 -3.4e+38
1819 1877 1841 1880 1865 1849 1834 1830 1792 1758 1756 1673 1674 1676 1681 1689 1697 1749 1704 1716 1755 1772 1715 1717 1790 1827 1846 1835 1836 1816 1871 1889 1845 1836 1816 1810 1787 1813 1820 1831 1815 1783 1817 1856 1866 1844 1861 1902 1911 1944 1947 1943 1946 1961 -3.4e+38 -3.4e+38 -3.4e+38 -3.4e+38 -3.4e+38 -3.4e+38 -3.4e+38 -3.4e+38 -3.4e+38 -3.4e+38 -3.4e+38 -3.4e+38 -3.4e+38 -3.4e+38 -3.4e+38 -3.4e+38
1846 1867 1883 1862 1864 1851 1850 1837 1808 1694 1654 1604 1675 1710 1713 1714 1730 1724 1705 1720 1717 1795 1781 1796 1801 1797 1806 1835 1836 1822 1831 1856 1902 1886 1848 1852 1787 1788 1818 1778 1794 1804 1861 1864 1884 1865 1862 1880 1899 1910 1944 1972 1961 -3.4e+38 -3.4e+38 -3.4e+38 -3.4e+38 -3.4e+38 -3.4e+38 -3.4e+38 -3.4e+38 -3.4e+38 -3.4e+38 -3.4e+38 -3.4e+38 -3.4e+38 -3.4e+38 -3.4e+38 -3.4e+38 -3.4e+38
1847 1862 1877 1864 1863 1847 1830 1813 1762 1694 1629 1624 1697 1721 1746 1716 1733 1745 1761 1745 1798 1800 1757 1800 1842 1773 1759 1799 1845 1919 1889 1844 1933 1872 1851 1834 1772 1771 1774 1736 1794 1816 1860 1862 1880 1896 1906 1911 1890 1944 1952 1970 1982 1939 -3.4e+38 -3.4e+38 -3.4e+38 -3.4e+38 -3.4e+38 -3.4e+38 -3.4e+38 -3.4e+38 -3.4e+38 -3.4e+38 -3.4e+38 -3.4e+38 -3.4e+38 -3.4e+38 -3.4e+38 -3.4e+38
1835 1852 1884 1861 1859 1824 1800 1831 1797 1745 1702 1608 1675 1721 1745 1751 1755 1747 1766 1717 1754 1836 1757 1805 1844 1844 1806 1775 1791 1896 1913 1922 1888 1865 1842 1803 1776 1752 1670 1693 1763 1775 1818 1832 1821 1887 1888 1902 1933 1904 1951 1973 1970 -3.4e+38 -3.4e+38 -3.4e+38 -3.4e+38 -3.4e+38 -3.4e+38 -3.4e+38 -3.4e+38 -3.4e+38 -3.4e+38 -3.4e+38 -3.4e+38 -3.4e+38 -3.4e+38 -3.4e+38 -3.4e+38 -3.4e+38
1802 1858 1876 1868 1859 1846 1844 1817 1813 1742 1694 1663 1754 1725 1750 1776 1766 1778 1719 1763 1800 1799 1837 1841 1847 1877 1758 1802 1881 1887 1948 1907 1847 1849 1849 1802 1814 1772 1776 1776 1732 1778 1835 1778 1820 1819 1862 1900 1938 1899 1946 1971 1972 -3.4e+38 -3.4e+38 -3.4e+38 -3.4e+38 -3.4e+38 -3.4e+38 -3.4e+38 -3.4e+38 -3.4e+38 -3.4e+38 -3.4e+38 -3.4e+38 -3.4e+38 -3.4e+38 -3.4e+38 -3.4e+38 -3.4e+38
1832 1840 1860 1865 1854 1865 1851 1849 1797 1737 1728 1738 1748 1746 1754 1772 1786 1776 1752 1757 1825 1798 1783 1878 1859 1890 1820 1825 1877 1885 1934 1931 1919 1907 1900 1784 1813 1778 1729 1683 1729 1788 1763 1756 1779 1778 1820 1838 1905 1944 1937 1961 1953 -3.4e+38 -3.4e+38 -3.4e+38 -3.4e+38 -3.4e+38 -3.4e+38 -3.4e+38 -3.4e+38 -3.4e+38 -3.4e+38 -3.4e+38 -3.4e+38 -3.4e+38 -3.4e+38 -3.4e+38 -3.4e+38 -3.4e+38
1801 1840 1845 1845 1864 1851 1849 1822 1779 1745 1767 1753 1762 1795 1785 1783 1783 1782 1783 1831 1845 1833 1834 1809 1787 1801 1909 1837 1810 1884 1934 1887 1885 1828 1794 1805 1812 1784 1763 1683 1701 1735 1693 1723 1778 1790 1817 1856 1947 1942 1946 1956 1974 1936 -3.4e+38 -3.4e+38 -3.4e+38 -3.4e+38 -3.4e+38 -3.4e+38 -3.4e+38 -3.4e+38 -3.4e+38 -3.4e+38 -3.4e+38 -3.4e+38 -3.4e+38 -3.4e+38 -3.4e+38 -3.4e+38
1791 1820 1824 1851 1865 1847 1848 1833 1795 1795 1797 1761 1763 1795 1821 1811 1823 1824 1826 1830 1832 1835 1837 1839 1797 1805 1855 1880 1874 1930 1886 1887 1848 1850 1851 1784 1812 1798 1759 1709 1699 1664 1654 1723 1796 1818 1829 1850 1913 1898 1870 1945 1951 -3.4e+38 -3.4e+38 -3.4e+38 -3.4e+38 -3.4e+38 -3.4e+38 -3.4e+38 -3.4e+38 -3.4e+38 -3.4e+38 -3.4e+38 -3.4e+38 -3.4e+38 -3.4e+38 -3.4e+38 -3.4e+38 -3.4e+38
1752 1777 1786 1838 1848 1850 1830 1829 1802 1796 1773 1779 1797 1822 1841 1821 1824 1790 1824 1848 1865 1861 1874 1876 1843 1805 1930 1913 1887 1897 1952 1906 1884 1886 1850 1813 1813 1803 1779 1741 1704 1659 1656 1776 1782 1819 1862 1871 1902 1872 1860 1897 1950 -3.4e+38 -3.4e+38 -3.4e+38 -3.4e+38 -3.4e+38 -3.4e+38 -3.4e+38 -3.4e+38 -3.4e+38 -3.4e+38 -3.4e+38 -3.4e+38 -3.4e+38 -3.4e+38 -3.4e+38 -3.4e+38 -3.4e+38
1730 1746 1776 1810 1835 1858 1833 1829 1805 1800 1798 1781 1799 1818 1834 1860 1826 1848 1806 1830 1863 1856 1901 1876 1836 1877 1909 1920 1952 1918 1932 1911 1844 1828 1850 1851 1813 1757 1720 1668 1743 1660 1683 1747 1779 1818 1861 1871 1857 1852 1905 1933 1978 1941 -3.4e+38 -3.4e+38 -3.4e+38 -3.4e+38 -3.4e+38 -3.4e+38 -3.4e+38 -3.4e+38 -3.4e+38 -3.4e+38 -3.4e+38 -3.4e+38 -3.4e+38 -3.4e+38 -3.4e+38 -3.4e+38
1714 1749 1768 1807 1845 1853 1840 1820 1816 1815 1814 1782 1788 1821 1800 1813 1863 1862 1883 1870 1881 1854 1818 1926 1878 1833 1856 1880 1871 1918 1965 1878 1785 1785 1862 1840 1794 1777 1706 1738 1701 1695 1656 1743 1780 1820 1888 1909 1902 1942 1977 1980 1981 -3.4e+38 -3.4e+38 -3.4e+38 -3.4e+38 -3.4e+38 -3.4e+38 -3.4e+38 -3.4e+38 -3.4e+38 -3.4e+38 -3.4e+38 -3.4e+38 -3.4e+38 -3.4e+38 -3.4e+38 -3.4e+38 -3.4e+38
1731 1750 1800 1826 1845 1842 1846 1819 1822 -3.4e+38 1817 1790 1783 1786 1841 1824 1861 1883 1869 1875 1876 1871 1874 1873 1877 1884 1878 1921 1933 1922 1828 1809 1813 1786 1849 1861 1876 1824 1753 1742 1753 1778 1658 1779 1812 1826 1916 1941 1966 1970 1986 -3.4e+38 -3.4e+38 -3.4e+38 -3.4e+38 -3.4e+38 -3.4e+38 -3.4e+38 -3.4e+38 -3.4e+38 -3.4e+38 -3.4e+38 -3.4e+38 -3.4e+38 -3.4e+38 -3.4e+38 -3.4e+38 -3.4e+38 -3.4e+38 -3.4e+38
1770 1786 1810 1828 1790 1813 1846 1844 1833 -3.4e+38 -3.4e+38 1784 1819 1844 1860 1824 1866 1887 1910 1904 1902 1899 1891 1913 1953 1920 1935 1954 1920 1962 1886 1848 1807 1815 1791 1902 1883 1889 1852 1780 1813 1803 1756 1823 1861 1880 1915 1909 1941 1966 -3.4e+38 -3.4e+38 -3.4e+38 -3.4e+38 -3.4e+38 -3.4e+38 -3.4e+38 -3.4e+38 -3.4e+38 -3.4e+38 -3.4e+38 -3.4e+38 -3.4e+38 -3.4e+38 -3.4e+38 -3.4e+38 -3.4e+38 -3.4e+38 -3.4e+38 -3.4e+38
1784 1795 1809 1764 1790 1791 1831 1814 1833 -3.4e+38 -3.4e+38 1825 1838 1801 1829 1874 1869 1881 1895 1905 1910 1911 1916 1924 1954 -3.4e+38 -3.4e+38 -3.4e+38 1917 1958 1919 1828 1751 1780 1815 1849 1859 1862 1820 1791 1747 1846 1782 1805 1828 1871 1944 1937 1951 1975 1979 -3.4e+38 -3.4e+38 -3.4e+38 -3.4e+38 -3.4e+38 -3.4e+38 -3.4e+38 -3.4e+38 -3.4e+38 -3.4e+38 -3.4e+38 -3.4e+38 -3.4e+38 -3.4e+38 -3.4e+38 -3.4e+38 -3.4e+38 -3.4e+38 -3.4e+38
1768 1795 1785 1773 1771 1813 1812 1818 -3.4e+38 -3.4e+38 -3.4e+38 1795 1816 1776 1788 1860 1861 1848 1862 1893 1933 1933 1944 1952 1948 -3.4e+38 -3.4e+38 -3.4e+38 1941 1922 1848 1844 1821 1818 1905 1856 1835 1889 1871 1798 1742 1846 1825 1815 1859 1859 1918 1960 1959 1979 1983 1975 1976 1972 -3.4e+38 -3.4e+38 -3.4e+38 -3.4e+38 -3.4e+38 -3.4e+38 -3.4e+38 -3.4e+38 -3.4e+38 -3.4e+38 -3.4e+38 -3.4e+38 -3.4e+38 -3.4e+38 1904 1894
-3.4e+38 -3.4e+38 1765 1771 1791 1797 1817 -3.4e+38 -3.4e+38 -3.4e+38 -3.4e+38 1805 1785 1760 1788 1827 1842 1856 1868 1909 1912 1914 1910 1952 1952 1950 -3.4e+38 -3.4e+38 -3.4e+38 1924 1915 1888 1821 1814 1892 1915 1808 1888 1870 1777 1788 1807 1863 1874 1941 1944 1929 1941 1983 1979 1982 1987 1980 1972 -3.4e+38 -3.4e+38 -3.4e+38 -3.4e+38 -3.4e+38 -3.4e+38 -3.4e+38 -3.4e+38 -3.4e+38 -3.4e+38 -3.4e+38 -3.4e+38 -3.4e+38 1909 1907 1887
-3.4e+38 -3.4e+38 1770 1771 1797 1797 1823 -3.4e+38 -3.4e+38 -3.4e+38 -3.4e+38 -3.4e+38 1764 1730 1791 1823 1837 1857 1837 1867 1867 1887 1905 1944 1940 1946 1953 1955 -3.4e+38 1954 1951 1951 1884 1858 1910 1922 1808 1897 1871 1816 1816 1781 1791 1823 1872 1944 1945 1986 1977 1996 1977 1971 1960 1974 -3.4e+38 -3.4e+38 -3.4e+38 -3.4e+38 -3.4e+38 -3.4e+38 -3.4e+38 -3.4e+38 -3.4e+38 -3.4e+38 -3.4e+38 -3.4e+38 1899 1888 1875 1871
-3.4e+38 -3.4e+38 -3.4e+38 1767 1784 1811 1785 -3.4e+38 -3.4e+38 -3.4e+38 -3.4e+38 -3.4e+38 1786 1772 1756 1794 1828 1854 1836 1853 1868 1873 1909 1922 -3.4e+38 1911 1950 1954 -3.4e+38 1953 1967 1956 1924 1917 1928 1949 1901 1821 1853 1891 1903 1777 1856 1862 1913 1959 1970 1985 1986 1983 1977 1939 1958 1966 -3.4e+38 -3.4e+38 -3.4e+38 -3.4e+38 -3.4e+38 -3.4e+38 -3.4e+38 -3.4e+38 -3.4e+38 -3.4e+38 -3.4e+38 -3.4e+38 1887 1880 1888 1879
