data/bioclim/Eref1.asc
NCOLS 391 
NROWS 575 
XLLCORNER -1773000 
YLLCORNER 4368000 
CELLSIZE 1000 
NODATA_value -3.4e+38 
[rows 372 to 402 of 575, columns 70 to 139 of 391]
-3.4e+38 -3.4e+38 -3.4e+38 -3.4e+38 -3.4e+38 -3.4e+38 -3.4e+38 -3.4e+38 -3.4e+38 -3.4e+38 -3.4e+38 -3.4e+38 -3.4e+38 -3.4e+38 -3.4e+38 -3.4e+38 -3.4e+38 -3.4e+38 -3.4e+38 -3.4e+38 -3.4e+38 1656 1633 1676 1625 1724 1744 -3.4e+38 -3.4e+38 1736 1764 1756 1741 1709 1711 1687 1711 1710 1670 1669 1652 1621 1623 1590 1616 1591 1562 1560 1633 1601 1608 1597 1618 1638 1641 1668 1668 1675 1669 1702 1740 1698 1723 1742 1745 1778 1790 1795 -3.4e+38 -3.4e+38
-3.4e+38 -3.4e+38 -3.4e+38 -3.4e+38 -3.4e+38 -3.4e+38 -3.4e+38 -3.4e+38 -3.4e+38 -3.4e+38 -3.4e+38 -3.4e+38 -3.4e+38 -3.4e+38 -3.4e+38 -3.4e+38 -3.4e+38 -3.4e+38 -3.4e+38 -3.4e+38 -3.4e+38 1672 1660 1683 1678 1732 1744 -3.4e+38 -3.4e+38 1765 1753 1754 1739 1710 1735 1717 1726 1726 1722 1686 1626 1555 1586 1591 1591 1530 1550 1496 1597 1601 1628 1677 1658 1671 1657 1681 1674 1649 1686 1718 1702 1705 1705 1719 1740 1761 1779 1782 -3.4e+38 -3.4e+38
-3.4e+38 -3.4e+38 -3.4e+38 -3.4e+38 -3.4e+38 -3.4e+38 -3.4e+38 -3.4e+38 -3.4e+38 -3.4e+38 -3.4e+38 -3.4e+38 -3.4e+38 -3.4e+38 -3.4e+38 -3.4e+38 -3.4e+38 -3.4e+38 -3.4e+38 -3.4e+38 -3.4e+38 1690 1656 1704 1710 1734 -3.4e+38 -3.4e+38 -3.4e+38 1773 1753 1738 1727 1726 1739 1731 1740 1706 1650 1684 1631 1628 1648 1623 1588 1602 1575 1544 1607 1594 1647 1694 1697 1630 1634 1640 1689 1689 1719 1745 1727 1704 1709 1715 1731 1742 1762 -3.4e+38 -3.4e+38 -3.4e+38
-3.4e+38 -3.4e+38 -3.4e+38 -3.4e+38 -3.4e+38 -3.4e+38 -3.4e+38 -3.4e+38 -3.4e+38 -3.4e+38 -3.4e+38 -3.4e+38 -3.4e+38 -3.4e+38 -3.4e+38 -3.4e+38 -3.4e+38 -3.4e+38 -3.4e+38 -3.4e+38 -3.4e+38 1675 1703 1728 1741 1754 -3.4e+38 -3.4e+38 -3.4e+38 1762 1755 1747 1739 1748 1738 1740 1727 1712 1696 1684 1657 1630 1633 1638 1596 1631 1612 1531 1577 1642 1647 1694 1702 1667 1631 1662 1675 1706 1738 1740 1741 1730 1740 1725 1731 1739 1763 -3.4e+38 -3.4e+38 -3.4e+38
-3.4e+38 -3.4e+38 -3.4e+38 -3.4e+38 -3.4e+38 -3.4e+38 -3.4e+38 -3.4e+38 -3.4e+38 -3.4e+38 -3.4e+38 1693 -3.4e+38 -3.4e+38 -3.4e+38 -3.4e+38 -3.4e+38 -3.4e+38 1668 -3.4e+38 -3.4e+38 -3.4e+38 1713 1716 1734 1702 1764 1767 -3.4e+38 1771 1765 1756 1752 1755 1754 1737 1727 1712 1699 1676 1681 1685 1680 1671 1668 1671 1659 1577 1562 1602 1661 1711 1714 1665 1643 1662 1692 1719 1724 1738 1756 1740 1739 1740 1741 1748 -3.4e+38 -3.4e+38 -3.4e+38 -3.4e+38
-3.4e+38 -3.4e+38 -3.4e+38 -3.4e+38 -3.4e+38 -3.4e+38 -3.4e+38 -3.4e+38 -3.4e+38 -3.4e+38 -3.4e+38 1706 1707 1699 -3.4e+38 -3.4e+38 -3.4e+38 -3.4e+38 1682 1674 1683 -3.4e+38 1695 1694 1718 1701 1671 1713 -3.4e+38 1763 1766 1767 1762 1752 1740 1734 1740 1742 1724 1721 1718 1714 1679 1699 1673 1646 1609 1582 1620 1670 1692 1714 1724 1716 1695 1655 1718 1725 1736 1738 1770 1757 1749 1750 1741 1754 -3.4e+38 -3.4e+38 -3.4e+38 -3.4e+38
-3.4e+38 -3.4e+38 -3.4e+38 -3.4e+38 -3.4e+38 -3.4e+38 -3.4e+38 -3.4e+38 -3.4e+38 -3.4e+38 -3.4e+38 1714 1708 1695 1699 -3.4e+38 -3.4e+38 -3.4e+38 -3.4e+38 1658 1655 1691 1669 1665 1718 1658 1645 1717 1762 -3.4e+38 1765 1757 1752 1752 1739 1744 1742 1713 1729 1712 1713 1717 1711 1675 1645 1611 1575 1575 1593 1607 1656 1697 1729 1739 1733 1709 1730 1737 1737 1755 1774 1777 1771 1768 1754 -3.4e+38 -3.4e+38 -3.4e+38 -3.4e+38 -3.4e+38
-3.4e+38 -3.4e+38 -3.4e+38 -3.4e+38 -3.4e+38 -3.4e+38 -3.4e+38 -3.4e+38 -3.4e+38 -3.4e+38 -3.4e+38 1719 1710 1692 1698 -3.4e+38 -3.4e+38 -3.4e+38 -3.4e+38 1669 1653 1682 1669 1654 1669 1732 1744 1764 -3.4e+38 -3.4e+38 1768 1763 1764 1752 1759 1762 1735 1714 1724 1728 1707 1670 1686 1683 1665 1643 1625 1558 1560 1580 1656 1715 1733 1749 1729 1735 1735 1736 1754 1741 1767 -3.4e+38 -3.4e+38 -3.4e+38 -3.4e+38 -3.4e+38 -3.4e+38 -3.4e+38 -3.4e+38 -3.4e+38
-3.4e+38 -3.4e+38 -3.4e+38 -3.4e+38 -3.4e+38 -3.4e+38 -3.4e+38 -3.4e+38 -3.4e+38 -3.4e+38 -3.4e+38 -3.4e+38 1693 1706 1702 1699 -3.4e+38 -3.4e+38 -3.4e+38 -3.4e+38 1653 1657 1687 1712 1684 1732 1737 -3.4e+38 -3.4e+38 -3.4e+38 -3.4e+38 -3.4e+38 -3.4e+38 -3.4e+38 -3.4e+38 1751 1714 1719 1714 1726 1714 1670 1689 1689 1672 1672 1638 1559 1562 1594 1638 1678 1702 1750 1747 1747 1748 1753 1754 1755 -3.4e+38 -3.4e+38 -3.4e+38 -3.4e+38 -3.4e+38 -3.4e+38 -3.4e+38 -3.4e+38 -3.4e+38 -3.4e+38
-3.4e+38 -3.4e+38 -3.4e+38 -3.4e+38 -3.4e+38 -3.4e+38 -3.4e+38 -3.4e+38 -3.4e+38 -3.4e+38 -3.4e+38 -3.4e+38 1709 1708 1705 1693 1697 1694 1688 1647 1660 1680 1694 1721 1684 1732 1731 -3.4e+38 -3.4e+38 -3.4e+38 -3.4e+38 -3.4e+38 -3.4e+38 -3.4e+38 1738 1727 1728 1712 1688 1688 1686 1714 1707 1701 1671 1673 1610 1558 1547 1540 1608 1642 1662 1686 1760 1751 -3.4e+38 -3.4e+38 -3.4e+38 -3.4e+38 -3.4e+38 -3.4e+38 -3.4e+38 -3.4e+38 -3.4e+38 -3.4e+38 -3.4e+38 -3.4e+38 -3.4e+38 -3.4e+38
-3.4e+38 -3.4e+38 -3.4e+38 -3.4e+38 -3.4e+38 -3.4e+38 -3.4e+38 -3.4e+38 -3.4e+38 -3.4e+38 -3.4e+38 -3.4e+38 -3.4e+38 1707 1704 1705 1695 1670 1676 1669 1660 1685 1714 1691 1738 1746 1733 1734 -3.4e+38 -3.4e+38 -3.4e+38 -3.4e+38 -3.4e+38 -3.4e+38 1741 1728 1728 1724 1688 1688 1656 1680 1668 1661 1640 1641 1608 1565 1518 1533 1568 1613 1639 1664 1735 1768 -3.4e+38 -3.4e+38 -3.4e+38 -3.4e+38 -3.4e+38 -3.4e+38 -3.4e+38 -3.4e+38 -3.4e+38 -3.4e+38 -3.4e+38 -3.4e+38 -3.4e+38 -3.4e+38
-3.4e+38 -3.4e+38 -3.4e+38 -3.4e+38 -3.4e+38 -3.4e+38 -3.4e+38 -3.4e+38 -3.4e+38 -3.4e+38 -3.4e+38 -3.4e+38 -3.4e+38 1706 1708 1694 1681 1682 1677 1669 1674 1667 1672 1702 1669 1751 1768 1764 1785 -3.4e+38 -3.4e+38 -3.4e+38 -3.4e+38 1755 1754 1753 1728 1729 1729 1694 1669 1643 1613 1600 1616 1626 1597 1532 1525 1507 1565 1620 1625 1701 1729 1770 -3.4e+38 -3.4e+38 -3.4e+38 -3.4e+38 -3.4e+38 -3.4e+38 -3.4e+38 -3.4e+38 -3.4e+38 -3.4e+38 -3.4e+38 -3.4e+38 -3.4e+38 -3.4e+38
-3.4e+38 -3.4e+38 -3.4e+38 -3.4e+38 -3.4e+38 -3.4e+38 -3.4e+38 -3.4e+38 -3.4e+38 -3.4e+38 -3.4e+38 -3.4e+38 -3.4e+38 1722 1695 1698 1693 1668 1654 1650 1673 1668 1704 1732 1749 1754 1759 1764 1779 -3.4e+38 -3.4e+38 -3.4e+38 -3.4e+38 1767 1764 1743 1717 1716 1683 1703 1670 1637 1615 1569 1549 1615 1610 1533 1549 1562 1586 1597 1602 1700 1706 1750 -3.4e+38 -3.4e+38 -3.4e+38 -3.4e+38 -3.4e+38 -3.4e+38 -3.4e+38 -3.4e+38 -3.4e+38 -3.4e+38 -3.4e+38 -3.4e+38 -3.4e+38 -3.4e+38
-3.4e+38 -3.4e+38 -3.4e+38 -3.4e+38 -3.4e+38 -3.4e+38 -3.4e+38 -3.4e+38 -3.4e+38 -3.4e+38 -3.4e+38 -3.4e+38 -3.4e+38 1731 1721 1693 1685 1644 1669 1681 1690 1664 1670 1721 1733 1736 1732 1764 -3.4e+38 -3.4e+38 -3.4e+38 -3.4e+38 -3.4e+38 -3.4e+38 -3.4e+38 1742 1709 1669 1688 1729 1704 1656 1640 1590 1548 1613 1595 1533 1533 1563 1570 1591 1615 1648 1702 1757 -3.4e+38 -3.4e+38 -3.4e+38 -3.4e+38 -3.4e+38 -3.4e+38 -3.4e+38 -3.4e+38 -3.4e+38 -3.4e+38 -3.4e+38 -3.4e+38 -3.4e+38 -3.4e+38
-3.4e+38 -3.4e+38 -3.4e+38 -3.4e+38 -3.4e+38 -3.4e+38 -3.4e+38 -3.4e+38 -3.4e+38 -3.4e+38 -3.4e+38 -3.4e+38 -3.4e+38 1736 1721 1691 1663 1626 1645 1685 1682 1701 1717 1685 1733 1733 1743 -3.4e+38 -3.4e+38 -3.4e+38 -3.4e+38 -3.4e+38 -3.4e+38 -3.4e+38 1764 1755 1724 1697 1726 1745 1728 1683 1664 1641 1546 1564 1582 1531 1527 1549 1565 1578 1623 1653 1713 1779 -3.4e+38 -3.4e+38 -3.4e+38 1794 1763 1800 1812 1808 1785 1777 -3.4e+38 -3.4e+38 -3.4e+38 -3.4e+38
-3.4e+38 -3.4e+38 -3.4e+38 -3.4e+38 -3.4e+38 -3.4e+38 -3.4e+38 -3.4e+38 -3.4e+38 -3.4e+38 -3.4e+38 -3.4e+38 -3.4e+38 1725 1717 1695 1690 1708 1644 1648 1627 1695 1733 1705 1749 1718 1742 -3.4e+38 -3.4e+38 -3.4e+38 -3.4e+38 -3.4e+38 -3.4e+38 -3.4e+38 -3.4e+38 1755 1743 1741 1733 1715 1724 1695 1673 1663 1619 1612 1594 1591 1480 1524 1557 1630 1682 1714 1759 1788 1788 1795 1783 1773 1756 1768 1777 1733 1755 1759 1815 -3.4e+38 -3.4e+38 -3.4e+38
-3.4e+38 -3.4e+38 -3.4e+38 -3.4e+38 -3.4e+38 -3.4e+38 -3.4e+38 -3.4e+38 -3.4e+38 -3.4e+38 -3.4e+38 -3.4e+38 -3.4e+38 1734 1721 1708 1719 1720 1690 1675 1668 1719 1744 1746 1747 1764 1765 1769 -3.4e+38 -3.4e+38 -3.4e+38 -3.4e+38 -3.4e+38 -3.4e+38 1777 1768 1755 1740 1730 1715 1702 1693 1647 1670 1649 1645 1622 1598 1529 1547 1547 1596 1649 1718 1754 1772 1788 1770 1758 1770 1735 1752 1709 1636 1715 1757 1790 1817 -3.4e+38 -3.4e+38
-3.4e+38 -3.4e+38 -3.4e+38 -3.4e+38 -3.4e+38 -3.4e+38 -3.4e+38 -3.4e+38 -3.4e+38 -3.4e+38 -3.4e+38 -3.4e+38 -3.4e+38 1737 1732 1737 1721 1695 1701 1696 1653 1693 1695 1747 1733 1745 1765 1780 -3.4e+38 -3.4e+38 -3.4e+38 -3.4e+38 -3.4e+38 -3.4e+38 1771 1746 1736 1736 1739 1715 1697 1696 1687 1670 1657 1641 1658 1671 1547 1544 1555 1568 1629 1675 1701 1716 1764 1732 1759 1733 1705 1706 1675 1689 1715 1757 1777 1799 -3.4e+38 -3.4e+38
-3.4e+38 -3.4e+38 -3.4e+38 -3.4e+38 -3.4e+38 -3.4e+38 -3.4e+38 -3.4e+38 -3.4e+38 -3.4e+38 -3.4e+38 -3.4e+38 -3.4e+38 1739 1735 1735 1723 1722 1698 1640 1666 1721 1730 1752 1764 1760 1748 1781 -3.4e+38 -3.4e+38 -3.4e+38 -3.4e+38 -3.4e+38 -3.4e+38 1770 1758 1745 1756 1750 1721 1717 1709 1694 1675 1676 1677 1687 1674 1599 1549 1549 1561 1594 1631 1631 1718 1736 1743 1731 1735 1706 1712 1717 1707 1727 1746 1770 1799 1816 -3.4e+38
-3.4e+38 -3.4e+38 -3.4e+38 -3.4e+38 -3.4e+38 -3.4e+38 -3.4e+38 -3.4e+38 -3.4e+38 -3.4e+38 -3.4e+38 -3.4e+38 -3.4e+38 1748 1749 1740 1736 1723 1711 1688 1674 1674 1725 1760 1771 1782 1765 1780 -3.4e+38 -3.4e+38 -3.4e+38 -3.4e+38 -3.4e+38 -3.4e+38 1771 1771 1767 1761 1746 1730 1721 1716 1703 1688 1688 1703 1703 1677 1626 1606 1545 1578 1599 1618 1647 1689 1754 1769 1737 1765 1737 1727 1691 1745 1738 1739 1778 1797 1811 -3.4e+38
-3.4e+38 -3.4e+38 -3.4e+38 -3.4e+38 -3.4e+38 -3.4e+38 -3.4e+38 -3.4e+38 -3.4e+38 -3.4e+38 -3.4e+38 -3.4e+38 -3.4e+38 -3.4e+38 1750 1748 1750 1726 1724 1725 1678 1675 1743 1756 1751 1763 1778 1781 -3.4e+38 -3.4e+38 -3.4e+38 -3.4e+38 -3.4e+38 -3.4e+38 1780 1771 1758 1753 1746 1732 1722 1716 1718 1703 1714 1718 1705 1690 1628 1541 1537 1582 1597 1602 1599 1689 1718 1771 1769 1777 1754 1757 1741 1771 1759 1772 1784 1802 -3.4e+38 -3.4e+38
-3.4e+38 -3.4e+38 -3.4e+38 -3.4e+38 -3.4e+38 -3.4e+38 -3.4e+38 -3.4e+38 -3.4e+38 -3.4e+38 -3.4e+38 -3.4e+38 -3.4e+38 -3.4e+38 1750 1750 1751 1738 1725 1712 1698 1712 1729 1737 1748 1763 1768 1782 -3.4e+38 -3.4e+38 -3.4e+38 -3.4e+38 -3.4e+38 -3.4e+38 1772 1760 1746 1737 1744 1721 1719 1722 1718 1724 1734 1720 1705 1679 1614 1508 1469 1576 1593 1624 1641 1667 1691 1789 1787 1782 1783 1793 1812 1813 1776 1799 1790 1810 -3.4e+38 -3.4e+38
-3.4e+38 -3.4e+38 -3.4e+38 -3.4e+38 -3.4e+38 -3.4e+38 -3.4e+38 -3.4e+38 -3.4e+38 -3.4e+38 -3.4e+38 -3.4e+38 -3.4e+38 -3.4e+38 -3.4e+38 1754 1725 1727 1710 1712 1712 1698 1714 1729 1746 1747 1765 1781 -3.4e+38 -3.4e+38 -3.4e+38 -3.4e+38 -3.4e+38 -3.4e+38 1773 1760 1751 1731 1731 1732 1741 1741 1739 1740 1736 1696 1698 1650 1614 1570 1469 1521 1622 1652 1663 1733 1714 1722 1697 1782 1779 1811 1798 1814 1804 1816 1812 -3.4e+38 -3.4e+38 -3.4e+38
-3.4e+38 -3.4e+38 -3.4e+38 -3.4e+38 -3.4e+38 -3.4e+38 -3.4e+38 -3.4e+38 -3.4e+38 -3.4e+38 -3.4e+38 -3.4e+38 -3.4e+38 -3.4e+38 -3.4e+38 -3.4e+38 1726 1687 1709 1628 1713 1688 1707 1728 1745 1780 1780 1784 -3.4e+38 -3.4e+38 -3.4e+38 -3.4e+38 -3.4e+38 1781 1773 1760 1747 1733 1746 1733 1741 1738 1735 1735 1734 1696 1668 1661 1631 1579 1545 1568 1599 1599 1609 1703 1610 1619 1615 1726 1701 1735 1757 1831 1832 1836 1815 -3.4e+38 -3.4e+38 -3.4e+38
-3.4e+38 -3.4e+38 -3.4e+38 -3.4e+38 -3.4e+38 -3.4e+38 -3.4e+38 -3.4e+38 -3.4e+38 -3.4e+38 -3.4e+38 -3.4e+38 -3.4e+38 -3.4e+38 -3.4e+38 -3.4e+38 1753 1753 1641 1688 1681 1676 1713 1731 1745 1764 1769 1780 -3.4e+38 -3.4e+38 -3.4e+38 -3.4e+38 -3.4e+38 1775 1766 1760 1749 1732 1749 1752 1748 1738 1753 1743 1743 1725 1687 1678 1655 1597 1539 1535 1550 1547 1610 1629 1537 1556 1558 1618 1668 1740 1779 1780 1816 1840 -3.4e+38 -3.4e+38 -3.4e+38 -3.4e+38
-3.4e+38 -3.4e+38 -3.4e+38 -3.4e+38 -3.4e+38 -3.4e+38 -3.4e+38 -3.4e+38 -3.4e+38 -3.4e+38 -3.4e+38 -3.4e+38 -3.4e+38 -3.4e+38 -3.4e+38 -3.4e+38 1753 1729 1665 1701 1687 1668 1698 1721 1736 1755 1762 1793 -3.4e+38 -3.4e+38 -3.4e+38 -3.4e+38 -3.4e+38 1775 1775 1762 1762 1751 1761 1746 1755 1751 1748 1751 1750 1726 1723 1678 1666 1601 1504 1521 1506 1482 1527 1560 1532 1447 1581 1612 1639 1670 1753 1796 1802 1834 -3.4e+38 -3.4e+38 -3.4e+38 -3.4e+38
-3.4e+38 -3.4e+38 -3.4e+38 -3.4e+38 -3.4e+38 -3.4e+38 -3.4e+38 -3.4e+38 -3.4e+38 -3.4e+38 -3.4e+38 -3.4e+38 -3.4e+38 -3.4e+38 -3.4e+38 -3.4e+38 1753 1715 1711 1724 1712 1661 1632 1716 1732 1761 1764 1794 -3.4e+38 -3.4e+38 -3.4e+38 -3.4e+38 1791 1785 1775 1774 1774 1763 1749 1765 1755 1733 1727 1734 1755 1738 1714 1720 1665 1601 1466 1479 1498 1437 1509 1473 1393 1477 1532 1614 1649 1676 1689 1830 1816 -3.4e+38 -3.4e+38 -3.4e+38 -3.4e+38 -3.4e+38
-3.4e+38 -3.4e+38 -3.4e+38 -3.4e+38 -3.4e+38 -3.4e+38 -3.4e+38 -3.4e+38 -3.4e+38 -3.4e+38 -3.4e+38 -3.4e+38 -3.4e+38 -3.4e+38 -3.4e+38 -3.4e+38 1756 1738 1738 1724 1728 1702 1668 1742 1772 1781 1783 1792 -3.4e+38 -3.4e+38 -3.4e+38 -3.4e+38 1800 1796 1788 1780 1775 1775 1759 1762 1750 1751 1741 1715 1751 1754 1709 1701 1614 1550 1551 1541 1537 1437 1375 1358 1409 1465 1570 1585 1599 1616 1690 1837 1835 -3.4e+38 -3.4e+38 -3.4e+38 -3.4e+38 -3.4e+38
-3.4e+38 -3.4e+38 -3.4e+38 -3.4e+38 -3.4e+38 -3.4e+38 -3.4e+38 -3.4e+38 -3.4e+38 -3.4e+38 -3.4e+38 -3.4e+38 -3.4e+38 -3.4e+38 -3.4e+38 -3.4e+38 -3.4e+38 1735 1744 1740 1730 1703 1644 1743 1767 1783 1797 1801 -3.4e+38 -3.4e+38 -3.4e+38 -3.4e+38 1789 1789 1778 1764 1763 1757 1764 1772 1751 1751 1755 1748 1738 1691 1687 1646 1700 1597 1646 1591 1538 1458 1394 1421 1480 1492 1489 1540 1585 1638 1769 1812 1837 -3.4e+38 -3.4e+38 -3.4e+38 -3.4e+38 -3.4e+38
-3.4e+38 -3.4e+38 -3.4e+38 -3.4e+38 -3.4e+38 -3.4e+38 -3.4e+38 -3.4e+38 -3.4e+38 -3.4e+38 -3.4e+38 -3.4e+38 -3.4e+38 -3.4e+38 -3.4e+38 -3.4e+38 -3.4e+38 1755 -3.4e+38 1741 1742 1733 1717 1725 1750 1765 1782 1814 -3.4e+38 -3.4e+38 -3.4e+38 -3.4e+38 -3.4e+38 1790 1776 1775 1763 1765 1750 1773 1766 1757 1753 1744 1739 1741 1726 1717 1737 1689 1656 1592 1569 1464 1427 1471 1550 1496 1443 1472 1568 1638 1706 1789 -3.4e+38 -3.4e+38 -3.4e+38 -3.4e+38 -3.4e+38 -3.4e+38
-3.4e+38 -3.4e+38 -3.4e+38 -3.4e+38 -3.4e+38 -3.4e+38 -3.4e+38 -3.4e+38 -3.4e+38 -3.4e+38 -3.4e+38 -3.4e+38 -3.4e+38 -3.4e+38 -3.4e+38 -3.4e+38 -3.4e+38 -3.4e+38 -3.4e+38 -3.4e+38 1745 1724 1673 1750 1767 1782 1795 1812 -3.4e+38 -3.4e+38 -3.4e+38 -3.4e+38 -3.4e+38 -3.4e+38 1787 1780 1764 1761 1750 1787 1774 1767 1769 1762 1773 1757 1763 1758 1738 1743 1610 1548 1488 1480 1527 1534 1538 1571 1551 1511 1514 1657 1745 1803 -3.4e+38 -3.4e+38 -3.4e+38 -3.4e+38 -3.4e+38 -3.4e+38
