data/bioclim/MAP1.asc
NCOLS 391 
NROWS 575 
XLLCORNER -1773000 
YLLCORNER 4368000 
CELLSIZE 1000 
NODATA_value -3.4e+38 
[rows 384 to 415 of 575, columns 146 to 218 of 391]
-3.4e+38 -3.4e+38 492 494 507 535 526 523 536 545 539 596 659 626 616 605 597 582 559 548 548 572 535 536 527 508 502 495 -3.4e+38 -3.4e+38 -3.4e+38 502 517 511 530 595 543 515 491 478 464 -3.4e+38 -3.4e+38 -3.4e+38 -3.4e+38 -3.4e+38 -3.4e+38 -3.4e+38 -3.4e+38 -3.4e+38 -3.4e+38 -3.4e+38 -3.4e+38 498 492 505 526 518 547 617 684 587 586 625 623 600 591 632 581 538 524 523 545
-3.4e+38 -3.4e+38 497 493 499 507 516 536 533 541 552 588 625 647 636 656 597 596 570 563 555 548 575 572 555 519 505 499 -3.4e+38 -3.4e+38 -3.4e+38 497 503 506 587 573 560 545 491 479 -3.4e+38 -3.4e+38 -3.4e+38 -3.4e+38 -3.4e+38 -3.4e+38 -3.4e+38 -3.4e+38 -3.4e+38 -3.4e+38 -3.4e+38 -3.4e+38 -3.4e+38 488 508 532 525 559 597 615 634 616 598 620 652 650 588 654 609 543 515 505 514
-3.4e+38 -3.4e+38 493 497 505 524 533 535 534 544 548 576 621 651 649 659 629 577 569 556 561 579 555 544 531 523 499 -3.4e+38 -3.4e+38 -3.4e+38 -3.4e+38 496 497 490 516 533 518 499 498 -3.4e+38 -3.4e+38 -3.4e+38 -3.4e+38 -3.4e+38 -3.4e+38 -3.4e+38 -3.4e+38 -3.4e+38 -3.4e+38 -3.4e+38 -3.4e+38 -3.4e+38 -3.4e+38 501 520 530 531 573 611 649 627 590 618 636 639 651 652 610 561 559 500 495 487
-3.4e+38 -3.4e+38 494 500 509 520 529 534 550 542 561 591 614 668 653 637 603 594 582 571 561 567 554 559 541 525 525 -3.4e+38 -3.4e+38 -3.4e+38 -3.4e+38 468 473 489 490 487 489 477 483 -3.4e+38 -3.4e+38 -3.4e+38 -3.4e+38 -3.4e+38 -3.4e+38 -3.4e+38 -3.4e+38 -3.4e+38 -3.4e+38 -3.4e+38 -3.4e+38 -3.4e+38 -3.4e+38 504 535 504 527 549 588 627 587 570 570 604 617 628 661 622 586 539 516 493 483
-3.4e+38 -3.4e+38 -3.4e+38 500 507 521 521 540 541 542 572 586 600 630 666 648 617 604 594 573 581 566 557 559 528 527 518 -3.4e+38 -3.4e+38 -3.4e+38 -3.4e+38 -3.4e+38 462 471 469 456 459 451 458 -3.4e+38 -3.4e+38 -3.4e+38 -3.4e+38 -3.4e+38 -3.4e+38 -3.4e+38 -3.4e+38 -3.4e+38 -3.4e+38 -3.4e+38 -3.4e+38 -3.4e+38 -3.4e+38 502 500 -3.4e+38 522 561 572 600 548 628 641 612 637 643 674 662 588 540 530 522 491
-3.4e+38 -3.4e+38 -3.4e+38 500 510 517 519 543 556 556 585 598 585 614 657 649 628 603 596 577 581 579 575 580 553 526 527 505 -3.4e+38 -3.4e+38 -3.4e+38 -3.4e+38 -3.4e+38 458 456 456 -3.4e+38 -3.4e+38 -3.4e+38 -3.4e+38 -3.4e+38 -3.4e+38 -3.4e+38 -3.4e+38 -3.4e+38 -3.4e+38 -3.4e+38 -3.4e+38 -3.4e+38 -3.4e+38 -3.4e+38 -3.4e+38 -3.4e+38 -3.4e+38 -3.4e+38 -3.4e+38 503 545 531 525 564 633 585 570 617 691 679 659 614 595 562 538 508
-3.4e+38 -3.4e+38 -3.4e+38 500 518 519 531 537 560 562 562 609 650 618 650 652 618 616 593 591 580 569 557 551 577 549 522 -3.4e+38 -3.4e+38 -3.4e+38 -3.4e+38 -3.4e+38 -3.4e+38 -3.4e+38 -3.4e+38 -3.4e+38 -3.4e+38 -3.4e+38 -3.4e+38 -3.4e+38 -3.4e+38 -3.4e+38 -3.4e+38 -3.4e+38 -3.4e+38 -3.4e+38 -3.4e+38 -3.4e+38 -3.4e+38 -3.4e+38 -3.4e+38 -3.4e+38 -3.4e+38 -3.4e+38 -3.4e+38 -3.4e+38 -3.4e+38 498 529 521 542 591 573 621 618 645 686 686 630 603 561 533 522
-3.4e+38 -3.4e+38 494 502 510 517 526 546 540 562 562 577 617 696 645 636 629 602 582 591 579 582 557 551 553 527 526 519 -3.4e+38 -3.4e+38 -3.4e+38 -3.4e+38 -3.4e+38 -3.4e+38 -3.4e+38 -3.4e+38 -3.4e+38 -3.4e+38 -3.4e+38 -3.4e+38 -3.4e+38 -3.4e+38 -3.4e+38 -3.4e+38 -3.4e+38 -3.4e+38 -3.4e+38 -3.4e+38 -3.4e+38 -3.4e+38 -3.4e+38 -3.4e+38 -3.4e+38 -3.4e+38 -3.4e+38 -3.4e+38 -3.4e+38 -3.4e+38 502 508 528 539 564 659 658 662 644 664 708 620 604 561 531
-3.4e+38 -3.4e+38 494 503 507 504 525 526 529 535 593 652 704 663 641 630 619 606 615 582 569 558 554 529 556 553 501 495 -3.4e+38 -3.4e+38 -3.4e+38 -3.4e+38 -3.4e+38 -3.4e+38 -3.4e+38 -3.4e+38 -3.4e+38 -3.4e+38 -3.4e+38 -3.4e+38 -3.4e+38 -3.4e+38 -3.4e+38 -3.4e+38 -3.4e+38 -3.4e+38 -3.4e+38 -3.4e+38 -3.4e+38 -3.4e+38 -3.4e+38 -3.4e+38 -3.4e+38 -3.4e+38 -3.4e+38 -3.4e+38 -3.4e+38 -3.4e+38 -3.4e+38 -3.4e+38 -3.4e+38 550 591 630 649 638 624 630 708 675 625 576 525
-3.4e+38 -3.4e+38 493 503 506 514 516 529 536 548 591 641 709 680 642 630 633 608 619 585 580 578 578 551 570 579 523 494 492 -3.4e+38 -3.4e+38 -3.4e+38 -3.4e+38 -3.4e+38 -3.4e+38 -3.4e+38 -3.4e+38 -3.4e+38 -3.4e+38 -3.4e+38 -3.4e+38 -3.4e+38 -3.4e+38 -3.4e+38 -3.4e+38 -3.4e+38 -3.4e+38 -3.4e+38 -3.4e+38 -3.4e+38 -3.4e+38 -3.4e+38 -3.4e+38 -3.4e+38 -3.4e+38 -3.4e+38 -3.4e+38 -3.4e+38 -3.4e+38 -3.4e+38 -3.4e+38 556 577 589 643 627 606 611 654 654 608 581 533
-3.4e+38 490 494 506 514 522 532 534 541 537 565 603 666 690 661 638 633 612 606 593 586 580 578 569 553 547 514 521 492 482 -3.4e+38 -3.4e+38 -3.4e+38 -3.4e+38 -3.4e+38 -3.4e+38 -3.4e+38 -3.4e+38 -3.4e+38 -3.4e+38 -3.4e+38 -3.4e+38 -3.4e+38 -3.4e+38 -3.4e+38 -3.4e+38 -3.4e+38 -3.4e+38 -3.4e+38 -3.4e+38 -3.4e+38 -3.4e+38 -3.4e+38 -3.4e+38 -3.4e+38 -3.4e+38 -3.4e+38 -3.4e+38 -3.4e+38 -3.4e+38 503 539 590 589 607 589 615 631 659 668 625 591 534
-3.4e+38 492 498 503 511 512 530 538 548 536 559 617 670 723 678 671 653 615 597 604 600 604 627 586 614 554 517 520 506 496 483 486 -3.4e+38 -3.4e+38 -3.4e+38 -3.4e+38 -3.4e+38 -3.4e+38 -3.4e+38 -3.4e+38 -3.4e+38 -3.4e+38 -3.4e+38 -3.4e+38 -3.4e+38 -3.4e+38 -3.4e+38 -3.4e+38 -3.4e+38 -3.4e+38 -3.4e+38 -3.4e+38 -3.4e+38 -3.4e+38 -3.4e+38 -3.4e+38 -3.4e+38 -3.4e+38 -3.4e+38 -3.4e+38 500 516 551 590 569 569 593 611 677 708 668 604 562
486 491 503 503 511 512 514 537 538 570 594 641 635 681 710 666 645 640 605 614 622 622 603 603 577 552 520 520 491 497 500 488 481 468 -3.4e+38 -3.4e+38 -3.4e+38 -3.4e+38 -3.4e+38 -3.4e+38 -3.4e+38 -3.4e+38 -3.4e+38 -3.4e+38 -3.4e+38 -3.4e+38 -3.4e+38 -3.4e+38 -3.4e+38 -3.4e+38 -3.4e+38 -3.4e+38 -3.4e+38 -3.4e+38 -3.4e+38 -3.4e+38 -3.4e+38 -3.4e+38 -3.4e+38 481 482 504 530 552 559 588 609 613 646 709 686 656 540
486 490 503 501 511 512 533 545 570 570 594 605 631 682 724 666 653 672 659 625 618 615 641 607 577 566 521 523 497 517 522 516 485 457 -3.4e+38 -3.4e+38 -3.4e+38 -3.4e+38 -3.4e+38 -3.4e+38 -3.4e+38 -3.4e+38 -3.4e+38 -3.4e+38 -3.4e+38 -3.4e+38 -3.4e+38 -3.4e+38 -3.4e+38 -3.4e+38 -3.4e+38 -3.4e+38 -3.4e+38 -3.4e+38 -3.4e+38 -3.4e+38 -3.4e+38 -3.4e+38 -3.4e+38 483 505 524 538 571 576 594 614 632 645 623 619 624 538
485 489 508 518 508 518 536 584 551 579 583 584 612 649 705 698 696 669 635 638 687 632 606 605 655 591 524 515 539 531 547 516 515 500 -3.4e+38 -3.4e+38 -3.4e+38 -3.4e+38 -3.4e+38 -3.4e+38 -3.4e+38 -3.4e+38 -3.4e+38 -3.4e+38 -3.4e+38 -3.4e+38 -3.4e+38 -3.4e+38 -3.4e+38 -3.4e+38 -3.4e+38 -3.4e+38 -3.4e+38 -3.4e+38 -3.4e+38 -3.4e+38 -3.4e+38 -3.4e+38 -3.4e+38 480 505 517 539 575 591 592 598 647 671 634 585 626 599
487 494 507 507 517 524 546 544 551 589 603 633 620 645 656 680 694 689 679 654 631 609 608 601 552 540 516 534 555 587 547 529 547 490 -3.4e+38 -3.4e+38 -3.4e+38 -3.4e+38 -3.4e+38 -3.4e+38 -3.4e+38 -3.4e+38 -3.4e+38 -3.4e+38 -3.4e+38 -3.4e+38 -3.4e+38 -3.4e+38 -3.4e+38 -3.4e+38 -3.4e+38 -3.4e+38 -3.4e+38 -3.4e+38 -3.4e+38 -3.4e+38 -3.4e+38 -3.4e+38 -3.4e+38 -3.4e+38 484 504 532 575 573 582 602 635 686 669 647 571 579
486 492 497 505 516 527 558 547 561 605 571 584 620 608 632 689 661 745 709 682 670 596 587 590 553 572 538 547 548 551 543 507 518 -3.4e+38 -3.4e+38 -3.4e+38 -3.4e+38 -3.4e+38 -3.4e+38 -3.4e+38 -3.4e+38 -3.4e+38 -3.4e+38 -3.4e+38 -3.4e+38 -3.4e+38 -3.4e+38 -3.4e+38 -3.4e+38 -3.4e+38 -3.4e+38 -3.4e+38 -3.4e+38 -3.4e+38 -3.4e+38 -3.4e+38 -3.4e+38 -3.4e+38 -3.4e+38 -3.4e+38 485 515 547 557 562 582 603 652 680 690 644 592 542
483 488 497 503 508 531 533 535 546 590 633 643 604 607 630 644 647 734 655 648 599 572 554 549 540 572 540 548 520 513 501 -3.4e+38 -3.4e+38 -3.4e+38 -3.4e+38 -3.4e+38 -3.4e+38 -3.4e+38 -3.4e+38 -3.4e+38 -3.4e+38 -3.4e+38 -3.4e+38 -3.4e+38 -3.4e+38 -3.4e+38 -3.4e+38 -3.4e+38 -3.4e+38 -3.4e+38 -3.4e+38 -3.4e+38 -3.4e+38 -3.4e+38 -3.4e+38 -3.4e+38 -3.4e+38 -3.4e+38 -3.4e+38 -3.4e+38 484 508 530 553 553 590 610 647 700 693 656 592 563
482 488 505 512 509 518 521 524 546 594 619 609 627 634 644 644 698 671 628 622 595 579 579 552 540 529 514 518 516 494 -3.4e+38 -3.4e+38 -3.4e+38 -3.4e+38 -3.4e+38 -3.4e+38 -3.4e+38 -3.4e+38 -3.4e+38 -3.4e+38 -3.4e+38 -3.4e+38 -3.4e+38 -3.4e+38 -3.4e+38 -3.4e+38 -3.4e+38 -3.4e+38 -3.4e+38 -3.4e+38 -3.4e+38 -3.4e+38 -3.4e+38 -3.4e+38 -3.4e+38 -3.4e+38 -3.4e+38 -3.4e+38 -3.4e+38 -3.4e+38 476 509 531 533 553 594 672 651 663 709 659 625 566
481 494 503 502 501 526 548 524 531 545 559 627 605 634 656 644 691 651 650 617 595 569 586 565 553 542 516 506 504 496 490 -3.4e+38 -3.4e+38 -3.4e+38 -3.4e+38 -3.4e+38 -3.4e+38 -3.4e+38 -3.4e+38 -3.4e+38 -3.4e+38 -3.4e+38 -3.4e+38 -3.4e+38 -3.4e+38 -3.4e+38 -3.4e+38 -3.4e+38 -3.4e+38 -3.4e+38 -3.4e+38 -3.4e+38 -3.4e+38 -3.4e+38 -3.4e+38 -3.4e+38 -3.4e+38 -3.4e+38 -3.4e+38 -3.4e+38 475 488 517 555 569 595 635 642 692 730 674 624 601
482 490 493 487 504 532 540 556 544 545 602 629 661 646 621 609 647 632 643 641 630 603 578 553 540 542 522 522 521 491 487 493 485 489 467 -3.4e+38 -3.4e+38 -3.4e+38 -3.4e+38 -3.4e+38 -3.4e+38 -3.4e+38 -3.4e+38 -3.4e+38 -3.4e+38 -3.4e+38 -3.4e+38 -3.4e+38 -3.4e+38 -3.4e+38 -3.4e+38 -3.4e+38 -3.4e+38 -3.4e+38 -3.4e+38 -3.4e+38 -3.4e+38 -3.4e+38 -3.4e+38 -3.4e+38 489 499 518 533 562 595 605 631 687 745 677 651 629
482 483 489 479 503 514 520 532 507 527 548 591 605 603 601 615 630 630 657 656 664 608 603 585 541 531 526 522 517 520 521 492 519 516 479 -3.4e+38 -3.4e+38 -3.4e+38 -3.4e+38 -3.4e+38 -3.4e+38 -3.4e+38 -3.4e+38 460 459 456 -3.4e+38 -3.4e+38 -3.4e+38 -3.4e+38 -3.4e+38 -3.4e+38 -3.4e+38 -3.4e+38 -3.4e+38 -3.4e+38 -3.4e+38 -3.4e+38 -3.4e+38 472 490 492 504 534 550 574 596 641 674 743 696 666 634
465 461 484 487 501 504 518 513 497 510 531 571 586 572 608 608 606 630 658 629 681 647 643 612 550 538 523 515 525 558 521 495 517 516 485 -3.4e+38 -3.4e+38 -3.4e+38 -3.4e+38 -3.4e+38 455 -3.4e+38 -3.4e+38 468 470 459 463 -3.4e+38 -3.4e+38 -3.4e+38 -3.4e+38 -3.4e+38 -3.4e+38 -3.4e+38 -3.4e+38 -3.4e+38 -3.4e+38 -3.4e+38 -3.4e+38 472 477 486 500 530 535 565 614 636 669 744 712 677 640
452 473 473 476 502 500 512 502 488 493 503 537 556 592 588 595 629 648 681 630 634 614 579 553 525 525 520 -3.4e+38 507 514 519 490 495 517 481 -3.4e+38 -3.4e+38 -3.4e+38 -3.4e+38 463 477 454 458 466 467 459 464 -3.4e+38 -3.4e+38 -3.4e+38 -3.4e+38 -3.4e+38 -3.4e+38 -3.4e+38 -3.4e+38 -3.4e+38 -3.4e+38 -3.4e+38 -3.4e+38 468 475 492 494 543 566 597 630 652 679 740 757 702 647
459 459 470 461 455 471 474 471 472 497 539 580 567 575 585 605 678 648 632 633 609 613 587 571 540 533 -3.4e+38 -3.4e+38 500 499 488 493 478 487 -3.4e+38 -3.4e+38 -3.4e+38 -3.4e+38 -3.4e+38 473 487 466 459 461 460 463 467 -3.4e+38 -3.4e+38 -3.4e+38 -3.4e+38 -3.4e+38 -3.4e+38 -3.4e+38 -3.4e+38 -3.4e+38 -3.4e+38 -3.4e+38 -3.4e+38 -3.4e+38 484 494 520 540 570 603 640 678 705 743 755 693 633
448 456 457 470 515 509 500 501 482 483 504 517 535 541 584 585 596 620 632 608 597 582 632 571 552 553 552 -3.4e+38 516 499 499 500 505 -3.4e+38 -3.4e+38 -3.4e+38 -3.4e+38 -3.4e+38 464 477 485 471 467 470 469 472 470 -3.4e+38 -3.4e+38 -3.4e+38 -3.4e+38 -3.4e+38 -3.4e+38 -3.4e+38 -3.4e+38 -3.4e+38 -3.4e+38 -3.4e+38 -3.4e+38 -3.4e+38 486 498 517 537 572 604 620 633 702 738 721 757 659
439 438 465 467 467 507 514 528 519 531 506 535 594 581 611 644 612 634 611 628 616 606 606 582 562 552 527 506 -3.4e+38 -3.4e+38 -3.4e+38 489 -3.4e+38 -3.4e+38 -3.4e+38 -3.4e+38 -3.4e+38 495 495 494 490 480 471 464 464 472 471 -3.4e+38 -3.4e+38 -3.4e+38 -3.4e+38 -3.4e+38 -3.4e+38 -3.4e+38 -3.4e+38 -3.4e+38 -3.4e+38 -3.4e+38 -3.4e+38 478 485 498 517 524 546 588 620 646 703 661 697 706 693
425 446 451 449 462 503 503 548 528 545 560 621 619 594 595 653 632 607 611 609 617 606 607 631 570 553 527 510 495 -3.4e+38 -3.4e+38 -3.4e+38 -3.4e+38 -3.4e+38 -3.4e+38 -3.4e+38 471 492 519 507 496 490 476 476 469 468 474 474 -3.4e+38 -3.4e+38 -3.4e+38 -3.4e+38 -3.4e+38 -3.4e+38 -3.4e+38 -3.4e+38 -3.4e+38 -3.4e+38 -3.4e+38 483 491 516 515 531 541 578 605 578 653 620 640 636 673
419 431 443 438 463 503 528 525 528 535 538 582 588 634 605 665 608 627 602 598 599 589 608 611 566 553 546 525 507 -3.4e+38 -3.4e+38 -3.4e+38 -3.4e+38 -3.4e+38 -3.4e+38 484 498 521 545 521 506 497 496 490 479 465 466 479 -3.4e+38 -3.4e+38 -3.4e+38 -3.4e+38 -3.4e+38 -3.4e+38 -3.4e+38 -3.4e+38 -3.4e+38 -3.4e+38 -3.4e+38 487 511 495 504 524 537 555 557 551 591 589 596 623 669
409 427 431 476 581 593 608 576 537 539 541 543 585 635 647 636 603 608 585 590 582 583 603 580 572 562 547 532 516 -3.4e+38 -3.4e+38 -3.4e+38 -3.4e+38 -3.4e+38 -3.4e+38 492 544 548 575 570 519 497 485 500 450 480 468 473 -3.4e+38 -3.4e+38 -3.4e+38 -3.4e+38 -3.4e+38 -3.4e+38 -3.4e+38 -3.4e+38 -3.4e+38 -3.4e+38 -3.4e+38 -3.4e+38 488 492 506 524 533 541 538 551 581 621 654 605 604
-3.4e+38 423 440 473 579 638 611 591 563 558 511 527 566 574 623 600 629 609 588 580 581 574 581 567 558 543 556 518 499 -3.4e+38 -3.4e+38 -3.4e+38 -3.4e+38 -3.4e+38 -3.4e+38 493 534 598 623 606 522 508 511 514 462 468 473 472 -3.4e+38 -3.4e+38 -3.4e+38 -3.4e+38 -3.4e+38 -3.4e+38 -3.4e+38 -3.4e+38 -3.4e+38 -3.4e+38 -3.4e+38 -3.4e+38 484 491 508 527 526 528 540 561 577 623 596 617 585
-3.4e+38 417 439 452 564 606 597 575 563 551 542 545 540 572 553 579 592 609 608 604 592 565 565 560 555 544 528 509 499 -3.4e+38 -3.4e+38 -3.4e+38 -3.4e+38 -3.4e+38 491 500 527 561 594 585 549 521 504 510 495 484 471 473 -3.4e+38 -3.4e+38 -3.4e+38 -3.4e+38 -3.4e+38 -3.4e+38 -3.4e+38 -3.4e+38 -3.4e+38 -3.4e+38 -3.4e+38 -3.4e+38 -3.4e+38 495 514 528 512 519 529 544 556 555 551 616 586
