data/bioclim/MAP1.asc
NCOLS 391 
NROWS 575 
XLLCORNER -1773000 
YLLCORNER 4368000 
CELLSIZE 1000 
NODATA_value -3.4e+38 
[rows 416 to 447 of 575, columns 219 to 291 of 391]
543 564 545 533 552 561 548 532 513 501 500 492 479 484 -3.4e+38 -3.4e+38 -3.4e+38 -3.4e+38 -3.4e+38 -3.4e+38 487 486 504 535 572 560 580 572 554 530 507 496 511 495 480 477 481 -3.4e+38 -3.4e+38 -3.4e+38 469 487 511 498 509 508 488 501 504 492 517 552 542 526 525 511 498 517 521 530 526 514 -3.4e+38 -3.4e+38 -3.4e+38 -3.4e+38 -3.4e+38 -3.4e+38 -3.4e+38 -3.4e+38 -3.4e+38 -3.4e+38 -3.4e+38
538 546 545 571 588 582 570 556 507 527 519 509 485 482 -3.4e+38 -3.4e+38 -3.4e+38 -3.4e+38 -3.4e+38 -3.4e+38 491 508 527 551 569 564 563 561 572 550 511 495 489 484 479 475 -3.4e+38 -3.4e+38 -3.4e+38 -3.4e+38 -3.4e+38 501 487 482 481 490 498 502 509 512 531 546 556 534 542 520 507 501 510 543 533 515 -3.4e+38 -3.4e+38 -3.4e+38 -3.4e+38 -3.4e+38 -3.4e+38 -3.4e+38 -3.4e+38 -3.4e+38 -3.4e+38 -3.4e+38
546 530 545 566 559 555 561 519 524 538 531 511 495 488 -3.4e+38 -3.4e+38 -3.4e+38 -3.4e+38 -3.4e+38 498 519 530 551 549 574 566 577 549 544 546 528 501 481 481 -3.4e+38 -3.4e+38 -3.4e+38 -3.4e+38 -3.4e+38 -3.4e+38 476 484 489 502 500 495 490 498 521 533 549 559 571 553 521 508 504 503 513 521 -3.4e+38 -3.4e+38 -3.4e+38 -3.4e+38 -3.4e+38 -3.4e+38 -3.4e+38 -3.4e+38 -3.4e+38 -3.4e+38 -3.4e+38 -3.4e+38 -3.4e+38
532 531 564 561 542 540 559 533 535 570 519 523 502 493 -3.4e+38 -3.4e+38 -3.4e+38 -3.4e+38 -3.4e+38 502 522 533 546 547 560 567 576 574 539 531 528 500 484 475 -3.4e+38 -3.4e+38 -3.4e+38 -3.4e+38 -3.4e+38 -3.4e+38 479 501 506 505 507 500 523 532 523 559 593 588 555 543 516 515 507 -3.4e+38 -3.4e+38 -3.4e+38 -3.4e+38 -3.4e+38 -3.4e+38 -3.4e+38 -3.4e+38 -3.4e+38 -3.4e+38 -3.4e+38 -3.4e+38 -3.4e+38 -3.4e+38 -3.4e+38 -3.4e+38
530 529 536 531 530 539 560 538 537 550 549 513 497 489 -3.4e+38 -3.4e+38 -3.4e+38 -3.4e+38 -3.4e+38 503 522 526 549 554 556 558 551 537 548 533 497 490 481 -3.4e+38 -3.4e+38 -3.4e+38 -3.4e+38 -3.4e+38 -3.4e+38 -3.4e+38 481 496 497 507 515 515 523 551 555 594 608 578 559 529 531 514 499 -3.4e+38 -3.4e+38 -3.4e+38 -3.4e+38 -3.4e+38 -3.4e+38 -3.4e+38 -3.4e+38 -3.4e+38 -3.4e+38 -3.4e+38 -3.4e+38 -3.4e+38 -3.4e+38 -3.4e+38 -3.4e+38
519 529 520 528 535 554 543 555 555 540 524 500 498 486 -3.4e+38 -3.4e+38 -3.4e+38 -3.4e+38 -3.4e+38 502 526 543 545 545 572 573 561 541 538 539 526 506 -3.4e+38 -3.4e+38 -3.4e+38 -3.4e+38 -3.4e+38 -3.4e+38 -3.4e+38 -3.4e+38 483 483 495 506 516 543 556 555 571 625 611 599 558 540 531 515 511 -3.4e+38 -3.4e+38 -3.4e+38 -3.4e+38 -3.4e+38 -3.4e+38 -3.4e+38 -3.4e+38 -3.4e+38 -3.4e+38 -3.4e+38 -3.4e+38 -3.4e+38 -3.4e+38 -3.4e+38 -3.4e+38
512 515 529 547 551 564 579 587 559 528 526 508 518 495 -3.4e+38 -3.4e+38 -3.4e+38 -3.4e+38 -3.4e+38 505 527 521 528 563 568 585 573 553 546 525 510 492 -3.4e+38 -3.4e+38 -3.4e+38 -3.4e+38 -3.4e+38 -3.4e+38 -3.4e+38 -3.4e+38 482 483 516 534 556 584 576 578 585 624 621 587 559 540 533 508 524 510 -3.4e+38 -3.4e+38 -3.4e+38 -3.4e+38 -3.4e+38 -3.4e+38 -3.4e+38 -3.4e+38 -3.4e+38 -3.4e+38 -3.4e+38 -3.4e+38 -3.4e+38 -3.4e+38 -3.4e+38
521 520 550 566 570 566 602 610 575 562 533 527 510 508 -3.4e+38 -3.4e+38 -3.4e+38 -3.4e+38 -3.4e+38 506 520 524 517 528 551 563 576 564 537 521 497 490 -3.4e+38 -3.4e+38 -3.4e+38 -3.4e+38 -3.4e+38 -3.4e+38 -3.4e+38 -3.4e+38 485 499 517 550 576 621 616 581 615 642 615 566 537 534 527 531 540 523 -3.4e+38 -3.4e+38 -3.4e+38 -3.4e+38 -3.4e+38 -3.4e+38 -3.4e+38 -3.4e+38 -3.4e+38 -3.4e+38 -3.4e+38 -3.4e+38 -3.4e+38 -3.4e+38 -3.4e+38
534 543 550 560 571 581 609 618 590 570 559 537 512 499 505 -3.4e+38 -3.4e+38 -3.4e+38 -3.4e+38 507 509 505 509 512 531 561 570 565 536 511 496 489 -3.4e+38 -3.4e+38 -3.4e+38 -3.4e+38 -3.4e+38 -3.4e+38 -3.4e+38 -3.4e+38 490 500 519 553 572 601 634 613 618 593 579 573 555 545 522 535 563 537 524 -3.4e+38 -3.4e+38 -3.4e+38 -3.4e+38 -3.4e+38 -3.4e+38 -3.4e+38 -3.4e+38 -3.4e+38 -3.4e+38 -3.4e+38 -3.4e+38 -3.4e+38 -3.4e+38
535 536 542 549 572 584 623 642 594 551 547 542 534 502 498 -3.4e+38 -3.4e+38 -3.4e+38 -3.4e+38 517 511 506 518 548 556 552 564 550 538 520 500 -3.4e+38 -3.4e+38 -3.4e+38 -3.4e+38 -3.4e+38 -3.4e+38 -3.4e+38 -3.4e+38 -3.4e+38 501 506 506 528 548 608 630 659 628 595 590 565 547 532 530 543 564 543 526 -3.4e+38 -3.4e+38 -3.4e+38 -3.4e+38 -3.4e+38 -3.4e+38 -3.4e+38 -3.4e+38 -3.4e+38 -3.4e+38 -3.4e+38 -3.4e+38 -3.4e+38 -3.4e+38
536 538 551 577 586 664 626 603 588 551 535 517 503 523 518 510 -3.4e+38 -3.4e+38 -3.4e+38 516 522 526 537 550 564 560 548 549 534 514 499 -3.4e+38 -3.4e+38 -3.4e+38 -3.4e+38 -3.4e+38 -3.4e+38 -3.4e+38 -3.4e+38 493 501 506 535 559 584 616 629 647 635 629 600 566 546 541 541 560 530 536 521 -3.4e+38 -3.4e+38 -3.4e+38 -3.4e+38 -3.4e+38 -3.4e+38 -3.4e+38 -3.4e+38 -3.4e+38 -3.4e+38 -3.4e+38 -3.4e+38 -3.4e+38 -3.4e+38
538 545 571 586 624 636 608 590 576 557 547 522 513 538 540 507 -3.4e+38 -3.4e+38 -3.4e+38 508 520 532 544 565 566 556 554 548 530 503 489 -3.4e+38 -3.4e+38 -3.4e+38 -3.4e+38 -3.4e+38 -3.4e+38 -3.4e+38 486 500 520 535 567 576 599 616 649 650 644 627 620 580 546 583 576 534 526 534 525 -3.4e+38 -3.4e+38 -3.4e+38 -3.4e+38 -3.4e+38 -3.4e+38 -3.4e+38 -3.4e+38 -3.4e+38 -3.4e+38 -3.4e+38 -3.4e+38 -3.4e+38 -3.4e+38
547 560 570 584 598 587 578 580 560 560 544 524 516 526 522 508 -3.4e+38 -3.4e+38 -3.4e+38 507 512 509 518 546 569 559 541 530 518 505 488 -3.4e+38 -3.4e+38 -3.4e+38 -3.4e+38 -3.4e+38 -3.4e+38 -3.4e+38 491 500 512 559 572 613 618 641 639 664 634 624 599 571 567 593 569 552 538 527 526 -3.4e+38 -3.4e+38 -3.4e+38 -3.4e+38 -3.4e+38 -3.4e+38 -3.4e+38 -3.4e+38 -3.4e+38 -3.4e+38 -3.4e+38 -3.4e+38 -3.4e+38 -3.4e+38
558 562 570 572 577 572 568 566 556 544 548 539 516 509 515 509 -3.4e+38 -3.4e+38 504 507 523 533 530 560 557 554 538 533 524 507 495 -3.4e+38 -3.4e+38 -3.4e+38 -3.4e+38 -3.4e+38 -3.4e+38 492 502 505 527 561 587 586 617 625 650 627 602 605 601 597 590 604 579 554 543 528 522 -3.4e+38 -3.4e+38 -3.4e+38 -3.4e+38 -3.4e+38 -3.4e+38 -3.4e+38 -3.4e+38 -3.4e+38 -3.4e+38 -3.4e+38 -3.4e+38 -3.4e+38 -3.4e+38
602 572 570 575 568 567 567 547 545 550 553 541 529 521 523 514 -3.4e+38 -3.4e+38 516 544 539 541 548 553 558 549 545 540 526 509 499 489 -3.4e+38 -3.4e+38 -3.4e+38 -3.4e+38 -3.4e+38 497 506 518 515 540 546 594 606 641 633 616 599 604 606 585 569 594 550 545 533 526 515 -3.4e+38 -3.4e+38 -3.4e+38 -3.4e+38 -3.4e+38 -3.4e+38 -3.4e+38 -3.4e+38 -3.4e+38 -3.4e+38 -3.4e+38 -3.4e+38 -3.4e+38 -3.4e+38
604 596 572 561 557 563 571 546 540 550 546 532 530 525 526 510 -3.4e+38 504 512 528 526 525 543 532 544 552 546 554 533 516 499 489 -3.4e+38 -3.4e+38 -3.4e+38 -3.4e+38 -3.4e+38 496 507 522 520 556 562 569 611 622 601 582 597 599 609 615 567 545 545 544 532 517 527 -3.4e+38 -3.4e+38 -3.4e+38 -3.4e+38 -3.4e+38 -3.4e+38 -3.4e+38 -3.4e+38 -3.4e+38 -3.4e+38 -3.4e+38 -3.4e+38 -3.4e+38 -3.4e+38
605 599 560 597 569 560 569 549 536 540 529 521 510 524 518 -3.4e+38 512 501 508 512 519 526 525 527 528 539 547 539 528 519 513 500 486 -3.4e+38 -3.4e+38 -3.4e+38 -3.4e+38 513 521 517 531 533 543 563 569 576 568 574 597 602 608 574 568 571 547 535 544 536 528 -3.4e+38 -3.4e+38 -3.4e+38 -3.4e+38 -3.4e+38 -3.4e+38 -3.4e+38 -3.4e+38 -3.4e+38 -3.4e+38 -3.4e+38 -3.4e+38 -3.4e+38 -3.4e+38
573 595 549 579 582 554 557 551 530 525 522 509 -3.4e+38 -3.4e+38 -3.4e+38 511 504 503 510 511 516 520 519 522 535 546 555 578 557 530 516 502 489 -3.4e+38 -3.4e+38 -3.4e+38 500 507 509 512 519 520 532 543 545 554 568 595 605 600 609 591 588 574 542 545 548 553 529 -3.4e+38 -3.4e+38 -3.4e+38 -3.4e+38 -3.4e+38 -3.4e+38 -3.4e+38 -3.4e+38 -3.4e+38 -3.4e+38 -3.4e+38 -3.4e+38 -3.4e+38 -3.4e+38
557 555 551 560 591 549 551 533 526 521 513 502 -3.4e+38 518 520 521 505 503 512 539 526 521 516 515 523 546 543 557 546 542 518 504 -3.4e+38 -3.4e+38 -3.4e+38 -3.4e+38 499 502 504 513 527 535 545 545 557 563 583 603 614 579 595 580 589 583 559 560 -3.4e+38 -3.4e+38 -3.4e+38 -3.4e+38 -3.4e+38 -3.4e+38 -3.4e+38 -3.4e+38 -3.4e+38 -3.4e+38 -3.4e+38 -3.4e+38 -3.4e+38 -3.4e+38 -3.4e+38 -3.4e+38 -3.4e+38
559 549 564 579 558 549 542 555 540 516 -3.4e+38 -3.4e+38 -3.4e+38 517 513 503 523 515 536 542 527 519 516 511 514 537 531 534 547 512 503 491 -3.4e+38 -3.4e+38 -3.4e+38 498 504 514 528 518 537 543 543 546 547 559 587 598 596 581 582 575 581 576 569 -3.4e+38 -3.4e+38 -3.4e+38 -3.4e+38 -3.4e+38 -3.4e+38 -3.4e+38 -3.4e+38 -3.4e+38 -3.4e+38 -3.4e+38 -3.4e+38 -3.4e+38 -3.4e+38 -3.4e+38 -3.4e+38 -3.4e+38 -3.4e+38
545 554 567 553 550 548 546 552 523 -3.4e+38 -3.4e+38 -3.4e+38 508 510 513 514 519 530 524 532 527 520 514 505 509 530 528 527 532 507 498 -3.4e+38 -3.4e+38 -3.4e+38 -3.4e+38 506 508 517 543 558 552 537 539 538 547 549 558 574 594 568 576 583 601 579 572 -3.4e+38 -3.4e+38 -3.4e+38 -3.4e+38 -3.4e+38 -3.4e+38 -3.4e+38 -3.4e+38 -3.4e+38 -3.4e+38 -3.4e+38 -3.4e+38 -3.4e+38 -3.4e+38 -3.4e+38 -3.4e+38 -3.4e+38 -3.4e+38
-3.4e+38 550 568 551 558 546 546 551 -3.4e+38 -3.4e+38 -3.4e+38 -3.4e+38 517 516 514 516 511 531 527 533 528 519 507 513 504 517 535 504 506 508 508 497 512 500 510 513 516 522 533 546 539 531 548 539 540 539 557 549 557 557 582 576 588 571 567 -3.4e+38 -3.4e+38 -3.4e+38 -3.4e+38 -3.4e+38 -3.4e+38 -3.4e+38 -3.4e+38 -3.4e+38 -3.4e+38 -3.4e+38 -3.4e+38 -3.4e+38 -3.4e+38 -3.4e+38 -3.4e+38 -3.4e+38 -3.4e+38
-3.4e+38 550 561 549 547 540 554 526 519 -3.4e+38 -3.4e+38 -3.4e+38 530 528 529 511 510 520 519 519 522 512 507 505 507 507 508 511 502 505 501 512 513 512 512 525 536 558 536 543 536 540 546 539 538 545 550 539 543 560 567 563 565 573 561 -3.4e+38 -3.4e+38 -3.4e+38 -3.4e+38 -3.4e+38 -3.4e+38 -3.4e+38 -3.4e+38 -3.4e+38 -3.4e+38 -3.4e+38 -3.4e+38 -3.4e+38 -3.4e+38 -3.4e+38 -3.4e+38 -3.4e+38 -3.4e+38
-3.4e+38 544 542 549 540 540 547 537 525 526 517 520 530 532 540 513 522 527 525 520 519 511 512 522 506 528 524 542 522 507 512 515 519 515 517 539 552 537 564 564 549 546 542 531 528 -3.4e+38 539 534 529 549 558 550 565 555 547 -3.4e+38 -3.4e+38 -3.4e+38 -3.4e+38 -3.4e+38 -3.4e+38 -3.4e+38 -3.4e+38 -3.4e+38 -3.4e+38 -3.4e+38 -3.4e+38 -3.4e+38 -3.4e+38 -3.4e+38 -3.4e+38 -3.4e+38 -3.4e+38
-3.4e+38 -3.4e+38 543 539 538 541 547 552 558 556 525 525 554 537 535 509 529 527 523 524 515 512 518 521 509 544 547 545 510 508 504 504 506 516 538 540 529 530 570 563 544 546 543 537 -3.4e+38 -3.4e+38 -3.4e+38 -3.4e+38 -3.4e+38 532 543 545 549 551 -3.4e+38 -3.4e+38 -3.4e+38 -3.4e+38 -3.4e+38 -3.4e+38 -3.4e+38 -3.4e+38 -3.4e+38 -3.4e+38 -3.4e+38 -3.4e+38 -3.4e+38 -3.4e+38 -3.4e+38 -3.4e+38 -3.4e+38 -3.4e+38 -3.4e+38
-3.4e+38 -3.4e+38 -3.4e+38 543 551 541 548 548 560 552 535 538 556 544 534 531 522 530 521 526 518 513 522 539 524 543 540 535 524 526 508 520 519 511 533 544 542 539 553 546 547 544 545 532 -3.4e+38 -3.4e+38 -3.4e+38 -3.4e+38 -3.4e+38 -3.4e+38 531 532 539 545 -3.4e+38 -3.4e+38 -3.4e+38 -3.4e+38 -3.4e+38 -3.4e+38 -3.4e+38 -3.4e+38 -3.4e+38 -3.4e+38 -3.4e+38 -3.4e+38 -3.4e+38 -3.4e+38 -3.4e+38 -3.4e+38 -3.4e+38 -3.4e+38 -3.4e+38
-3.4e+38 -3.4e+38 545 549 548 549 551 549 555 552 540 549 564 547 526 521 522 527 522 520 517 525 523 541 531 553 562 557 533 533 523 520 521 551 544 548 572 555 539 537 548 547 540 -3.4e+38 -3.4e+38 -3.4e+38 -3.4e+38 -3.4e+38 -3.4e+38 -3.4e+38 -3.4e+38 -3.4e+38 -3.4e+38 -3.4e+38 -3.4e+38 -3.4e+38 -3.4e+38 -3.4e+38 -3.4e+38 -3.4e+38 -3.4e+38 -3.4e+38 -3.4e+38 -3.4e+38 -3.4e+38 -3.4e+38 -3.4e+38 -3.4e+38 -3.4e+38 -3.4e+38 -3.4e+38 -3.4e+38 -3.4e+38
-3.4e+38 545 553 562 551 551 559 561 566 550 540 559 558 544 528 519 532 524 522 521 521 536 524 531 535 554 567 588 541 555 538 547 524 534 574 559 573 590 559 548 550 537 -3.4e+38 -3.4e+38 -3.4e+38 -3.4e+38 -3.4e+38 -3.4e+38 -3.4e+38 -3.4e+38 -3.4e+38 -3.4e+38 -3.4e+38 -3.4e+38 -3.4e+38 -3.4e+38 -3.4e+38 -3.4e+38 -3.4e+38 -3.4e+38 -3.4e+38 -3.4e+38 -3.4e+38 -3.4e+38 -3.4e+38 -3.4e+38 -3.4e+38 -3.4e+38 -3.4e+38 -3.4e+38 -3.4e+38 -3.4e+38 -3.4e+38
-3.4e+38 552 555 570 560 555 563 575 582 563 552 563 553 548 541 516 513 529 510 517 527 541 528 533 535 566 590 563 541 553 591 570 524 527 550 576 587 588 556 563 543 539 -3.4e+38 -3.4e+38 -3.4e+38 -3.4e+38 -3.4e+38 -3.4e+38 -3.4e+38 -3.4e+38 -3.4e+38 -3.4e+38 -3.4e+38 -3.4e+38 -3.4e+38 -3.4e+38 -3.4e+38 -3.4e+38 -3.4e+38 -3.4e+38 -3.4e+38 -3.4e+38 -3.4e+38 -3.4e+38 -3.4e+38 -3.4e+38 -3.4e+38 -3.4e+38 -3.4e+38 -3.4e+38 -3.4e+38 -3.4e+38 -3.4e+38
550 551 557 557 583 570 564 576 577 574 574 572 584 555 552 532 516 508 513 527 537 537 534 544 569 593 577 567 552 566 576 568 538 529 532 591 582 577 578 578 554 541 -3.4e+38 -3.4e+38 -3.4e+38 -3.4e+38 -3.4e+38 -3.4e+38 -3.4e+38 -3.4e+38 -3.4e+38 -3.4e+38 -3.4e+38 -3.4e+38 -3.4e+38 -3.4e+38 -3.4e+38 -3.4e+38 -3.4e+38 -3.4e+38 -3.4e+38 -3.4e+38 -3.4e+38 -3.4e+38 -3.4e+38 -3.4e+38 -3.4e+38 -3.4e+38 -3.4e+38 -3.4e+38 -3.4e+38 -3.4e+38 -3.4e+38
555 573 558 567 574 590 574 577 576 578 586 578 553 554 539 532 522 509 513 542 530 535 537 548 560 580 593 585 557 570 584 567 554 534 534 553 591 590 573 567 578 545 -3.4e+38 -3.4e+38 -3.4e+38 -3.4e+38 -3.4e+38 -3.4e+38 -3.4e+38 -3.4e+38 -3.4e+38 -3.4e+38 -3.4e+38 -3.4e+38 -3.4e+38 -3.4e+38 -3.4e+38 -3.4e+38 -3.4e+38 -3.4e+38 -3.4e+38 -3.4e+38 -3.4e+38 -3.4e+38 -3.4e+38 -3.4e+38 -3.4e+38 -3.4e+38 -3.4e+38 -3.4e+38 -3.4e+38 -3.4e+38 -3.4e+38
560 575 573 600 605 571 577 581 581 591 605 588 566 547 532 526 520 534 522 532 531 530 533 550 563 577 594 571 572 586 585 587 561 550 540 548 592 583 578 576 565 554 -3.4e+38 -3.4e+38 -3.4e+38 -3.4e+38 -3.4e+38 -3.4e+38 -3.4e+38 -3.4e+38 -3.4e+38 -3.4e+38 -3.4e+38 -3.4e+38 -3.4e+38 -3.4e+38 -3.4e+38 -3.4e+38 -3.4e+38 -3.4e+38 -3.4e+38 -3.4e+38 -3.4e+38 -3.4e+38 -3.4e+38 -3.4e+38 -3.4e+38 -3.4e+38 -3.4e+38 -3.4e+38 -3.4e+38 -3.4e+38 -3.4e+38
