data/bioclim/MAP1.asc
NCOLS 391 
NROWS 575 
XLLCORNER -1773000 
YLLCORNER 4368000 
CELLSIZE 1000 
NODATA_value -3.4e+38 
[rows 288 to 319 of 575, columns 146 to 218 of 391]
533 522 -3.4e+38 -3.4e+38 -3.4e+38 -3.4e+38 -3.4e+38 -3.4e+38 -3.4e+38 -3.4e+38 -3.4e+38 -3.4e+38 496 501 516 554 538 539 557 564 570 558 558 553 537 525 521 511 507 502 502 492 485 487 473 483 493 481 467 477 -3.4e+38 -3.4e+38 -3.4e+38 -3.4e+38 -3.4e+38 474 474 489 502 505 511 532 510 496 483 481 505 543 565 583 590 588 567 512 478 459 456 456 -3.4e+38 -3.4e+38 -3.4e+38 -3.4e+38 -3.4e+38
541 531 -3.4e+38 -3.4e+38 -3.4e+38 -3.4e+38 -3.4e+38 -3.4e+38 -3.4e+38 -3.4e+38 -3.4e+38 -3.4e+38 500 513 527 536 539 545 542 571 573 558 566 548 529 526 525 535 519 523 518 518 489 488 489 488 468 453 464 469 475 -3.4e+38 -3.4e+38 -3.4e+38 -3.4e+38 465 475 493 495 506 511 518 504 468 466 485 509 530 565 573 573 542 535 518 474 487 461 456 -3.4e+38 -3.4e+38 -3.4e+38 -3.4e+38 -3.4e+38
537 532 528 -3.4e+38 -3.4e+38 -3.4e+38 -3.4e+38 -3.4e+38 -3.4e+38 -3.4e+38 -3.4e+38 -3.4e+38 500 506 530 528 538 542 541 554 545 547 543 554 545 537 541 536 547 534 522 542 512 511 509 502 505 467 463 462 475 -3.4e+38 -3.4e+38 -3.4e+38 -3.4e+38 469 476 486 480 490 511 493 475 465 464 484 483 520 547 572 593 544 546 507 509 485 474 462 -3.4e+38 -3.4e+38 -3.4e+38 -3.4e+38 -3.4e+38
537 531 520 -3.4e+38 -3.4e+38 -3.4e+38 -3.4e+38 -3.4e+38 -3.4e+38 -3.4e+38 -3.4e+38 -3.4e+38 -3.4e+38 503 521 531 542 525 541 539 537 543 550 554 549 539 541 545 548 544 540 540 515 512 516 518 472 473 459 461 469 -3.4e+38 -3.4e+38 -3.4e+38 -3.4e+38 -3.4e+38 476 475 492 499 492 491 476 465 462 464 483 504 563 588 568 545 548 533 514 503 488 482 -3.4e+38 -3.4e+38 -3.4e+38 -3.4e+38 -3.4e+38
561 547 542 510 -3.4e+38 -3.4e+38 -3.4e+38 -3.4e+38 -3.4e+38 -3.4e+38 -3.4e+38 -3.4e+38 -3.4e+38 -3.4e+38 529 544 534 524 539 527 533 547 543 557 544 532 529 538 545 543 542 538 521 519 514 511 510 461 484 473 469 -3.4e+38 -3.4e+38 -3.4e+38 -3.4e+38 -3.4e+38 -3.4e+38 490 490 491 491 475 469 463 467 470 505 520 548 570 552 535 543 541 528 516 492 477 -3.4e+38 -3.4e+38 -3.4e+38 -3.4e+38 -3.4e+38
591 560 541 517 -3.4e+38 -3.4e+38 -3.4e+38 -3.4e+38 -3.4e+38 -3.4e+38 -3.4e+38 -3.4e+38 -3.4e+38 -3.4e+38 519 528 524 522 520 526 533 541 542 534 534 548 539 529 527 554 543 515 515 511 491 502 471 455 462 466 469 -3.4e+38 -3.4e+38 -3.4e+38 -3.4e+38 -3.4e+38 475 483 489 481 477 -3.4e+38 -3.4e+38 -3.4e+38 470 465 484 518 536 552 541 511 533 520 511 489 488 479 -3.4e+38 -3.4e+38 -3.4e+38 -3.4e+38 -3.4e+38
592 569 565 533 -3.4e+38 -3.4e+38 -3.4e+38 -3.4e+38 -3.4e+38 -3.4e+38 -3.4e+38 -3.4e+38 -3.4e+38 -3.4e+38 -3.4e+38 509 512 518 525 525 526 528 534 531 535 539 540 532 518 530 540 514 492 509 491 492 491 469 459 464 -3.4e+38 -3.4e+38 -3.4e+38 -3.4e+38 -3.4e+38 -3.4e+38 -3.4e+38 -3.4e+38 -3.4e+38 -3.4e+38 -3.4e+38 -3.4e+38 -3.4e+38 -3.4e+38 462 474 488 521 538 545 526 526 524 520 509 499 498 -3.4e+38 -3.4e+38 -3.4e+38 -3.4e+38 -3.4e+38 -3.4e+38
564 550 544 540 -3.4e+38 -3.4e+38 -3.4e+38 -3.4e+38 -3.4e+38 -3.4e+38 -3.4e+38 -3.4e+38 -3.4e+38 -3.4e+38 -3.4e+38 507 502 539 524 526 530 540 528 538 541 552 534 531 513 508 505 525 523 516 494 465 478 469 465 460 -3.4e+38 -3.4e+38 -3.4e+38 -3.4e+38 -3.4e+38 -3.4e+38 -3.4e+38 -3.4e+38 -3.4e+38 -3.4e+38 -3.4e+38 -3.4e+38 -3.4e+38 -3.4e+38 -3.4e+38 475 483 514 542 517 501 525 527 521 510 495 494 -3.4e+38 -3.4e+38 -3.4e+38 -3.4e+38 -3.4e+38 -3.4e+38
567 564 546 542 -3.4e+38 -3.4e+38 -3.4e+38 -3.4e+38 -3.4e+38 -3.4e+38 -3.4e+38 -3.4e+38 -3.4e+38 -3.4e+38 -3.4e+38 507 502 524 541 540 543 537 531 538 553 549 535 536 537 532 506 499 498 497 494 494 472 -3.4e+38 -3.4e+38 -3.4e+38 -3.4e+38 -3.4e+38 -3.4e+38 -3.4e+38 -3.4e+38 -3.4e+38 -3.4e+38 -3.4e+38 -3.4e+38 -3.4e+38 -3.4e+38 -3.4e+38 -3.4e+38 -3.4e+38 459 483 552 518 541 513 498 522 525 511 496 493 -3.4e+38 -3.4e+38 -3.4e+38 -3.4e+38 -3.4e+38 -3.4e+38 -3.4e+38
555 546 541 525 -3.4e+38 -3.4e+38 -3.4e+38 -3.4e+38 -3.4e+38 -3.4e+38 -3.4e+38 -3.4e+38 -3.4e+38 -3.4e+38 -3.4e+38 504 501 513 525 526 537 538 543 555 554 558 555 555 538 530 535 530 508 496 494 496 490 483 -3.4e+38 -3.4e+38 -3.4e+38 -3.4e+38 -3.4e+38 -3.4e+38 -3.4e+38 -3.4e+38 -3.4e+38 -3.4e+38 -3.4e+38 -3.4e+38 -3.4e+38 -3.4e+38 -3.4e+38 -3.4e+38 477 530 553 525 528 510 500 514 507 499 -3.4e+38 -3.4e+38 -3.4e+38 -3.4e+38 -3.4e+38 -3.4e+38 -3.4e+38 -3.4e+38 -3.4e+38
568 551 545 528 -3.4e+38 -3.4e+38 -3.4e+38 -3.4e+38 -3.4e+38 -3.4e+38 -3.4e+38 -3.4e+38 -3.4e+38 -3.4e+38 -3.4e+38 494 500 517 520 540 542 548 556 557 556 560 578 556 534 537 515 509 507 514 490 473 472 465 -3.4e+38 -3.4e+38 -3.4e+38 -3.4e+38 -3.4e+38 -3.4e+38 -3.4e+38 -3.4e+38 -3.4e+38 -3.4e+38 -3.4e+38 -3.4e+38 -3.4e+38 -3.4e+38 -3.4e+38 -3.4e+38 480 506 570 585 550 521 -3.4e+38 -3.4e+38 502 -3.4e+38 -3.4e+38 -3.4e+38 -3.4e+38 -3.4e+38 -3.4e+38 -3.4e+38 -3.4e+38 -3.4e+38 -3.4e+38
559 560 548 530 -3.4e+38 -3.4e+38 -3.4e+38 -3.4e+38 -3.4e+38 -3.4e+38 -3.4e+38 -3.4e+38 -3.4e+38 -3.4e+38 -3.4e+38 493 508 542 537 537 540 552 565 570 556 553 552 557 556 533 546 496 483 484 503 498 499 492 -3.4e+38 -3.4e+38 -3.4e+38 -3.4e+38 -3.4e+38 -3.4e+38 -3.4e+38 -3.4e+38 -3.4e+38 -3.4e+38 -3.4e+38 -3.4e+38 -3.4e+38 -3.4e+38 -3.4e+38 -3.4e+38 469 506 572 601 552 526 503 -3.4e+38 -3.4e+38 -3.4e+38 -3.4e+38 -3.4e+38 -3.4e+38 -3.4e+38 -3.4e+38 -3.4e+38 -3.4e+38 -3.4e+38 -3.4e+38
556 552 539 521 -3.4e+38 -3.4e+38 -3.4e+38 -3.4e+38 -3.4e+38 -3.4e+38 -3.4e+38 -3.4e+38 -3.4e+38 -3.4e+38 491 501 508 524 543 544 558 545 556 580 559 558 560 559 543 534 513 505 516 502 484 480 477 476 -3.4e+38 -3.4e+38 -3.4e+38 -3.4e+38 -3.4e+38 -3.4e+38 -3.4e+38 -3.4e+38 -3.4e+38 -3.4e+38 -3.4e+38 -3.4e+38 -3.4e+38 -3.4e+38 -3.4e+38 -3.4e+38 470 509 549 585 595 568 509 -3.4e+38 -3.4e+38 -3.4e+38 -3.4e+38 -3.4e+38 -3.4e+38 -3.4e+38 -3.4e+38 -3.4e+38 -3.4e+38 -3.4e+38 -3.4e+38
555 562 572 546 522 -3.4e+38 -3.4e+38 -3.4e+38 -3.4e+38 -3.4e+38 -3.4e+38 -3.4e+38 -3.4e+38 -3.4e+38 492 499 510 522 523 526 559 573 570 580 561 560 543 540 538 534 513 496 500 500 475 470 463 462 -3.4e+38 -3.4e+38 -3.4e+38 -3.4e+38 -3.4e+38 -3.4e+38 -3.4e+38 -3.4e+38 -3.4e+38 -3.4e+38 -3.4e+38 -3.4e+38 -3.4e+38 -3.4e+38 -3.4e+38 -3.4e+38 -3.4e+38 511 534 572 604 634 551 512 518 493 479 -3.4e+38 -3.4e+38 -3.4e+38 -3.4e+38 -3.4e+38 -3.4e+38 -3.4e+38 -3.4e+38
547 556 553 554 526 524 -3.4e+38 -3.4e+38 -3.4e+38 -3.4e+38 -3.4e+38 -3.4e+38 -3.4e+38 -3.4e+38 -3.4e+38 498 513 509 522 539 564 553 566 584 563 549 541 535 539 518 497 484 479 487 487 481 479 463 -3.4e+38 -3.4e+38 -3.4e+38 -3.4e+38 -3.4e+38 -3.4e+38 -3.4e+38 -3.4e+38 -3.4e+38 -3.4e+38 -3.4e+38 -3.4e+38 -3.4e+38 -3.4e+38 -3.4e+38 -3.4e+38 -3.4e+38 509 545 576 617 648 538 529 506 499 482 -3.4e+38 -3.4e+38 -3.4e+38 -3.4e+38 -3.4e+38 -3.4e+38 -3.4e+38 -3.4e+38
554 543 547 555 529 524 523 -3.4e+38 -3.4e+38 -3.4e+38 -3.4e+38 -3.4e+38 -3.4e+38 -3.4e+38 -3.4e+38 498 503 509 523 529 545 566 585 585 583 561 543 535 524 511 501 496 502 481 479 479 458 464 450 -3.4e+38 -3.4e+38 -3.4e+38 -3.4e+38 -3.4e+38 -3.4e+38 -3.4e+38 -3.4e+38 -3.4e+38 -3.4e+38 -3.4e+38 -3.4e+38 -3.4e+38 -3.4e+38 -3.4e+38 -3.4e+38 495 518 563 652 597 558 543 525 495 481 -3.4e+38 -3.4e+38 -3.4e+38 -3.4e+38 -3.4e+38 -3.4e+38 -3.4e+38 -3.4e+38
565 555 543 554 554 529 526 508 -3.4e+38 -3.4e+38 -3.4e+38 -3.4e+38 -3.4e+38 -3.4e+38 -3.4e+38 498 497 510 520 521 530 544 569 580 567 562 550 545 528 513 508 508 493 488 481 477 469 454 454 448 -3.4e+38 -3.4e+38 -3.4e+38 -3.4e+38 -3.4e+38 -3.4e+38 -3.4e+38 -3.4e+38 -3.4e+38 -3.4e+38 -3.4e+38 -3.4e+38 -3.4e+38 -3.4e+38 -3.4e+38 502 545 585 629 624 566 533 541 509 481 479 -3.4e+38 -3.4e+38 -3.4e+38 -3.4e+38 -3.4e+38 -3.4e+38 -3.4e+38
560 552 535 536 545 534 527 526 514 -3.4e+38 -3.4e+38 -3.4e+38 -3.4e+38 -3.4e+38 -3.4e+38 494 501 512 510 522 533 550 576 567 569 558 549 539 532 513 513 508 495 494 492 484 481 457 476 457 449 -3.4e+38 -3.4e+38 -3.4e+38 -3.4e+38 -3.4e+38 -3.4e+38 -3.4e+38 -3.4e+38 -3.4e+38 -3.4e+38 -3.4e+38 -3.4e+38 -3.4e+38 -3.4e+38 487 518 579 591 635 585 539 522 496 486 479 -3.4e+38 -3.4e+38 -3.4e+38 -3.4e+38 -3.4e+38 -3.4e+38 -3.4e+38
558 541 544 532 532 547 552 526 535 504 -3.4e+38 -3.4e+38 -3.4e+38 -3.4e+38 -3.4e+38 493 502 535 533 530 537 545 551 568 565 552 552 536 534 539 525 511 506 503 497 482 481 463 475 456 452 -3.4e+38 -3.4e+38 -3.4e+38 -3.4e+38 -3.4e+38 -3.4e+38 -3.4e+38 -3.4e+38 -3.4e+38 -3.4e+38 -3.4e+38 -3.4e+38 -3.4e+38 -3.4e+38 -3.4e+38 497 512 530 599 560 525 512 491 486 474 -3.4e+38 -3.4e+38 -3.4e+38 -3.4e+38 -3.4e+38 -3.4e+38 -3.4e+38
550 539 533 529 533 532 543 531 523 498 -3.4e+38 -3.4e+38 -3.4e+38 -3.4e+38 -3.4e+38 -3.4e+38 505 519 547 545 532 533 551 560 555 553 538 538 534 528 531 536 526 534 522 502 472 482 479 476 453 -3.4e+38 -3.4e+38 -3.4e+38 -3.4e+38 -3.4e+38 -3.4e+38 -3.4e+38 -3.4e+38 -3.4e+38 -3.4e+38 -3.4e+38 -3.4e+38 -3.4e+38 -3.4e+38 -3.4e+38 472 502 558 598 576 540 514 511 495 481 -3.4e+38 -3.4e+38 -3.4e+38 -3.4e+38 -3.4e+38 -3.4e+38 -3.4e+38
554 543 541 541 535 528 529 534 529 517 -3.4e+38 -3.4e+38 -3.4e+38 -3.4e+38 -3.4e+38 -3.4e+38 504 511 515 538 514 534 533 547 544 536 534 538 519 515 515 515 515 536 511 504 482 -3.4e+38 -3.4e+38 -3.4e+38 -3.4e+38 -3.4e+38 -3.4e+38 -3.4e+38 -3.4e+38 -3.4e+38 -3.4e+38 -3.4e+38 -3.4e+38 -3.4e+38 -3.4e+38 -3.4e+38 -3.4e+38 -3.4e+38 -3.4e+38 -3.4e+38 490 514 548 595 601 576 547 511 489 -3.4e+38 -3.4e+38 -3.4e+38 -3.4e+38 -3.4e+38 -3.4e+38 -3.4e+38 -3.4e+38
546 537 537 532 534 529 528 523 542 503 -3.4e+38 -3.4e+38 -3.4e+38 -3.4e+38 -3.4e+38 -3.4e+38 -3.4e+38 503 515 526 525 526 533 534 535 530 534 531 527 520 514 517 521 540 512 505 -3.4e+38 -3.4e+38 -3.4e+38 -3.4e+38 -3.4e+38 -3.4e+38 -3.4e+38 -3.4e+38 -3.4e+38 -3.4e+38 -3.4e+38 -3.4e+38 -3.4e+38 -3.4e+38 -3.4e+38 -3.4e+38 -3.4e+38 -3.4e+38 -3.4e+38 -3.4e+38 483 499 569 577 603 625 548 505 -3.4e+38 -3.4e+38 -3.4e+38 -3.4e+38 -3.4e+38 -3.4e+38 -3.4e+38 -3.4e+38 -3.4e+38
579 539 540 532 532 521 517 520 562 503 -3.4e+38 -3.4e+38 -3.4e+38 -3.4e+38 -3.4e+38 -3.4e+38 -3.4e+38 503 504 515 515 516 533 518 534 522 532 547 535 528 519 502 498 512 513 -3.4e+38 -3.4e+38 -3.4e+38 -3.4e+38 -3.4e+38 -3.4e+38 -3.4e+38 -3.4e+38 -3.4e+38 -3.4e+38 -3.4e+38 -3.4e+38 -3.4e+38 -3.4e+38 -3.4e+38 -3.4e+38 -3.4e+38 -3.4e+38 -3.4e+38 -3.4e+38 -3.4e+38 -3.4e+38 483 528 555 617 591 537 513 -3.4e+38 -3.4e+38 -3.4e+38 -3.4e+38 -3.4e+38 -3.4e+38 -3.4e+38 -3.4e+38 -3.4e+38
654 588 549 552 577 561 563 526 522 528 -3.4e+38 -3.4e+38 -3.4e+38 -3.4e+38 -3.4e+38 -3.4e+38 -3.4e+38 496 504 515 516 508 530 516 514 548 542 560 548 535 544 513 499 492 496 488 -3.4e+38 -3.4e+38 -3.4e+38 -3.4e+38 -3.4e+38 -3.4e+38 -3.4e+38 -3.4e+38 -3.4e+38 -3.4e+38 -3.4e+38 -3.4e+38 -3.4e+38 -3.4e+38 -3.4e+38 -3.4e+38 -3.4e+38 -3.4e+38 -3.4e+38 -3.4e+38 -3.4e+38 515 529 580 619 639 552 517 -3.4e+38 -3.4e+38 -3.4e+38 -3.4e+38 -3.4e+38 -3.4e+38 -3.4e+38 -3.4e+38 -3.4e+38
646 595 581 585 590 585 588 593 544 530 -3.4e+38 -3.4e+38 -3.4e+38 -3.4e+38 -3.4e+38 -3.4e+38 -3.4e+38 492 500 515 517 503 515 509 515 532 542 544 555 579 538 519 502 478 491 483 -3.4e+38 -3.4e+38 -3.4e+38 -3.4e+38 -3.4e+38 -3.4e+38 -3.4e+38 -3.4e+38 -3.4e+38 -3.4e+38 -3.4e+38 -3.4e+38 -3.4e+38 -3.4e+38 -3.4e+38 -3.4e+38 -3.4e+38 -3.4e+38 -3.4e+38 -3.4e+38 -3.4e+38 -3.4e+38 504 543 577 614 563 522 -3.4e+38 -3.4e+38 -3.4e+38 -3.4e+38 -3.4e+38 -3.4e+38 -3.4e+38 -3.4e+38 -3.4e+38
677 619 610 586 590 588 568 582 555 504 -3.4e+38 -3.4e+38 -3.4e+38 -3.4e+38 -3.4e+38 -3.4e+38 -3.4e+38 492 496 512 498 497 509 505 513 522 535 547 550 531 532 524 521 507 468 495 488 470 -3.4e+38 -3.4e+38 -3.4e+38 -3.4e+38 -3.4e+38 -3.4e+38 -3.4e+38 -3.4e+38 -3.4e+38 -3.4e+38 -3.4e+38 -3.4e+38 -3.4e+38 -3.4e+38 -3.4e+38 -3.4e+38 -3.4e+38 -3.4e+38 -3.4e+38 -3.4e+38 503 516 539 614 536 520 -3.4e+38 -3.4e+38 -3.4e+38 -3.4e+38 -3.4e+38 -3.4e+38 -3.4e+38 -3.4e+38 -3.4e+38
626 636 638 594 584 577 537 562 555 496 533 506 -3.4e+38 -3.4e+38 -3.4e+38 -3.4e+38 -3.4e+38 -3.4e+38 496 502 496 496 502 495 507 512 531 532 522 514 529 525 517 500 474 499 495 475 -3.4e+38 -3.4e+38 -3.4e+38 -3.4e+38 -3.4e+38 -3.4e+38 -3.4e+38 -3.4e+38 -3.4e+38 -3.4e+38 -3.4e+38 -3.4e+38 -3.4e+38 -3.4e+38 -3.4e+38 -3.4e+38 -3.4e+38 -3.4e+38 -3.4e+38 484 492 505 526 595 546 526 -3.4e+38 -3.4e+38 -3.4e+38 -3.4e+38 -3.4e+38 -3.4e+38 -3.4e+38 -3.4e+38 -3.4e+38
606 603 603 588 558 589 563 528 534 512 495 501 -3.4e+38 502 499 496 -3.4e+38 -3.4e+38 492 492 494 496 499 493 506 511 528 532 513 512 511 505 503 490 478 498 482 470 464 -3.4e+38 -3.4e+38 -3.4e+38 -3.4e+38 -3.4e+38 -3.4e+38 -3.4e+38 -3.4e+38 -3.4e+38 -3.4e+38 -3.4e+38 -3.4e+38 -3.4e+38 -3.4e+38 -3.4e+38 -3.4e+38 468 478 487 493 504 517 550 541 524 -3.4e+38 -3.4e+38 -3.4e+38 -3.4e+38 -3.4e+38 -3.4e+38 -3.4e+38 -3.4e+38 -3.4e+38
589 592 581 586 576 547 543 535 515 513 490 507 505 515 499 501 489 -3.4e+38 -3.4e+38 -3.4e+38 -3.4e+38 494 487 489 496 510 518 529 511 506 507 503 475 463 476 496 496 470 466 457 -3.4e+38 -3.4e+38 -3.4e+38 -3.4e+38 -3.4e+38 -3.4e+38 -3.4e+38 -3.4e+38 -3.4e+38 -3.4e+38 -3.4e+38 -3.4e+38 -3.4e+38 -3.4e+38 470 470 483 490 501 506 509 525 542 522 -3.4e+38 -3.4e+38 -3.4e+38 -3.4e+38 -3.4e+38 -3.4e+38 -3.4e+38 -3.4e+38 -3.4e+38
586 589 566 585 567 563 539 520 538 509 491 480 525 534 521 502 489 484 496 490 -3.4e+38 489 -3.4e+38 -3.4e+38 491 508 522 527 538 499 504 489 470 458 472 496 487 471 467 459 452 -3.4e+38 -3.4e+38 -3.4e+38 -3.4e+38 -3.4e+38 -3.4e+38 -3.4e+38 -3.4e+38 -3.4e+38 -3.4e+38 -3.4e+38 -3.4e+38 467 472 473 476 482 497 520 509 523 542 530 520 -3.4e+38 -3.4e+38 -3.4e+38 -3.4e+38 -3.4e+38 -3.4e+38 -3.4e+38 -3.4e+38
590 589 576 578 566 567 563 525 530 505 511 489 506 515 515 494 516 478 494 487 -3.4e+38 -3.4e+38 -3.4e+38 -3.4e+38 489 509 555 553 543 520 506 500 478 457 458 478 488 484 447 449 -3.4e+38 -3.4e+38 -3.4e+38 -3.4e+38 -3.4e+38 -3.4e+38 -3.4e+38 -3.4e+38 -3.4e+38 -3.4e+38 -3.4e+38 472 472 469 473 475 478 490 510 534 552 532 552 542 577 519 -3.4e+38 -3.4e+38 -3.4e+38 -3.4e+38 -3.4e+38 -3.4e+38 -3.4e+38
594 589 567 564 578 588 610 555 534 527 522 510 509 502 504 497 500 489 479 484 -3.4e+38 -3.4e+38 -3.4e+38 496 521 522 539 563 530 534 518 498 475 459 452 477 472 464 469 466 -3.4e+38 -3.4e+38 -3.4e+38 -3.4e+38 -3.4e+38 -3.4e+38 -3.4e+38 -3.4e+38 -3.4e+38 -3.4e+38 472 473 477 475 478 476 485 508 503 523 546 563 564 552 578 531 -3.4e+38 -3.4e+38 -3.4e+38 -3.4e+38 -3.4e+38 -3.4e+38 -3.4e+38
