data/bioclim/MAT1.asc
NCOLS 391 
NROWS 575 
XLLCORNER -1773000 
YLLCORNER 4368000 
CELLSIZE 1000 
NODATA_value -3.4e+38 
[rows 325 to 349 of 575, columns 165 to 219 of 391]
19.7999992370605 -3.4e+38 19.2999992370605 19.1000003814697 19.2000007629395 18.7999992370605 18.2999992370605 18.3999996185303 18.2999992370605 18.7999992370605 19.1000003814697 19.3999996185303 19.6000003814697 -3.4e+38 -3.4e+38 -3.4e+38 -3.4e+38 -3.4e+38 -3.4e+38 -3.4e+38 -3.4e+38 -3.4e+38 -3.4e+38 -3.4e+38 -3.4e+38 -3.4e+38 -3.4e+38 -3.4e+38 -3.4e+38 -3.4e+38 -3.4e+38 17.8999996185303 17.8999996185303 17.8999996185303 17.3999996185303 17.8999996185303 17.3999996185303 17 16.7000007629395 16.6000003814697 15.8000001907349 15.3999996185303 12.8999996185303 11.8999996185303 14.5 14.8000001907349 15.5 16.2000007629395 16.7000007629395 -3.4e+38 -3.4e+38 -3.4e+38 -3.4e+38 -3.4e+38 -3.4e+38
19.5 19.2999992370605 19.2000007629395 19.1000003814697 19 19 18.6000003814697 18.5 19.2000007629395 19.1000003814697 19.2999992370605 19.6000003814697 -3.4e+38 -3.4e+38 -3.4e+38 -3.4e+38 -3.4e+38 -3.4e+38 -3.4e+38 -3.4e+38 -3.4e+38 -3.4e+38 -3.4e+38 -3.4e+38 -3.4e+38 -3.4e+38 -3.4e+38 -3.4e+38 -3.4e+38 -3.4e+38 -3.4e+38 18.1000003814697 17.8999996185303 17.5 17.2999992370605 17.2999992370605 17.2999992370605 17.2999992370605 17 16.7000007629395 15.6999998092651 15 13.3999996185303 12.1999998092651 12.8000001907349 13.6999998092651 14.5 15.6000003814697 16.7000007629395 16.7999992370605 -3.4e+38 -3.4e+38 -3.4e+38 -3.4e+38 -3.4e+38
19.7000007629395 19.5 19.2000007629395 19.1000003814697 18.6000003814697 18.8999996185303 19.1000003814697 19 19 19.5 19.6000003814697 -3.4e+38 -3.4e+38 -3.4e+38 -3.4e+38 -3.4e+38 -3.4e+38 -3.4e+38 -3.4e+38 -3.4e+38 -3.4e+38 -3.4e+38 -3.4e+38 -3.4e+38 -3.4e+38 -3.4e+38 -3.4e+38 -3.4e+38 -3.4e+38 -3.4e+38 -3.4e+38 18.2999992370605 17.8999996185303 17.8999996185303 17.2999992370605 17.2999992370605 17.5 17.2000007629395 17.1000003814697 16.5 16.2000007629395 15.5 14.6000003814697 12.1999998092651 12.6000003814697 13.8000001907349 14.6999998092651 15.6999998092651 16.7000007629395 16.7000007629395 17 17.2000007629395 17.2999992370605 -3.4e+38 -3.4e+38
19.6000003814697 19.7000007629395 19.5 19.1000003814697 19 19.1000003814697 19.1000003814697 18.8999996185303 19 19.1000003814697 -3.4e+38 -3.4e+38 -3.4e+38 -3.4e+38 -3.4e+38 -3.4e+38 -3.4e+38 -3.4e+38 -3.4e+38 -3.4e+38 -3.4e+38 -3.4e+38 -3.4e+38 19 18.6000003814697 18.5 18.5 18.5 18.5 18.3999996185303 -3.4e+38 18.3999996185303 18.2000007629395 17.7999992370605 17.8999996185303 17.6000003814697 17.3999996185303 17.5 17.2000007629395 16.8999996185303 16.6000003814697 16.2000007629395 15.1999998092651 13.3000001907349 13.3999996185303 15 15.6000003814697 16.2000007629395 16.6000003814697 16.7000007629395 16.7999992370605 16.8999996185303 17.2999992370605 -3.4e+38 -3.4e+38
19.8999996185303 19.7999992370605 19.6000003814697 19.3999996185303 19.2000007629395 19.1000003814697 19.1000003814697 18.8999996185303 19.6000003814697 -3.4e+38 -3.4e+38 -3.4e+38 -3.4e+38 -3.4e+38 -3.4e+38 -3.4e+38 -3.4e+38 -3.4e+38 -3.4e+38 -3.4e+38 -3.4e+38 -3.4e+38 -3.4e+38 19 19 18.5 18.7000007629395 18.7000007629395 18.6000003814697 18.7000007629395 18.6000003814697 -3.4e+38 18.2999992370605 18.2000007629395 17.7999992370605 17.8999996185303 17.7000007629395 17.2999992370605 17.3999996185303 17.1000003814697 16.6000003814697 16.2000007629395 15.6000003814697 15 15.3999996185303 15.3999996185303 15.8000001907349 16.2000007629395 16.3999996185303 16.7000007629395 16.7000007629395 16.8999996185303 17.2000007629395 -3.4e+38 -3.4e+38
20 19.7000007629395 19.1000003814697 19.3999996185303 19.1000003814697 19.5 19.6000003814697 19.3999996185303 -3.4e+38 -3.4e+38 -3.4e+38 -3.4e+38 -3.4e+38 -3.4e+38 -3.4e+38 -3.4e+38 -3.4e+38 -3.4e+38 -3.4e+38 -3.4e+38 -3.4e+38 19.2999992370605 19.2999992370605 19.2999992370605 19.1000003814697 19 19 19 18.7999992370605 18.5 18.5 -3.4e+38 -3.4e+38 18.1000003814697 18.1000003814697 17.7000007629395 18 17.7000007629395 17.3999996185303 16.2999992370605 15.6999998092651 15.1000003814697 15.3999996185303 15.8000001907349 16 16.2000007629395 16.5 16.2000007629395 16.7000007629395 17 16.8999996185303 17.1000003814697 17.2999992370605 -3.4e+38 -3.4e+38
19.7000007629395 18.8999996185303 18.6000003814697 19.2999992370605 19.6000003814697 19.7000007629395 19.7999992370605 -3.4e+38 -3.4e+38 -3.4e+38 -3.4e+38 -3.4e+38 -3.4e+38 -3.4e+38 -3.4e+38 -3.4e+38 -3.4e+38 -3.4e+38 -3.4e+38 19.6000003814697 19.5 19.5 19.2000007629395 19 18.5 18.8999996185303 18.8999996185303 18.8999996185303 18.7000007629395 18.2999992370605 18.5 -3.4e+38 -3.4e+38 18.2999992370605 17.8999996185303 17.8999996185303 18 17.6000003814697 17.2999992370605 16.7000007629395 16.2000007629395 15.5 14.6000003814697 15.6000003814697 16.2000007629395 16.5 16.8999996185303 16.6000003814697 16.7999992370605 17.2999992370605 17.2999992370605 17.2999992370605 -3.4e+38 -3.4e+38 -3.4e+38
19 18.5 18.6000003814697 19.1000003814697 19.5 19.6000003814697 -3.4e+38 -3.4e+38 -3.4e+38 -3.4e+38 -3.4e+38 -3.4e+38 -3.4e+38 -3.4e+38 -3.4e+38 -3.4e+38 -3.4e+38 -3.4e+38 19.6000003814697 19.3999996185303 19.3999996185303 19.1000003814697 18.8999996185303 18.5 18.3999996185303 18.7000007629395 18.7000007629395 18.7000007629395 18.5 18.6000003814697 18.3999996185303 18.2000007629395 -3.4e+38 18.2999992370605 18.2999992370605 17.8999996185303 18 17.8999996185303 15.6000003814697 16.7999992370605 16.7000007629395 16.2000007629395 14.6000003814697 15 16.3999996185303 17.2999992370605 17.5 17.2000007629395 17.2999992370605 17.2999992370605 17.5 -3.4e+38 -3.4e+38 -3.4e+38 -3.4e+38
19.2000007629395 18.5 18.6000003814697 19.1000003814697 19.2000007629395 19.7000007629395 -3.4e+38 -3.4e+38 -3.4e+38 -3.4e+38 -3.4e+38 -3.4e+38 -3.4e+38 -3.4e+38 -3.4e+38 -3.4e+38 -3.4e+38 -3.4e+38 19.2999992370605 19 18.5 18.5 18.5 18.3999996185303 18.3999996185303 18.5 18.5 18.3999996185303 18.5 18.3999996185303 18.3999996185303 -3.4e+38 -3.4e+38 -3.4e+38 18.5 18.3999996185303 18 17.8999996185303 17.2000007629395 17 16.7999992370605 16.6000003814697 15.6999998092651 16.2999992370605 16.7999992370605 17.3999996185303 17.6000003814697 17.3999996185303 -3.4e+38 -3.4e+38 -3.4e+38 -3.4e+38 -3.4e+38 -3.4e+38 17.2999992370605
19.2000007629395 18.7999992370605 18.6000003814697 18.7999992370605 19.5 19.7000007629395 -3.4e+38 -3.4e+38 -3.4e+38 -3.4e+38 -3.4e+38 -3.4e+38 -3.4e+38 -3.4e+38 -3.4e+38 -3.4e+38 -3.4e+38 -3.4e+38 19.2000007629395 19 18.3999996185303 18.8999996185303 18.5 18.5 18.1000003814697 18.2999992370605 18.2000007629395 18.2000007629395 18.5 18.5 -3.4e+38 -3.4e+38 -3.4e+38 -3.4e+38 18.5 18.3999996185303 18.2000007629395 17.8999996185303 17.2999992370605 16.8999996185303 17 16.5 15.6999998092651 16.7999992370605 16.7999992370605 17.2000007629395 17.7000007629395 17.7000007629395 -3.4e+38 17.7000007629395 17.7000007629395 17.5 -3.4e+38 -3.4e+38 17.2999992370605
19.2000007629395 19.1000003814697 18.7000007629395 19.1000003814697 19.6000003814697 19.7000007629395 20 -3.4e+38 -3.4e+38 -3.4e+38 -3.4e+38 -3.4e+38 -3.4e+38 -3.4e+38 -3.4e+38 -3.4e+38 -3.4e+38 -3.4e+38 19 19.2000007629395 19 19 18.7000007629395 18.2999992370605 18.2999992370605 18.1000003814697 18.2999992370605 18.5 18.6000003814697 -3.4e+38 -3.4e+38 -3.4e+38 -3.4e+38 -3.4e+38 18.5 18.3999996185303 18.2000007629395 17.7999992370605 17.3999996185303 17.2000007629395 16.3999996185303 16.7999992370605 15.6999998092651 16.7999992370605 17.3999996185303 17.2999992370605 17.7000007629395 -3.4e+38 -3.4e+38 17.8999996185303 17.7999992370605 17.3999996185303 -3.4e+38 -3.4e+38 17.2999992370605
19.2999992370605 18.6000003814697 18.5 18.8999996185303 19.2999992370605 19.7999992370605 20.1000003814697 -3.4e+38 -3.4e+38 -3.4e+38 -3.4e+38 -3.4e+38 -3.4e+38 -3.4e+38 -3.4e+38 -3.4e+38 -3.4e+38 19.1000003814697 18.5 18.5 18.7000007629395 18.7999992370605 18.5 18 18 18.2999992370605 18.5 18.5 18.7000007629395 -3.4e+38 -3.4e+38 -3.4e+38 -3.4e+38 -3.4e+38 -3.4e+38 18.5 18.1000003814697 17.7000007629395 17.2000007629395 17.3999996185303 17.5 16.7999992370605 16.5 16.2000007629395 17.7000007629395 17.8999996185303 18 -3.4e+38 17.8999996185303 17.8999996185303 17.7999992370605 17.2999992370605 17.2999992370605 -3.4e+38 -3.4e+38
19.7000007629395 18.2999992370605 18.6000003814697 18.6000003814697 19.2000007629395 19.8999996185303 20 20.2000007629395 -3.4e+38 -3.4e+38 -3.4e+38 -3.4e+38 -3.4e+38 -3.4e+38 -3.4e+38 -3.4e+38 19.2999992370605 19.1000003814697 18.5 17.7999992370605 18.5 18.5 18 17.8999996185303 18 18.5 18.6000003814697 18.7000007629395 18.7999992370605 -3.4e+38 -3.4e+38 -3.4e+38 -3.4e+38 -3.4e+38 -3.4e+38 18.5 18.1000003814697 17.8999996185303 17.7999992370605 17.7999992370605 17.8999996185303 17.2999992370605 16.2000007629395 16.7999992370605 17.7000007629395 17.8999996185303 -3.4e+38 -3.4e+38 17.8999996185303 18 17.3999996185303 17.2999992370605 17 -3.4e+38 -3.4e+38
20 19.6000003814697 19.2999992370605 19.7000007629395 19.7000007629395 20.2000007629395 20.2999992370605 20.2000007629395 20.2000007629395 20.2000007629395 -3.4e+38 19.7000007629395 19.7000007629395 -3.4e+38 -3.4e+38 -3.4e+38 19.1000003814697 18.5 18.7000007629395 18.2999992370605 18.1000003814697 18.5 18.3999996185303 18.5 18 18 18.5 18.7000007629395 -3.4e+38 19 -3.4e+38 -3.4e+38 -3.4e+38 -3.4e+38 -3.4e+38 18.5 18.1000003814697 17.8999996185303 17.7999992370605 17.8999996185303 17.3999996185303 17.2999992370605 16.2000007629395 17 17.7999992370605 17.8999996185303 -3.4e+38 -3.4e+38 17.8999996185303 17.8999996185303 17.3999996185303 16.7999992370605 17 -3.4e+38 -3.4e+38
20.5 20.3999996185303 20.2000007629395 20.2000007629395 20.2000007629395 20.2000007629395 20.2000007629395 20.2000007629395 19.8999996185303 20.2000007629395 19.7999992370605 19.7000007629395 19.5 -3.4e+38 -3.4e+38 19.3999996185303 19.1000003814697 18.7999992370605 18 18.3999996185303 18.3999996185303 18.5 18.5 18.3999996185303 17.7999992370605 18.3999996185303 18.5 18.8999996185303 18.8999996185303 19 -3.4e+38 -3.4e+38 -3.4e+38 -3.4e+38 -3.4e+38 18.6000003814697 18.3999996185303 18.3999996185303 17.8999996185303 17.7999992370605 17.2999992370605 17.3999996185303 16.3999996185303 17.2999992370605 17.3999996185303 17.8999996185303 -3.4e+38 -3.4e+38 17.8999996185303 17.8999996185303 17.2999992370605 17.5 17.2999992370605 17.2000007629395 -3.4e+38
20.5 20.6000003814697 20.2999992370605 20.2000007629395 19.8999996185303 20.2999992370605 20.1000003814697 20 20.1000003814697 19.7999992370605 19.5 19.7000007629395 -3.4e+38 -3.4e+38 -3.4e+38 19.2999992370605 18.7999992370605 18.1000003814697 18.5 18.5 18.6000003814697 18.6000003814697 18.5 18.2999992370605 18.1000003814697 18.2000007629395 18.5 19 18.7999992370605 19 -3.4e+38 -3.4e+38 -3.4e+38 -3.4e+38 -3.4e+38 -3.4e+38 -3.4e+38 18.3999996185303 17.8999996185303 17.7999992370605 17.2999992370605 16.6000003814697 15.6999998092651 17.2000007629395 17.8999996185303 18 -3.4e+38 18.2999992370605 18.2000007629395 17.8999996185303 17.3999996185303 17.3999996185303 17.3999996185303 17.2999992370605 17
20.2000007629395 20.2000007629395 19.7000007629395 19.7999992370605 19.8999996185303 20 19.7999992370605 19.7000007629395 19.7999992370605 19.7000007629395 19.2000007629395 19.5 19.7000007629395 -3.4e+38 -3.4e+38 19.1000003814697 18.6000003814697 18.5 18.6000003814697 18.6000003814697 18.5 18.7000007629395 18.5 18.5 18.3999996185303 18.2999992370605 18.7000007629395 19 18.8999996185303 18.7000007629395 -3.4e+38 -3.4e+38 -3.4e+38 -3.4e+38 -3.4e+38 18.5 18.2999992370605 17.8999996185303 18.1000003814697 17.7000007629395 17.3999996185303 15.6999998092651 16.5 17.3999996185303 17.8999996185303 17.8999996185303 18.1000003814697 18.2999992370605 18.2000007629395 18 17.8999996185303 17.3999996185303 17.3999996185303 17.2000007629395 16.8999996185303
19.7000007629395 20 19.7000007629395 19.6000003814697 19.6000003814697 19.3999996185303 19.6000003814697 19.5 19.7000007629395 19 19.2000007629395 18.6000003814697 18.7999992370605 19.7000007629395 19.3999996185303 19.1000003814697 18.6000003814697 18.5 18.7000007629395 18.6000003814697 18.6000003814697 18.6000003814697 18.7999992370605 18.5 18.5 18.5 18.7000007629395 18.7000007629395 19 19.2000007629395 -3.4e+38 -3.4e+38 -3.4e+38 -3.4e+38 -3.4e+38 18.5 18.2000007629395 18.2999992370605 18 17.8999996185303 17.2000007629395 16.2999992370605 16.1000003814697 17.3999996185303 17.8999996185303 18.1000003814697 17.8999996185303 17.8999996185303 17.8999996185303 17.7999992370605 17.6000003814697 17.5 17.5 17.2000007629395 17
19.3999996185303 19.2000007629395 18.7000007629395 18.8999996185303 19.2999992370605 18.8999996185303 18.7000007629395 19.2999992370605 19.7000007629395 19.5 19 18.6000003814697 18.7999992370605 19.5 19.1000003814697 18.7999992370605 19.1000003814697 18.7000007629395 18.8999996185303 18.6000003814697 18.5 18.6000003814697 18.8999996185303 18.8999996185303 18.7000007629395 18.6000003814697 18.5 19.2000007629395 19 19.2999992370605 -3.4e+38 -3.4e+38 -3.4e+38 -3.4e+38 -3.4e+38 18.5 18.5 18.1000003814697 18 17.8999996185303 17 16.1000003814697 16.2000007629395 17.7999992370605 17.3999996185303 18.2999992370605 18.5 17.8999996185303 17.7999992370605 17.6000003814697 17.3999996185303 17.2999992370605 17.2000007629395 17.2999992370605 17
18.7000007629395 18.6000003814697 18.2999992370605 18 18.7999992370605 18.2000007629395 18.7000007629395 19.2999992370605 19.2999992370605 19.2999992370605 18.5 18.7000007629395 18.7999992370605 19.2000007629395 19.2999992370605 18.7000007629395 18.6000003814697 19.1000003814697 18.7000007629395 18.5 18.6000003814697 18.8999996185303 19.2000007629395 18.7999992370605 18.5 19.1000003814697 19 19.1000003814697 18.8999996185303 19.3999996185303 -3.4e+38 -3.4e+38 -3.4e+38 -3.4e+38 -3.4e+38 18.3999996185303 18.5 18.5 18.3999996185303 17.8999996185303 17.3999996185303 16.2999992370605 15.6999998092651 17.6000003814697 18.5 18.6000003814697 18.5 17.5 17.7999992370605 17.7000007629395 17.3999996185303 17.3999996185303 17.2999992370605 17.1000003814697 17.3999996185303
18 17 17.6000003814697 18 18.7000007629395 18.1000003814697 19.2999992370605 18.2000007629395 18.1000003814697 18.1000003814697 18.6000003814697 18.7999992370605 18.8999996185303 19.1000003814697 19.2000007629395 19.2000007629395 18.6000003814697 18.6000003814697 18.3999996185303 18.6000003814697 18.7000007629395 18.6000003814697 19.1000003814697 19.1000003814697 19.1000003814697 18.5 19.2999992370605 19.3999996185303 19.2000007629395 19.5 -3.4e+38 -3.4e+38 -3.4e+38 -3.4e+38 -3.4e+38 18.6000003814697 18.5 18.5 18.3999996185303 17.6000003814697 17.3999996185303 16.6000003814697 17.2999992370605 18.5 18.5 18.6000003814697 17.8999996185303 17.5 17.8999996185303 17.8999996185303 17.7000007629395 17.6000003814697 16.8999996185303 16.8999996185303 17.3999996185303
17.7000007629395 17 17.7999992370605 18.1000003814697 18.6000003814697 18 19.1000003814697 17.8999996185303 17.7000007629395 17.6000003814697 18.1000003814697 18.7000007629395 18.8999996185303 19.2000007629395 19 18.6000003814697 18.6000003814697 18.1000003814697 18.5 18.6000003814697 18.7000007629395 19 19.1000003814697 19.1000003814697 19.2999992370605 18.5 19.1000003814697 19.3999996185303 19.6000003814697 19.1000003814697 19.1000003814697 -3.4e+38 -3.4e+38 -3.4e+38 -3.4e+38 18.7000007629395 18.5 18.7000007629395 18 17.6000003814697 17.3999996185303 16.3999996185303 17.3999996185303 18.5 18.6000003814697 18.6000003814697 18.5 17.8999996185303 17.3999996185303 17.5 17.7000007629395 17.5 16.8999996185303 16.8999996185303 16.3999996185303
17.2999992370605 17 17.2999992370605 18.2000007629395 18.5 18.7999992370605 18.8999996185303 17.8999996185303 16.8999996185303 17.7999992370605 18.1000003814697 18.6000003814697 18.7000007629395 19.1000003814697 18.8999996185303 18.6000003814697 18.1000003814697 18.1000003814697 18.2000007629395 18.6000003814697 18.7000007629395 18.8999996185303 19.1000003814697 19.1000003814697 19.1000003814697 19.2999992370605 19.5 19.6000003814697 19.6000003814697 -3.4e+38 -3.4e+38 -3.4e+38 -3.4e+38 -3.4e+38 -3.4e+38 18.7000007629395 18.8999996185303 18.7000007629395 18.5 18 18 17.3999996185303 17.2999992370605 18.3999996185303 18.5 18.7000007629395 17.8999996185303 17.3999996185303 17.5 18 17.7000007629395 17.5 17.3999996185303 16.8999996185303 16.7000007629395
18.2000007629395 17.7000007629395 17.6000003814697 18.1000003814697 18 18.2000007629395 18.7000007629395 18.2000007629395 17.6000003814697 18.1000003814697 18.5 18.6000003814697 18.5 18.2999992370605 18.7000007629395 18.7999992370605 18.6000003814697 17.5 17.8999996185303 18.6000003814697 18.7000007629395 18.8999996185303 19.1000003814697 19.2000007629395 19.3999996185303 19.2000007629395 19.6000003814697 -3.4e+38 -3.4e+38 -3.4e+38 -3.4e+38 -3.4e+38 -3.4e+38 -3.4e+38 -3.4e+38 19 19 18.7999992370605 18.5 18.2000007629395 18 17.5 17.8999996185303 18.5 18.7000007629395 19 18.7000007629395 17.3999996185303 17.3999996185303 17.5 18 17.8999996185303 17.6000003814697 17.3999996185303 16.3999996185303
18.5 17.7999992370605 17 17.6000003814697 17 17.7999992370605 18.2000007629395 17.6000003814697 17.7000007629395 18.1000003814697 18.1000003814697 18.6000003814697 18 17.5 17.7999992370605 18.6000003814697 18.6000003814697 18.2000007629395 17.6000003814697 18.5 18.1000003814697 18.6000003814697 19.2000007629395 19.2999992370605 19.3999996185303 19.2999992370605 19.3999996185303 -3.4e+38 -3.4e+38 -3.4e+38 -3.4e+38 -3.4e+38 -3.4e+38 -3.4e+38 -3.4e+38 -3.4e+38 19 18.6000003814697 18.6000003814697 17.2999992370605 17.3999996185303 18.1000003814697 18.5 18.5 18.8999996185303 19 18.8999996185303 18.3999996185303 18.5 18 17.7000007629395 17.6000003814697 16.8999996185303 16.8999996185303 16.7000007629395
