data/bioclim/MAT1.asc
NCOLS 391 
NROWS 575 
XLLCORNER -1773000 
YLLCORNER 4368000 
CELLSIZE 1000 
NODATA_value -3.4e+38 
[rows 175 to 199 of 575, columns 275 to 329 of 391]
-3.4e+38 -3.4e+38 -3.4e+38 -3.4e+38 15.1000003814697 13.8999996185303 13.5 14.3000001907349 14.1999998092651 13.8999996185303 12.8999996185303 12.6000003814697 12.6999998092651 12.6999998092651 12.3000001907349 11.8000001907349 11.1999998092651 10.5 10.3000001907349 9.39999961853027 8.80000019073486 9.39999961853027 11.1000003814697 11.8999996185303 12.6000003814697 12.5 13 13.3999996185303 13.1999998092651 13.3000001907349 13.3000001907349 14.3000001907349 13.5 13.1000003814697 15.1000003814697 -3.4e+38 -3.4e+38 -3.4e+38 -3.4e+38 -3.4e+38 -3.4e+38 -3.4e+38 -3.4e+38 -3.4e+38 -3.4e+38 -3.4e+38 -3.4e+38 -3.4e+38 -3.4e+38 -3.4e+38 -3.4e+38 -3.4e+38 16.6000003814697 16.3999996185303 16
-3.4e+38 -3.4e+38 -3.4e+38 -3.4e+38 -3.4e+38 14.8000001907349 14.6000003814697 14.3999996185303 14 13.3000001907349 12.8999996185303 13.1000003814697 12.8000001907349 12.3000001907349 11.1999998092651 11 11.1000003814697 10.1000003814697 9.60000038146973 9.10000038146973 8.89999961853027 9.39999961853027 11 11.5 12.3000001907349 13 13 12.8000001907349 11.3000001907349 12.6999998092651 12.8999996185303 14.1000003814697 14.6999998092651 14.6000003814697 15 -3.4e+38 -3.4e+38 -3.4e+38 -3.4e+38 -3.4e+38 -3.4e+38 -3.4e+38 -3.4e+38 -3.4e+38 -3.4e+38 -3.4e+38 -3.4e+38 -3.4e+38 -3.4e+38 -3.4e+38 -3.4e+38 -3.4e+38 -3.4e+38 16.5 16.2999992370605
-3.4e+38 -3.4e+38 -3.4e+38 -3.4e+38 -3.4e+38 -3.4e+38 14.1999998092651 13.8000001907349 14 13.8000001907349 13.1000003814697 12.6999998092651 12.8000001907349 12.3000001907349 11.3000001907349 10.6000003814697 10.5 10.6000003814697 8.69999980926514 8.30000019073486 9.10000038146973 9.60000038146973 10.3999996185303 11.6000003814697 12.1999998092651 12.8000001907349 12.6999998092651 11 9.60000038146973 10 12.1000003814697 13.3999996185303 14.6000003814697 -3.4e+38 -3.4e+38 -3.4e+38 -3.4e+38 -3.4e+38 -3.4e+38 -3.4e+38 -3.4e+38 -3.4e+38 -3.4e+38 -3.4e+38 -3.4e+38 -3.4e+38 -3.4e+38 -3.4e+38 -3.4e+38 -3.4e+38 -3.4e+38 -3.4e+38 -3.4e+38 -3.4e+38 15.8999996185303
-3.4e+38 -3.4e+38 -3.4e+38 -3.4e+38 -3.4e+38 -3.4e+38 -3.4e+38 14.1999998092651 14 13.8000001907349 13.3000001907349 13.3000001907349 12.5 12.3000001907349 12.1999998092651 11.5 9.39999961853027 8.89999961853027 8.30000019073486 8.10000038146973 7.69999980926514 9.5 9.60000038146973 11.1000003814697 12.5 13.1999998092651 13.3000001907349 12.5 11.3000001907349 9.39999961853027 12.1000003814697 13.8000001907349 -3.4e+38 14.8000001907349 14.6000003814697 15.3999996185303 -3.4e+38 -3.4e+38 -3.4e+38 -3.4e+38 -3.4e+38 -3.4e+38 -3.4e+38 -3.4e+38 -3.4e+38 -3.4e+38 -3.4e+38 -3.4e+38 -3.4e+38 -3.4e+38 -3.4e+38 -3.4e+38 -3.4e+38 -3.4e+38 -3.4e+38
-3.4e+38 -3.4e+38 -3.4e+38 15.1000003814697 15.1000003814697 14.6000003814697 14.3000001907349 14.1999998092651 13.6000003814697 13.3000001907349 12.8999996185303 11.6000003814697 12.8000001907349 13.1000003814697 12.3000001907349 11.3999996185303 9.69999980926514 9.30000019073486 8.19999980926514 7.90000009536743 8.10000038146973 9.10000038146973 11.3999996185303 12.1000003814697 12.6000003814697 13.3000001907349 13.3000001907349 13.3000001907349 13.1000003814697 12.5 11.3999996185303 14.6999998092651 12.8999996185303 12.8000001907349 13.3000001907349 15.1000003814697 15 -3.4e+38 -3.4e+38 -3.4e+38 -3.4e+38 -3.4e+38 -3.4e+38 -3.4e+38 -3.4e+38 -3.4e+38 -3.4e+38 -3.4e+38 -3.4e+38 -3.4e+38 -3.4e+38 -3.4e+38 -3.4e+38 -3.4e+38 -3.4e+38
-3.4e+38 15.3000001907349 15 14.8999996185303 14.6000003814697 14 13.3999996185303 14 13.6999998092651 13.6000003814697 13 11 12.6000003814697 12.6000003814697 11.8000001907349 10.5 9.69999980926514 8.60000038146973 8 8.19999980926514 9.10000038146973 10.1000003814697 11.6000003814697 12.3000001907349 12.6000003814697 12.1000003814697 13.3999996185303 13.5 13.3000001907349 13.6999998092651 14.3000001907349 13.3999996185303 11.1000003814697 12.6000003814697 13.6000003814697 14.8999996185303 15.3999996185303 -3.4e+38 -3.4e+38 -3.4e+38 -3.4e+38 -3.4e+38 -3.4e+38 -3.4e+38 -3.4e+38 -3.4e+38 -3.4e+38 -3.4e+38 -3.4e+38 -3.4e+38 -3.4e+38 -3.4e+38 -3.4e+38 -3.4e+38 -3.4e+38
-3.4e+38 15 14.8000001907349 13.3999996185303 13.6999998092651 13.6000003814697 13.1000003814697 13.1999998092651 12.6999998092651 12.5 11.8000001907349 10.6000003814697 11.3999996185303 11.5 11.8999996185303 10.1999998092651 9.5 9 7.80000019073486 8.69999980926514 9.89999961853027 9.5 11.1999998092651 12 11.6999998092651 12.1000003814697 12.8999996185303 11.3000001907349 13.3999996185303 13.3000001907349 12.6000003814697 13.1000003814697 11.6999998092651 11.1999998092651 13.6999998092651 15 15.5 -3.4e+38 -3.4e+38 -3.4e+38 -3.4e+38 -3.4e+38 -3.4e+38 -3.4e+38 -3.4e+38 -3.4e+38 -3.4e+38 -3.4e+38 -3.4e+38 -3.4e+38 -3.4e+38 -3.4e+38 -3.4e+38 -3.4e+38 -3.4e+38
15.1000003814697 14.8000001907349 14.8000001907349 14.3000001907349 14.3000001907349 13.8999996185303 13.1999998092651 12.5 11.8999996185303 12.1000003814697 10.8000001907349 10.8000001907349 10.1000003814697 11 10.3999996185303 10.3000001907349 8.60000038146973 7.80000019073486 8.30000019073486 9 8 10.5 10.6000003814697 11.1999998092651 10.1999998092651 12.1999998092651 11.8000001907349 12.3999996185303 13.3000001907349 11.8000001907349 11.8000001907349 11.3999996185303 11.1999998092651 12 13.3999996185303 15 15.6999998092651 -3.4e+38 -3.4e+38 -3.4e+38 -3.4e+38 -3.4e+38 -3.4e+38 -3.4e+38 -3.4e+38 -3.4e+38 -3.4e+38 -3.4e+38 -3.4e+38 -3.4e+38 -3.4e+38 -3.4e+38 15.5 16.1000003814697 15.8999996185303
-3.4e+38 14.8999996185303 14.3999996185303 14.5 14.3999996185303 13 12.3000001907349 12.1999998092651 11.1999998092651 11.3000001907349 11.1999998092651 11.6999998092651 10.6999998092651 9.69999980926514 9 9 9 8.60000038146973 7.80000019073486 7.59999990463257 8.10000038146973 8.39999961853027 9.60000038146973 10.1000003814697 11.1000003814697 11.1999998092651 12.3000001907349 12.5 12.6999998092651 12 9.80000019073486 9.10000038146973 10 11.6000003814697 14.1999998092651 15 15.8000001907349 -3.4e+38 -3.4e+38 -3.4e+38 -3.4e+38 -3.4e+38 -3.4e+38 -3.4e+38 -3.4e+38 -3.4e+38 -3.4e+38 -3.4e+38 -3.4e+38 -3.4e+38 -3.4e+38 16.2000007629395 15.8999996185303 15.6000003814697 15.3000001907349
-3.4e+38 14.8999996185303 14.6000003814697 14.5 13.8999996185303 13.1999998092651 12.3999996185303 11.8999996185303 11.3999996185303 12.1999998092651 12.8000001907349 10.3000001907349 10.1999998092651 10.1999998092651 9.5 8.60000038146973 8.80000019073486 9.5 8.80000019073486 8.5 9.19999980926514 10.6000003814697 10.8999996185303 11.5 12.1999998092651 12.3999996185303 12.8000001907349 12.3999996185303 11 10.6000003814697 9.5 11.6999998092651 11.8000001907349 12.3999996185303 14.1000003814697 15 15.5 -3.4e+38 -3.4e+38 -3.4e+38 -3.4e+38 -3.4e+38 -3.4e+38 -3.4e+38 -3.4e+38 -3.4e+38 -3.4e+38 -3.4e+38 -3.4e+38 -3.4e+38 -3.4e+38 16.1000003814697 15.8000001907349 15.1999998092651 14.6000003814697
-3.4e+38 14.8000001907349 14.3000001907349 13.8999996185303 14.1000003814697 13.8000001907349 12.8000001907349 12.5 12.3999996185303 12.1999998092651 11.3000001907349 10.6000003814697 11.1999998092651 11.3000001907349 10.8999996185303 8.60000038146973 8.60000038146973 9.60000038146973 8.80000019073486 8 9.80000019073486 8.89999961853027 9.5 11 12.3000001907349 12.1000003814697 12.1000003814697 11.5 12 11 11 13 13.6999998092651 13.8000001907349 15 15.6999998092651 -3.4e+38 -3.4e+38 -3.4e+38 -3.4e+38 -3.4e+38 -3.4e+38 -3.4e+38 -3.4e+38 -3.4e+38 -3.4e+38 -3.4e+38 -3.4e+38 -3.4e+38 -3.4e+38 -3.4e+38 15.6999998092651 15.6999998092651 15.1999998092651 14.3999996185303
-3.4e+38 14.8000001907349 14.6000003814697 14.3000001907349 13.8999996185303 13.1999998092651 13.6000003814697 12.3000001907349 13.1000003814697 12.8000001907349 12.1000003814697 10.5 11.8999996185303 11.8999996185303 11.6999998092651 9 9.69999980926514 10.8999996185303 9.69999980926514 8.89999961853027 7.90000009536743 8.80000019073486 9.39999961853027 10.8000001907349 10.3999996185303 10.8000001907349 11.1999998092651 10.6000003814697 11.1999998092651 10.6999998092651 13 13.8000001907349 15 14.8000001907349 15.1999998092651 15.3000001907349 -3.4e+38 -3.4e+38 -3.4e+38 -3.4e+38 -3.4e+38 -3.4e+38 -3.4e+38 -3.4e+38 -3.4e+38 -3.4e+38 -3.4e+38 -3.4e+38 -3.4e+38 16.2000007629395 15.8000001907349 15.3999996185303 15.1999998092651 15 14.6999998092651
-3.4e+38 14.8999996185303 14.8000001907349 14.5 14.3000001907349 13.8000001907349 13.3999996185303 13 13.3999996185303 13.5 12.1000003814697 11.8000001907349 12.1999998092651 12 11.1999998092651 9.5 10.3000001907349 9.80000019073486 11.5 10 9.19999980926514 9.10000038146973 10.1000003814697 11.1999998092651 10.3999996185303 11.6000003814697 11 10.8000001907349 11.3000001907349 11.1999998092651 13.5 13.1000003814697 13 15.1000003814697 -3.4e+38 -3.4e+38 -3.4e+38 -3.4e+38 -3.4e+38 -3.4e+38 -3.4e+38 -3.4e+38 -3.4e+38 -3.4e+38 -3.4e+38 -3.4e+38 -3.4e+38 -3.4e+38 16.2000007629395 15.8000001907349 15.5 15.1000003814697 14.1999998092651 14 13.8000001907349
-3.4e+38 15 14.8999996185303 14.5 14.1999998092651 13.8000001907349 13.5 13.3999996185303 12.8999996185303 14.1000003814697 13.3000001907349 13.3999996185303 13.1999998092651 12.3000001907349 12.8000001907349 12.1000003814697 10.3999996185303 10.8999996185303 11.3000001907349 10.6000003814697 10.3999996185303 10 11.1000003814697 12.3000001907349 11.8000001907349 12.3000001907349 11.6999998092651 12.1999998092651 12.1999998092651 12.8999996185303 12.1000003814697 11.8000001907349 11.3000001907349 14.1000003814697 15.3000001907349 -3.4e+38 -3.4e+38 -3.4e+38 -3.4e+38 -3.4e+38 -3.4e+38 -3.4e+38 -3.4e+38 -3.4e+38 -3.4e+38 -3.4e+38 -3.4e+38 -3.4e+38 -3.4e+38 15.8000001907349 15.1999998092651 14.5 14.8999996185303 14 14.1000003814697
-3.4e+38 15 14.6999998092651 14.6999998092651 14.3999996185303 13.6999998092651 13 13.5 13.8000001907349 14.1000003814697 13.8000001907349 12.8000001907349 12.8000001907349 13.3000001907349 12.5 12.1000003814697 12.6000003814697 11.1000003814697 10.6999998092651 11.5 10.8999996185303 10.5 11.3000001907349 13.5 13.5 12.1000003814697 12.6000003814697 13.1999998092651 12.3999996185303 12.8999996185303 12.8999996185303 11.6000003814697 13.1000003814697 13 15.8000001907349 -3.4e+38 -3.4e+38 -3.4e+38 -3.4e+38 -3.4e+38 -3.4e+38 -3.4e+38 -3.4e+38 -3.4e+38 -3.4e+38 -3.4e+38 -3.4e+38 -3.4e+38 16.2000007629395 15.6999998092651 15.1999998092651 14 14.1999998092651 14.3000001907349 14.1000003814697
-3.4e+38 15.1000003814697 15 14.8999996185303 14.6000003814697 14.1000003814697 14.1999998092651 14.1999998092651 14.1000003814697 14.3000001907349 14 13.6999998092651 13.5 13.5 12.6000003814697 11.3999996185303 10.6999998092651 10.3000001907349 11.3999996185303 12 10.1000003814697 10.8000001907349 11.1999998092651 13.6000003814697 12.1000003814697 12.6000003814697 12.5 13.6000003814697 12.8999996185303 13.6000003814697 13.5 12.3999996185303 13.1999998092651 15.3999996185303 16.1000003814697 -3.4e+38 -3.4e+38 -3.4e+38 -3.4e+38 -3.4e+38 -3.4e+38 -3.4e+38 -3.4e+38 -3.4e+38 -3.4e+38 -3.4e+38 16.2999992370605 16.2000007629395 15.1999998092651 13.8000001907349 13.5 14 14.3000001907349 14.3999996185303 13.8999996185303
15.1999998092651 15 14.3000001907349 14.5 14.3000001907349 14.6000003814697 14.3000001907349 14.3000001907349 14.3000001907349 14.1999998092651 14 13.8999996185303 13.1000003814697 13.1000003814697 11.1999998092651 11.1000003814697 11 10.6999998092651 12.8999996185303 12.3000001907349 11.3000001907349 12.8999996185303 14.1000003814697 13 12.1999998092651 13.1000003814697 13.5 13.8999996185303 14.1000003814697 14.1000003814697 14.1999998092651 12.6999998092651 13.6000003814697 15.3000001907349 -3.4e+38 -3.4e+38 -3.4e+38 -3.4e+38 -3.4e+38 -3.4e+38 -3.4e+38 -3.4e+38 -3.4e+38 -3.4e+38 -3.4e+38 -3.4e+38 16.2999992370605 15.5 14.1999998092651 14.3000001907349 14.3000001907349 14.3000001907349 14.6000003814697 14.5 14.5
15 15 13.6000003814697 13.3999996185303 13.8000001907349 14.1999998092651 13.1999998092651 14.1000003814697 14.1999998092651 14.1000003814697 13.8999996185303 13.6999998092651 13.1999998092651 12.1999998092651 12.6000003814697 11.3999996185303 11.8000001907349 13 13 11.8000001907349 12.6000003814697 13.6999998092651 14.1999998092651 14.1000003814697 13.6000003814697 12.3999996185303 13.5 13.8999996185303 14.1000003814697 14.1999998092651 14.8999996185303 13.6999998092651 14.1000003814697 15.5 -3.4e+38 -3.4e+38 -3.4e+38 -3.4e+38 -3.4e+38 -3.4e+38 -3.4e+38 -3.4e+38 -3.4e+38 -3.4e+38 -3.4e+38 -3.4e+38 15.8999996185303 14.5 14.1000003814697 14.3000001907349 14.6000003814697 14.6000003814697 14.6999998092651 14.6999998092651 14.8000001907349
14.8999996185303 14.6000003814697 14.3999996185303 13.3000001907349 13.5 13.5 12.8999996185303 13.5 14 13.8000001907349 13.3999996185303 13.6999998092651 13.5 12.5 11.6999998092651 12.3999996185303 12 12.5 12.6000003814697 12.8000001907349 13.6999998092651 13 13 14.8999996185303 14.5 14.6999998092651 14.8999996185303 14.6999998092651 15.1000003814697 15.1000003814697 15.6999998092651 15.6999998092651 14.1999998092651 15.5 -3.4e+38 -3.4e+38 -3.4e+38 -3.4e+38 -3.4e+38 -3.4e+38 -3.4e+38 -3.4e+38 -3.4e+38 -3.4e+38 -3.4e+38 -3.4e+38 16 14.3999996185303 14 14.3000001907349 14.3000001907349 14.8000001907349 14.6000003814697 14.5 14.8000001907349
14.6000003814697 14.6999998092651 14.1999998092651 14 13.5 13.6999998092651 13.3000001907349 13.8999996185303 13.6000003814697 13.8999996185303 13.8000001907349 13.6000003814697 13.6999998092651 13.1000003814697 12.6000003814697 12.5 12.6000003814697 13.3000001907349 13.8999996185303 13.5 14 13.6999998092651 14 14.1000003814697 14.1000003814697 14.1000003814697 15 15 15.5 14.6999998092651 15.3000001907349 15.5 15.3000001907349 -3.4e+38 -3.4e+38 -3.4e+38 -3.4e+38 -3.4e+38 -3.4e+38 -3.4e+38 -3.4e+38 -3.4e+38 -3.4e+38 -3.4e+38 -3.4e+38 -3.4e+38 15.8999996185303 14.1000003814697 14.3000001907349 14.6999998092651 14.1999998092651 14.8000001907349 14.8000001907349 14.8000001907349 14.8999996185303
15.1000003814697 14.6999998092651 14.6999998092651 14.1999998092651 14.1000003814697 13.6999998092651 14 14.1999998092651 14.1000003814697 13.8000001907349 13.8000001907349 13.6999998092651 12.8000001907349 12.8999996185303 13.1999998092651 13.1000003814697 12.3999996185303 12.8999996185303 13.8999996185303 13.8999996185303 14.1000003814697 14.3999996185303 13.8000001907349 14.3000001907349 14.1000003814697 14.6000003814697 14.8000001907349 15 14.6999998092651 14.1999998092651 14.5 14 16.1000003814697 -3.4e+38 -3.4e+38 -3.4e+38 -3.4e+38 -3.4e+38 -3.4e+38 -3.4e+38 -3.4e+38 -3.4e+38 -3.4e+38 -3.4e+38 -3.4e+38 16.2000007629395 15.6000003814697 14.1999998092651 14.5 14.5 14.5 14.8000001907349 14.8000001907349 15 14.8000001907349
14.8999996185303 14.6999998092651 13.8000001907349 14.3999996185303 14.3000001907349 13.8999996185303 14.1000003814697 14.1999998092651 14.3000001907349 13.8999996185303 13.6999998092651 13.3000001907349 12.8000001907349 12.6000003814697 13.3000001907349 13.1000003814697 12.6999998092651 13.8000001907349 14 14.3000001907349 14.3999996185303 14.3999996185303 14.5 14.3000001907349 14.8999996185303 14.6000003814697 14.8999996185303 14.1000003814697 13.8000001907349 14.6000003814697 14.5 14.3000001907349 -3.4e+38 -3.4e+38 -3.4e+38 -3.4e+38 -3.4e+38 -3.4e+38 -3.4e+38 -3.4e+38 -3.4e+38 -3.4e+38 -3.4e+38 -3.4e+38 16.2000007629395 15.6000003814697 14.3000001907349 13.8999996185303 14.1999998092651 14.3999996185303 14.6999998092651 14.6000003814697 14.8000001907349 15 15.1999998092651
14.5 13.8000001907349 14.3000001907349 14.3999996185303 14.1999998092651 14.1000003814697 14.1000003814697 14.3000001907349 14.1999998092651 14.1000003814697 14 13.5 13.6000003814697 13 13.6999998092651 13.1999998092651 12.5 14.3999996185303 -3.4e+38 -3.4e+38 14.8000001907349 -3.4e+38 14.8999996185303 15.1999998092651 15.3000001907349 15.3000001907349 14.8999996185303 14.5 14.3999996185303 14.8000001907349 15.6999998092651 15.8000001907349 -3.4e+38 -3.4e+38 -3.4e+38 -3.4e+38 -3.4e+38 -3.4e+38 -3.4e+38 -3.4e+38 -3.4e+38 -3.4e+38 -3.4e+38 -3.4e+38 15.8999996185303 16 15.3000001907349 15.1000003814697 14.1999998092651 14.3999996185303 14.1999998092651 14.8000001907349 14.8000001907349 14.8999996185303 14.8999996185303
14.1999998092651 14.8000001907349 14.5 14.1999998092651 14.3999996185303 14 14.3999996185303 14.5 14.5 14.3999996185303 14.3000001907349 14.3000001907349 13.8999996185303 14 13.3000001907349 13 14.1000003814697 14.3999996185303 14.5 14.5 -3.4e+38 14.8999996185303 14.6000003814697 15.1000003814697 15.6000003814697 15.1000003814697 14.8999996185303 14.8000001907349 15.1000003814697 15.5 15.6999998092651 -3.4e+38 -3.4e+38 -3.4e+38 -3.4e+38 -3.4e+38 -3.4e+38 -3.4e+38 -3.4e+38 -3.4e+38 -3.4e+38 -3.4e+38 -3.4e+38 -3.4e+38 15.8999996185303 15.1999998092651 14.8999996185303 15.3000001907349 14.1999998092651 14.1000003814697 14.5 14.6000003814697 14.8000001907349 14.8999996185303 -3.4e+38
14.1000003814697 14.8000001907349 14.3999996185303 14.1999998092651 14.1000003814697 14.1999998092651 14 14.3999996185303 14.6999998092651 14.6999998092651 14.5 14.6000003814697 14.1000003814697 13.3999996185303 13.1000003814697 14 14.1000003814697 14.5 14.8000001907349 -3.4e+38 15.3000001907349 14.8000001907349 14.1999998092651 15.3000001907349 14.8000001907349 15.8000001907349 14.6000003814697 15.3999996185303 15.8000001907349 16.2999992370605 16.2999992370605 -3.4e+38 -3.4e+38 -3.4e+38 -3.4e+38 -3.4e+38 -3.4e+38 -3.4e+38 -3.4e+38 -3.4e+38 -3.4e+38 -3.4e+38 -3.4e+38 15.8999996185303 15.6999998092651 15.6000003814697 14.8000001907349 14.1999998092651 14.1999998092651 14.1999998092651 14.3000001907349 14.3999996185303 14.8999996185303 -3.4e+38 -3.4e+38
