data/bioclim/MCMT1.asc
NCOLS 391 
NROWS 575 
XLLCORNER -1773000 
YLLCORNER 4368000 
CELLSIZE 1000 
NODATA_value -3.4e+38 
[rows 384 to 407 of 575, columns 220 to 274 of 391]
10 9.5 10.6000003814697 10.5 10.1999998092651 9.5 9 9.69999980926514 10.3000001907349 10.3999996185303 9.69999980926514 9.89999961853027 10.3999996185303 10.3000001907349 10.3999996185303 10.5 11.3000001907349 11.6999998092651 11.6999998092651 12.5 -3.4e+38 -3.4e+38 -3.4e+38 -3.4e+38 -3.4e+38 12.5 12.1000003814697 12.1000003814697 12.1000003814697 11.8000001907349 11.8000001907349 11.8999996185303 11.6999998092651 11.6000003814697 10.3000001907349 9.80000019073486 10.1000003814697 9.69999980926514 9.69999980926514 9.5 10.1999998092651 9.89999961853027 9.5 7.90000009536743 9 8.10000038146973 8.10000038146973 9.19999980926514 8.89999961853027 9.19999980926514 9.80000019073486 10 9 9.80000019073486 9.39999961853027
11.1000003814697 10.3000001907349 10.5 11 10.8000001907349 9.5 9.10000038146973 10.8999996185303 10.8999996185303 10.8999996185303 10.6999998092651 11 10.8000001907349 10.6000003814697 10.6000003814697 11.3000001907349 11.5 11.6999998092651 11.8000001907349 -3.4e+38 -3.4e+38 -3.4e+38 -3.4e+38 -3.4e+38 -3.4e+38 12.5 12.3999996185303 12.1999998092651 11.8000001907349 11.6999998092651 11.8000001907349 11.8000001907349 11.6999998092651 11.3999996185303 10.8000001907349 10.8999996185303 10.6999998092651 10.8000001907349 10 10.1000003814697 10.6000003814697 10.1999998092651 8 8.30000019073486 8.69999980926514 8.39999961853027 8.30000019073486 8.10000038146973 8.5 9.10000038146973 9.60000038146973 10.1000003814697 9.80000019073486 9.5 10
10.8999996185303 11.1999998092651 11.1999998092651 11.5 10.8999996185303 9.5 9.89999961853027 10.3999996185303 10.8999996185303 10.8999996185303 10.8999996185303 11.3000001907349 11.1000003814697 11.3000001907349 10.6000003814697 10.6000003814697 11.6999998092651 12.1999998092651 12.3000001907349 -3.4e+38 -3.4e+38 -3.4e+38 -3.4e+38 -3.4e+38 12.5 12.5 -3.4e+38 -3.4e+38 12 12.1000003814697 12.1999998092651 12.1999998092651 12.1000003814697 12 11 10.8999996185303 10.6999998092651 10.8000001907349 10.5 10.8000001907349 9.69999980926514 9.19999980926514 9.80000019073486 9.69999980926514 9.69999980926514 8.10000038146973 8.60000038146973 7.5 8.5 8.60000038146973 9.30000019073486 10 10.1000003814697 10.1000003814697 10.1999998092651
10.8999996185303 11.3999996185303 11.5 11.5 11.3999996185303 10.6999998092651 10.5 10.8999996185303 10.8999996185303 10.8999996185303 10.8000001907349 11.3999996185303 11.5 11.5 11.5 11.3000001907349 11.8999996185303 12.1999998092651 12.3999996185303 -3.4e+38 -3.4e+38 -3.4e+38 -3.4e+38 12.6999998092651 12.5 12.3999996185303 -3.4e+38 -3.4e+38 11.6999998092651 12.1000003814697 12.3000001907349 12.1000003814697 12.1000003814697 11.6999998092651 10.8000001907349 10.1000003814697 10.1999998092651 10.3000001907349 9.89999961853027 9.89999961853027 8.89999961853027 9.69999980926514 9.30000019073486 9.80000019073486 9.30000019073486 9 9 8.69999980926514 9 9.10000038146973 9.60000038146973 10 10.1999998092651 10.1999998092651 10.1999998092651
11.3999996185303 11.3999996185303 11.3999996185303 11.8000001907349 11.6999998092651 11.3999996185303 10.8999996185303 10 10.3999996185303 11.1000003814697 10.6999998092651 10.5 11.5 11.6000003814697 11.6000003814697 11.6999998092651 11.8999996185303 12.1999998092651 -3.4e+38 -3.4e+38 -3.4e+38 -3.4e+38 -3.4e+38 12.3000001907349 12.5 12.3000001907349 -3.4e+38 -3.4e+38 12.1000003814697 12.3000001907349 12.1999998092651 12.1000003814697 11.6999998092651 11.1999998092651 10.3000001907349 8.69999980926514 9.10000038146973 10.1999998092651 9.19999980926514 9.60000038146973 9.69999980926514 9.19999980926514 9.60000038146973 9.19999980926514 9.60000038146973 9 9.19999980926514 9.19999980926514 9.39999961853027 9.60000038146973 9.5 9.60000038146973 9.69999980926514 9.80000019073486 9.60000038146973
11.6999998092651 11.3999996185303 11.3000001907349 11.8000001907349 11.6999998092651 11.1000003814697 10.8999996185303 10.3000001907349 10.3999996185303 11.3000001907349 11.3999996185303 11.3000001907349 11.1000003814697 11.6000003814697 11.8999996185303 12 11.8999996185303 -3.4e+38 -3.4e+38 -3.4e+38 -3.4e+38 12.8000001907349 12.1000003814697 12.5 12.5 12.1999998092651 -3.4e+38 -3.4e+38 -3.4e+38 12.3999996185303 12.1999998092651 11.8000001907349 11.3000001907349 10.8000001907349 9.80000019073486 8.60000038146973 8.69999980926514 9.39999961853027 9.5 8.60000038146973 8.80000019073486 9.19999980926514 9.39999961853027 9.30000019073486 9.30000019073486 9.19999980926514 9.19999980926514 9.5 9.60000038146973 9.60000038146973 9.60000038146973 9.60000038146973 9.60000038146973 9.39999961853027 10
11.6000003814697 11.8999996185303 11.8999996185303 11.8999996185303 11.5 11.3999996185303 11.1000003814697 10.3999996185303 10.3999996185303 10.3999996185303 11.1000003814697 11.8000001907349 11.8999996185303 11.6000003814697 12.1999998092651 12.1999998092651 12.1999998092651 -3.4e+38 -3.4e+38 -3.4e+38 -3.4e+38 12.5 12.1999998092651 12.3000001907349 12.3000001907349 12.1999998092651 12.5 12.5 12.5 12.1999998092651 12.1999998092651 11.8000001907349 11.1000003814697 10.8000001907349 10 9.39999961853027 8.69999980926514 9.39999961853027 8.80000019073486 8.19999980926514 8.5 8.69999980926514 8.89999961853027 9.19999980926514 9.19999980926514 9.5 9.10000038146973 9.10000038146973 9.39999961853027 9.69999980926514 9.89999961853027 9.60000038146973 9.80000019073486 10 10.1000003814697
11.3999996185303 11.8000001907349 11.8999996185303 11.8000001907349 11.8999996185303 11.8999996185303 11.3999996185303 10.8000001907349 10.3999996185303 10.8999996185303 10.8999996185303 11.5 11.8000001907349 11.8999996185303 12.1999998092651 12.3000001907349 12.1999998092651 -3.4e+38 -3.4e+38 -3.4e+38 12.6000003814697 12.1999998092651 12.6000003814697 12.1000003814697 12.1999998092651 12.6000003814697 12.5 12.5 12.5 12.3000001907349 12.1999998092651 11.8000001907349 11.1999998092651 10.3999996185303 10.1999998092651 9.30000019073486 7.80000019073486 7.80000019073486 7.80000019073486 8.30000019073486 8.69999980926514 8.80000019073486 8.89999961853027 9.19999980926514 9.19999980926514 9.5 9.5 9.39999961853027 9.10000038146973 9.60000038146973 9.69999980926514 9.60000038146973 10.1000003814697 10.1000003814697 10.3000001907349
11.8000001907349 11.8000001907349 11.8999996185303 12 11.6999998092651 12 11.8000001907349 10.3999996185303 11.1000003814697 11.1999998092651 11.3999996185303 11.8000001907349 11.8000001907349 12.1999998092651 12.1999998092651 12.3999996185303 -3.4e+38 -3.4e+38 -3.4e+38 -3.4e+38 -3.4e+38 12.8000001907349 12.3999996185303 12.3999996185303 12.1999998092651 12.1999998092651 12.5 12.6000003814697 12.5 12.3000001907349 12.1000003814697 11.8999996185303 11.3000001907349 10.6999998092651 10.3000001907349 9.39999961853027 7.09999990463257 7.30000019073486 8.30000019073486 8.10000038146973 8.30000019073486 8.69999980926514 8.69999980926514 9 9.19999980926514 9.39999961853027 8.60000038146973 9.10000038146973 9.39999961853027 9.89999961853027 10 9.89999961853027 10 10.1000003814697 10.1000003814697
11.6000003814697 11.8000001907349 11.8999996185303 12 12.1999998092651 12.1999998092651 12.1000003814697 10.8999996185303 11.3999996185303 12 12.3000001907349 11.8999996185303 11.8000001907349 11.8999996185303 12.1000003814697 12.3000001907349 -3.4e+38 -3.4e+38 -3.4e+38 -3.4e+38 12.5 12.1999998092651 12.3000001907349 12.8999996185303 12.3999996185303 12.5 12.6999998092651 12.6999998092651 12.5 12.3999996185303 11.8999996185303 11.3000001907349 10.5 10.3999996185303 10 9.30000019073486 8.30000019073486 6.90000009536743 7.40000009536743 7.40000009536743 8.30000019073486 8.39999961853027 8.69999980926514 9.19999980926514 9.39999961853027 9.10000038146973 8.69999980926514 9.10000038146973 9.10000038146973 9.60000038146973 9.69999980926514 9.60000038146973 10.1000003814697 10.1000003814697 10.1000003814697
11.3999996185303 11.8000001907349 11.8999996185303 11.8999996185303 12.1999998092651 12.3000001907349 11.8000001907349 10.5 11.8000001907349 11.8000001907349 12.3000001907349 12 11.8999996185303 12.1999998092651 11.8999996185303 -3.4e+38 -3.4e+38 -3.4e+38 -3.4e+38 -3.4e+38 12.3000001907349 12.1999998092651 12.3999996185303 12.6000003814697 12.6000003814697 12.6000003814697 12.8000001907349 12.6000003814697 12.6000003814697 12.1000003814697 11.8999996185303 11.8999996185303 11.3999996185303 10.1999998092651 9.80000019073486 9.30000019073486 8.80000019073486 7.90000009536743 6.59999990463257 7.19999980926514 8.60000038146973 8.69999980926514 9 9.19999980926514 9.10000038146973 8.60000038146973 9 9.30000019073486 9 9.60000038146973 9.60000038146973 10 10.1999998092651 10.1000003814697 -3.4e+38
11.3000001907349 11.8000001907349 11.8999996185303 12 12.1999998092651 12.1999998092651 12.3000001907349 10.5 11.6000003814697 12.1999998092651 12.3999996185303 12.3000001907349 11.8999996185303 12.3000001907349 -3.4e+38 -3.4e+38 -3.4e+38 -3.4e+38 -3.4e+38 12.5 12 12.1999998092651 11.8000001907349 11.8000001907349 12.1999998092651 12.6000003814697 12.8999996185303 12.8999996185303 12.6000003814697 12.6999998092651 12.1999998092651 11.8999996185303 10.8000001907349 10.6999998092651 10.3000001907349 9.80000019073486 9.5 8.80000019073486 7.40000009536743 7.90000009536743 8.5 8.69999980926514 8.89999961853027 9.19999980926514 9.10000038146973 9.19999980926514 8.60000038146973 9.19999980926514 8.60000038146973 9.30000019073486 9.60000038146973 9.69999980926514 10.1000003814697 10.1000003814697 -3.4e+38
11.6000003814697 11.8000001907349 11.8999996185303 12 12.1000003814697 12.1999998092651 12.3999996185303 11.3000001907349 11.8999996185303 12.6000003814697 12.5 12 12.3000001907349 12.5 -3.4e+38 -3.4e+38 -3.4e+38 -3.4e+38 -3.4e+38 12.5 12.1999998092651 11.1999998092651 10.6999998092651 11.6000003814697 12.1999998092651 12.6000003814697 12.6999998092651 13 12.6000003814697 12.3000001907349 12.6999998092651 12.1000003814697 12.1000003814697 11.3000001907349 10.8999996185303 9.39999961853027 8.30000019073486 8 8.30000019073486 7.90000009536743 8.5 8.69999980926514 8.80000019073486 8.89999961853027 9 9.19999980926514 8.80000019073486 8.80000019073486 8.39999961853027 9.10000038146973 9.60000038146973 9.80000019073486 10.1000003814697 -3.4e+38 -3.4e+38
11 11.6999998092651 11.8999996185303 12 12.1999998092651 12.1999998092651 12.1999998092651 12.5 12.1999998092651 12 12.6999998092651 12 12.3999996185303 -3.4e+38 -3.4e+38 -3.4e+38 -3.4e+38 -3.4e+38 -3.4e+38 12.1999998092651 11.8999996185303 11.1999998092651 10.1999998092651 11.3000001907349 12.1000003814697 12.6000003814697 12.8000001907349 12.8999996185303 12.6000003814697 12.5 11.8999996185303 11.1999998092651 10.3999996185303 10.3000001907349 10.6000003814697 9 7.80000019073486 8.30000019073486 8.19999980926514 8.30000019073486 8.60000038146973 8.69999980926514 8.80000019073486 9.10000038146973 9.19999980926514 8.80000019073486 8.60000038146973 8.69999980926514 8.30000019073486 8.69999980926514 9.10000038146973 9.60000038146973 9.89999961853027 -3.4e+38 -3.4e+38
10.3999996185303 11.5 11.8999996185303 12.1000003814697 12.1000003814697 12.1999998092651 12.1000003814697 11.8999996185303 11.6999998092651 12.1000003814697 12.5 12.1999998092651 -3.4e+38 -3.4e+38 -3.4e+38 -3.4e+38 -3.4e+38 -3.4e+38 -3.4e+38 12.1999998092651 11.8999996185303 11.1000003814697 10.5 11 12 12.3000001907349 12.3999996185303 12.6999998092651 12.5 12.1000003814697 11.6999998092651 11.6999998092651 11.1999998092651 10.6999998092651 10 9.30000019073486 7.59999990463257 7.90000009536743 8.30000019073486 8.30000019073486 8.60000038146973 8.80000019073486 8.89999961853027 9 9.10000038146973 8.80000019073486 8.60000038146973 8.5 8.30000019073486 8.60000038146973 9.10000038146973 9.60000038146973 9.69999980926514 -3.4e+38 -3.4e+38
10.5 11.6000003814697 11.8000001907349 11.8000001907349 11.8999996185303 12.1000003814697 12.1000003814697 11.8999996185303 11.8999996185303 12.1999998092651 12.1999998092651 -3.4e+38 -3.4e+38 -3.4e+38 -3.4e+38 -3.4e+38 -3.4e+38 -3.4e+38 -3.4e+38 12.3000001907349 11.8999996185303 11 10.8999996185303 10.8999996185303 12.6000003814697 12.6999998092651 13 12.6000003814697 12.6000003814697 12.3000001907349 11.8000001907349 11.3000001907349 10.8999996185303 10.8999996185303 10.3000001907349 8.89999961853027 7.59999990463257 7.30000019073486 8.30000019073486 8.80000019073486 8.80000019073486 8.80000019073486 8.89999961853027 8.89999961853027 9 8.80000019073486 8.39999961853027 8.19999980926514 8.19999980926514 8.89999961853027 9.39999961853027 9.80000019073486 9.60000038146973 9.80000019073486 9.80000019073486
11.1999998092651 11.6000003814697 11.3000001907349 11.5 11.8000001907349 12 12 11.8999996185303 12.1999998092651 11.8000001907349 12.1999998092651 -3.4e+38 -3.4e+38 -3.4e+38 -3.4e+38 -3.4e+38 -3.4e+38 -3.4e+38 -3.4e+38 12.6000003814697 12.1999998092651 11.8000001907349 11.3000001907349 11.8999996185303 12.6000003814697 13 12.6999998092651 12.6000003814697 12.5 12.1999998092651 12.1000003814697 11.3000001907349 9.89999961853027 10.3999996185303 9.69999980926514 8.60000038146973 8.30000019073486 8.80000019073486 8.30000019073486 8.5 8.80000019073486 8.89999961853027 8.80000019073486 8.89999961853027 8.89999961853027 8.80000019073486 8.19999980926514 7.69999980926514 8.39999961853027 8.69999980926514 9.10000038146973 9.60000038146973 9.60000038146973 9.60000038146973 9.60000038146973
10.6000003814697 11.1999998092651 11 11.3999996185303 11.8999996185303 12 12 11.8999996185303 11.5 11.5 12.1999998092651 -3.4e+38 -3.4e+38 -3.4e+38 -3.4e+38 -3.4e+38 -3.4e+38 -3.4e+38 12.6000003814697 12.6000003814697 12.5 12.3999996185303 12.3000001907349 12.5 12.6000003814697 13 13 12.6999998092651 12.6000003814697 12.1999998092651 10.3000001907349 9.69999980926514 9.19999980926514 10.3000001907349 9.10000038146973 9.39999961853027 9.5 9.80000019073486 8.30000019073486 8.69999980926514 8.80000019073486 8.80000019073486 8.80000019073486 8.80000019073486 8.69999980926514 8.69999980926514 8.69999980926514 8 8.19999980926514 8.60000038146973 8.89999961853027 9.19999980926514 9.60000038146973 9.60000038146973 9.60000038146973
10.1000003814697 11.1000003814697 11.5 11.5 12.1000003814697 12.1000003814697 12 11.8000001907349 11.1000003814697 11.1000003814697 11.8999996185303 -3.4e+38 -3.4e+38 -3.4e+38 -3.4e+38 -3.4e+38 -3.4e+38 -3.4e+38 13 12.6000003814697 12.6000003814697 12.6000003814697 12.6999998092651 12.8999996185303 12.8999996185303 12.6999998092651 13 12.6999998092651 -3.4e+38 11.6999998092651 10.8000001907349 10.3000001907349 9.5 9.5 9.80000019073486 10.3000001907349 10.3000001907349 10.3000001907349 9.39999961853027 9.30000019073486 8.69999980926514 8.69999980926514 8.69999980926514 8.5 8.5 8.39999961853027 8.69999980926514 8.10000038146973 7.59999990463257 8.10000038146973 8.39999961853027 9.10000038146973 9.5 9.30000019073486 9.39999961853027
10.1999998092651 11 11.5 12 12.1999998092651 12.1000003814697 11.8999996185303 11.5 10.8999996185303 11.8000001907349 12 12.3000001907349 12.3999996185303 -3.4e+38 -3.4e+38 -3.4e+38 -3.4e+38 12.6000003814697 12.1999998092651 12.8999996185303 13 12.8000001907349 12.8999996185303 12.8999996185303 13 12.8999996185303 12.8000001907349 -3.4e+38 -3.4e+38 11.8000001907349 11.3999996185303 10.8999996185303 10.3000001907349 9.60000038146973 10.3000001907349 10.6999998092651 10.8000001907349 10.5 9.89999961853027 9 8.69999980926514 9.10000038146973 8.69999980926514 9.19999980926514 9.10000038146973 8.60000038146973 8.19999980926514 8.30000019073486 7.69999980926514 8.30000019073486 9.10000038146973 9.19999980926514 9.30000019073486 9.19999980926514 9.19999980926514
10.8999996185303 11.1000003814697 11.5 12 12.3000001907349 12.1999998092651 11.8999996185303 11.5 11.8999996185303 12.3000001907349 12.3000001907349 12.3000001907349 12.3000001907349 -3.4e+38 -3.4e+38 -3.4e+38 -3.4e+38 12.6999998092651 12.1999998092651 12.6000003814697 13 13 13 12.6000003814697 12.6000003814697 12.6999998092651 -3.4e+38 -3.4e+38 12.6000003814697 11.6999998092651 11.3000001907349 11 10.8000001907349 10.1000003814697 10.8000001907349 10.8999996185303 10.8000001907349 10.3000001907349 9.69999980926514 9.89999961853027 8.80000019073486 9.80000019073486 9.60000038146973 9.39999961853027 9.5 9.30000019073486 9.30000019073486 7.90000009536743 7.69999980926514 8.30000019073486 9 9.10000038146973 9.19999980926514 9.19999980926514 9.10000038146973
10 11.1000003814697 11.6000003814697 12 12.1999998092651 12.3000001907349 11.3999996185303 12.1000003814697 12.1999998092651 12.3000001907349 12.3000001907349 12.3000001907349 12.3000001907349 12.3999996185303 -3.4e+38 -3.4e+38 -3.4e+38 12.8999996185303 12 12.6000003814697 12.8999996185303 13.1000003814697 12.8999996185303 13.1000003814697 12.8999996185303 -3.4e+38 -3.4e+38 12.6000003814697 12.1999998092651 12.1999998092651 11.1000003814697 10.8999996185303 10.8999996185303 11 10.6999998092651 10.6000003814697 9.5 10.3999996185303 10.1000003814697 9.80000019073486 10.1999998092651 9.80000019073486 10 9.80000019073486 9.60000038146973 9.69999980926514 9.60000038146973 9 9.19999980926514 8.69999980926514 8.69999980926514 9.10000038146973 9 9 8.80000019073486
10.1999998092651 10.1999998092651 11.1000003814697 12.1000003814697 12.5 11.8999996185303 11.6999998092651 12.1999998092651 12.3000001907349 12 12.3000001907349 12.5 12.5 12.5 -3.4e+38 -3.4e+38 -3.4e+38 12.8999996185303 12.3999996185303 12.1999998092651 12.6000003814697 12.6999998092651 12.8999996185303 13 13 -3.4e+38 12.6000003814697 12.1000003814697 11.6000003814697 11.5 11.3000001907349 11.1999998092651 11.1999998092651 11 10.8000001907349 10.6999998092651 9.89999961853027 9.80000019073486 10.3999996185303 10 10.1999998092651 10.3999996185303 9.80000019073486 9.80000019073486 9.60000038146973 9.80000019073486 9.60000038146973 9.19999980926514 9.19999980926514 9.60000038146973 9.19999980926514 8.80000019073486 8.89999961853027 8.69999980926514 8.60000038146973
10.6000003814697 11.1000003814697 11.6999998092651 12 12.5 12.3000001907349 11.8999996185303 12.3000001907349 12.5 12.1999998092651 12.3000001907349 12.3000001907349 12.6000003814697 12.6000003814697 -3.4e+38 -3.4e+38 -3.4e+38 -3.4e+38 12.6999998092651 12.6000003814697 12.6000003814697 12.6999998092651 12.8999996185303 13 -3.4e+38 12.6999998092651 11.8000001907349 11.3999996185303 11.6999998092651 11.6000003814697 11.6000003814697 11.3000001907349 11.1999998092651 10.8000001907349 10.8999996185303 10.3000001907349 9.5 9.80000019073486 10 10.6000003814697 10.3000001907349 10.3999996185303 10 9.80000019073486 10.1999998092651 10.3000001907349 9.89999961853027 9.5 9.69999980926514 9.60000038146973 8.69999980926514 8.80000019073486 8.69999980926514 8.80000019073486 8.60000038146973
