data/bioclim/MCMT1.asc
NCOLS 391 
NROWS 575 
XLLCORNER -1773000 
YLLCORNER 4368000 
CELLSIZE 1000 
NODATA_value -3.4e+38 
[rows 336 to 359 of 575, columns 165 to 219 of 391]
11 10.3999996185303 10.3999996185303 10.6999998092651 11.1000003814697 11.3999996185303 11.6000003814697 -3.4e+38 -3.4e+38 -3.4e+38 -3.4e+38 -3.4e+38 -3.4e+38 -3.4e+38 -3.4e+38 -3.4e+38 -3.4e+38 10.8000001907349 10.3000001907349 10.3000001907349 10.3999996185303 10.5 10.1999998092651 9.80000019073486 9.80000019073486 10.1000003814697 10.1999998092651 10.1999998092651 10.3000001907349 -3.4e+38 -3.4e+38 -3.4e+38 -3.4e+38 -3.4e+38 -3.4e+38 10 9.69999980926514 9.39999961853027 9 9.10000038146973 9.30000019073486 8.60000038146973 8.39999961853027 8.10000038146973 9.30000019073486 9.39999961853027 9.5 -3.4e+38 9.39999961853027 9.30000019073486 9.30000019073486 8.89999961853027 8.89999961853027 -3.4e+38 -3.4e+38
11.3999996185303 10.1999998092651 10.6000003814697 10.5 11 11.3999996185303 11.6000003814697 11.6000003814697 -3.4e+38 -3.4e+38 -3.4e+38 -3.4e+38 -3.4e+38 -3.4e+38 -3.4e+38 -3.4e+38 10.8999996185303 10.8000001907349 10.3000001907349 9.80000019073486 10.3000001907349 10.3000001907349 9.89999961853027 9.80000019073486 9.80000019073486 10.1999998092651 10.1999998092651 10.3000001907349 10.3999996185303 -3.4e+38 -3.4e+38 -3.4e+38 -3.4e+38 -3.4e+38 -3.4e+38 10 9.69999980926514 9.60000038146973 9.5 9.5 9.60000038146973 9.10000038146973 8.19999980926514 8.60000038146973 9.30000019073486 9.39999961853027 -3.4e+38 -3.4e+38 9.39999961853027 9.39999961853027 9 8.89999961853027 8.69999980926514 -3.4e+38 -3.4e+38
11.6000003814697 11.3000001907349 11.1000003814697 11.3999996185303 11.3000001907349 11.6999998092651 11.6999998092651 11.6000003814697 11.6000003814697 11.6000003814697 -3.4e+38 11.3000001907349 11.1999998092651 -3.4e+38 -3.4e+38 -3.4e+38 10.8000001907349 10.3000001907349 10.3999996185303 10.1000003814697 10 10.3000001907349 10.1999998092651 10.3000001907349 9.89999961853027 9.89999961853027 10.1999998092651 10.1999998092651 -3.4e+38 10.3999996185303 -3.4e+38 -3.4e+38 -3.4e+38 -3.4e+38 -3.4e+38 10 9.69999980926514 9.60000038146973 9.5 9.60000038146973 9.10000038146973 9 8.19999980926514 8.80000019073486 9.39999961853027 9.5 -3.4e+38 -3.4e+38 9.39999961853027 9.39999961853027 9 8.5 8.69999980926514 -3.4e+38 -3.4e+38
12 11.8999996185303 11.6999998092651 11.6999998092651 11.6999998092651 11.6999998092651 11.6000003814697 11.6000003814697 11.5 11.6999998092651 11.3999996185303 11.3000001907349 11.1000003814697 -3.4e+38 -3.4e+38 11 10.8000001907349 10.5 9.89999961853027 10.1999998092651 10.1999998092651 10.3000001907349 10.1999998092651 10.1999998092651 9.69999980926514 10.1000003814697 10.1999998092651 10.3999996185303 10.3999996185303 10.5 -3.4e+38 -3.4e+38 -3.4e+38 -3.4e+38 -3.4e+38 10.1999998092651 10 10 9.60000038146973 9.39999961853027 9.10000038146973 9.10000038146973 8.30000019073486 9 9 9.5 -3.4e+38 -3.4e+38 9.39999961853027 9.39999961853027 9 9 8.89999961853027 8.80000019073486 -3.4e+38
12 12.1000003814697 11.8000001907349 11.6999998092651 11.5 11.8000001907349 11.6000003814697 11.5 11.6000003814697 11.3000001907349 11.1999998092651 11.1999998092651 -3.4e+38 -3.4e+38 -3.4e+38 10.8999996185303 10.5 10 10.3000001907349 10.3000001907349 10.3999996185303 10.3999996185303 10.1999998092651 10.1000003814697 9.89999961853027 10 10.1999998092651 10.3999996185303 10.3000001907349 10.5 -3.4e+38 -3.4e+38 -3.4e+38 -3.4e+38 -3.4e+38 -3.4e+38 -3.4e+38 10 9.60000038146973 9.5 9.10000038146973 8.5 7.69999980926514 9 9.5 9.5 -3.4e+38 9.80000019073486 9.60000038146973 9.39999961853027 9 9 8.89999961853027 8.89999961853027 8.60000038146973
11.8000001907349 11.8000001907349 11.3000001907349 11.3999996185303 11.5 11.6000003814697 11.3000001907349 11.3000001907349 11.3999996185303 11.3000001907349 10.8999996185303 11.1000003814697 11.1999998092651 -3.4e+38 -3.4e+38 10.8000001907349 10.3999996185303 10.3000001907349 10.3000001907349 10.3999996185303 10.3000001907349 10.3999996185303 10.3000001907349 10.1999998092651 10.1999998092651 10.1000003814697 10.3000001907349 10.3999996185303 10.3999996185303 10.3000001907349 -3.4e+38 -3.4e+38 -3.4e+38 -3.4e+38 -3.4e+38 10.1000003814697 9.89999961853027 9.60000038146973 9.69999980926514 9.39999961853027 9.19999980926514 7.59999990463257 8.39999961853027 9.10000038146973 9.5 9.5 9.60000038146973 9.69999980926514 9.60000038146973 9.5 9.39999961853027 9 9 8.80000019073486 8.5
11.3000001907349 11.6000003814697 11.3999996185303 11.3000001907349 11.3000001907349 11.1000003814697 11.3000001907349 11.1999998092651 11.3000001907349 10.8000001907349 10.8999996185303 10.5 10.6000003814697 11.1999998092651 11 10.8000001907349 10.3000001907349 10.3000001907349 10.5 10.3999996185303 10.3999996185303 10.3999996185303 10.5 10.1999998092651 10.1999998092651 10.1999998092651 10.3000001907349 10.3000001907349 10.5 10.6999998092651 -3.4e+38 -3.4e+38 -3.4e+38 -3.4e+38 -3.4e+38 10.1000003814697 9.80000019073486 9.89999961853027 9.60000038146973 9.5 9 8.19999980926514 8.10000038146973 9.10000038146973 9.5 9.60000038146973 9.39999961853027 9.39999961853027 9.39999961853027 9.39999961853027 9.19999980926514 9 9 8.80000019073486 8.60000038146973
11.1000003814697 11 10.6999998092651 10.6999998092651 11 10.8000001907349 10.6000003814697 11 11.3000001907349 11.1000003814697 10.8000001907349 10.5 10.6000003814697 11.1000003814697 10.8000001907349 10.5 10.8000001907349 10.3999996185303 10.6000003814697 10.3999996185303 10.3000001907349 10.3999996185303 10.6000003814697 10.6000003814697 10.3000001907349 10.3000001907349 10.1999998092651 10.6000003814697 10.6000003814697 10.6999998092651 -3.4e+38 -3.4e+38 -3.4e+38 -3.4e+38 -3.4e+38 10 10 9.80000019073486 9.60000038146973 9.60000038146973 8.80000019073486 8 8.19999980926514 9.39999961853027 9 9.69999980926514 9.89999961853027 9.5 9.30000019073486 9.19999980926514 9 8.89999961853027 8.80000019073486 8.89999961853027 8.60000038146973
10.6000003814697 10.6000003814697 10.3000001907349 10.1000003814697 10.6999998092651 10.3000001907349 10.6000003814697 11 11 11 10.3999996185303 10.6000003814697 10.6000003814697 10.8999996185303 11 10.5 10.3999996185303 10.6999998092651 10.5 10.3000001907349 10.3000001907349 10.6000003814697 10.8000001907349 10.5 10.1999998092651 10.5 10.5 10.5 10.5 10.8000001907349 -3.4e+38 -3.4e+38 -3.4e+38 -3.4e+38 -3.4e+38 10 10 10 10 9.60000038146973 9.19999980926514 8.19999980926514 7.80000019073486 9.19999980926514 9.89999961853027 9.89999961853027 9.89999961853027 9.10000038146973 9.39999961853027 9.19999980926514 9 9 8.89999961853027 8.69999980926514 9
10.1000003814697 9.39999961853027 9.80000019073486 10.1000003814697 10.6000003814697 10.1999998092651 11 10.1999998092651 10.1000003814697 10.1000003814697 10.5 10.6000003814697 10.6999998092651 10.8000001907349 10.8000001907349 10.8000001907349 10.3999996185303 10.3999996185303 10.3000001907349 10.3000001907349 10.3999996185303 10.3000001907349 10.6999998092651 10.6999998092651 10.6000003814697 10.1999998092651 10.6999998092651 10.6999998092651 10.6999998092651 10.8999996185303 -3.4e+38 -3.4e+38 -3.4e+38 -3.4e+38 -3.4e+38 10.1000003814697 10 10.1000003814697 10 9.39999961853027 9.10000038146973 8.5 9.10000038146973 10 10 10 9.5 9.10000038146973 9.5 9.39999961853027 9.30000019073486 9.19999980926514 8.5 8.5 9
9.89999961853027 9.39999961853027 9.89999961853027 10.1000003814697 10.6000003814697 10.1000003814697 10.8999996185303 10 9.80000019073486 9.80000019073486 10.1999998092651 10.5 10.6999998092651 10.8000001907349 10.8000001907349 10.3999996185303 10.3999996185303 10.1000003814697 10.3000001907349 10.3999996185303 10.5 10.6000003814697 10.6999998092651 10.6000003814697 10.8000001907349 10.1999998092651 10.6000003814697 10.8000001907349 11 10.6000003814697 10.6000003814697 -3.4e+38 -3.4e+38 -3.4e+38 -3.4e+38 10.1999998092651 10.1000003814697 10.3000001907349 9.60000038146973 9.30000019073486 9.19999980926514 8.30000019073486 9.10000038146973 10 10.1000003814697 10.1000003814697 9.89999961853027 9.5 9.10000038146973 9.10000038146973 9.19999980926514 9.10000038146973 8.5 8.5 8.10000038146973
9.60000038146973 9.30000019073486 9.60000038146973 10.1999998092651 10.5 10.6999998092651 10.8000001907349 10 9.30000019073486 9.89999961853027 10.1000003814697 10.5 10.6000003814697 10.8000001907349 10.6000003814697 10.5 10 10 10.1000003814697 10.3999996185303 10.3999996185303 10.6000003814697 10.6999998092651 10.6000003814697 10.6999998092651 10.6999998092651 10.8999996185303 10.8999996185303 11 -3.4e+38 -3.4e+38 -3.4e+38 -3.4e+38 -3.4e+38 -3.4e+38 10.1999998092651 10.3999996185303 10.1999998092651 10.1000003814697 9.60000038146973 9.60000038146973 9.19999980926514 9.10000038146973 9.89999961853027 10 10.1999998092651 9.5 9.10000038146973 9.19999980926514 9.5 9.30000019073486 9.10000038146973 9 8.60000038146973 8.39999961853027
10.1999998092651 9.89999961853027 9.69999980926514 10.1000003814697 10.1000003814697 10.1999998092651 10.6000003814697 10.1999998092651 9.69999980926514 10.1000003814697 10.3999996185303 10.5 10.3999996185303 10.1999998092651 10.5 10.6000003814697 10.3999996185303 9.60000038146973 9.89999961853027 10.3999996185303 10.3999996185303 10.6000003814697 10.6999998092651 10.8000001907349 10.8999996185303 10.6999998092651 11 -3.4e+38 -3.4e+38 -3.4e+38 -3.4e+38 -3.4e+38 -3.4e+38 -3.4e+38 -3.4e+38 10.5 10.5 10.3000001907349 10.1000003814697 9.89999961853027 9.60000038146973 9.19999980926514 9.60000038146973 10 10.1999998092651 10.3999996185303 10.1999998092651 9.10000038146973 9.10000038146973 9.19999980926514 9.5 9.39999961853027 9.19999980926514 9 8.10000038146973
10.5 9.89999961853027 9.30000019073486 9.80000019073486 9.30000019073486 9.89999961853027 10.1999998092651 9.69999980926514 9.80000019073486 10.1000003814697 10.1000003814697 10.5 10 9.60000038146973 9.80000019073486 10.5 10.3999996185303 10.1000003814697 9.69999980926514 10.3000001907349 10 10.3999996185303 10.8000001907349 10.8000001907349 10.8999996185303 10.8000001907349 10.8999996185303 -3.4e+38 -3.4e+38 -3.4e+38 -3.4e+38 -3.4e+38 -3.4e+38 -3.4e+38 -3.4e+38 -3.4e+38 10.5 10.1999998092651 10.1000003814697 9.10000038146973 9.10000038146973 9.69999980926514 10 10.1000003814697 10.3999996185303 10.5 10.3000001907349 9.89999961853027 10 9.5 9.30000019073486 9.19999980926514 8.60000038146973 8.60000038146973 8.39999961853027
10.6000003814697 9.69999980926514 9.30000019073486 9.69999980926514 10.1999998092651 10.1000003814697 9.89999961853027 10.1000003814697 10.1000003814697 10.1000003814697 9.89999961853027 9.89999961853027 9.69999980926514 9.5 10 10.6000003814697 10.1000003814697 9.69999980926514 10 10.1000003814697 10.1000003814697 10.3000001907349 10.3000001907349 10.6000003814697 10.8999996185303 10.8000001907349 10.8000001907349 -3.4e+38 -3.4e+38 -3.4e+38 -3.4e+38 -3.4e+38 -3.4e+38 -3.4e+38 -3.4e+38 -3.4e+38 10.1000003814697 10 9.60000038146973 8.80000019073486 8.5 9.60000038146973 10.1000003814697 10.3999996185303 10.5 10.3999996185303 10 10.1000003814697 8.69999980926514 8.19999980926514 8.69999980926514 9.19999980926514 9.19999980926514 9 8.60000038146973
9.80000019073486 9.10000038146973 9.5 9.80000019073486 9.60000038146973 9.30000019073486 9.89999961853027 9.69999980926514 9.69999980926514 9.80000019073486 9.69999980926514 9.80000019073486 9.39999961853027 10 10.5 10.6000003814697 10.3999996185303 10.3000001907349 10.3000001907349 9.89999961853027 9.80000019073486 9.80000019073486 10.1999998092651 10.5 10.6999998092651 10.8000001907349 10.6999998092651 11 -3.4e+38 -3.4e+38 -3.4e+38 -3.4e+38 -3.4e+38 -3.4e+38 -3.4e+38 10.1999998092651 10.1000003814697 10.1000003814697 9.60000038146973 8.60000038146973 7.69999980926514 8.89999961853027 10 10.1000003814697 10.3000001907349 10.1999998092651 10 9.19999980926514 8.80000019073486 8.80000019073486 8.80000019073486 9.10000038146973 9.10000038146973 9 8.60000038146973
8.69999980926514 9 9.60000038146973 9.80000019073486 9.30000019073486 9.5 9.30000019073486 9.39999961853027 9.69999980926514 9.30000019073486 10.1000003814697 9.39999961853027 9.80000019073486 10 10.5 10.6000003814697 10.3999996185303 10.1999998092651 10.1000003814697 9.89999961853027 9.80000019073486 9.80000019073486 10.1000003814697 10.3999996185303 10.6000003814697 10.6999998092651 11 11 -3.4e+38 -3.4e+38 -3.4e+38 -3.4e+38 -3.4e+38 -3.4e+38 -3.4e+38 10.3000001907349 10 10.1000003814697 9.69999980926514 8.80000019073486 7.80000019073486 8 10.1999998092651 10.5 10.5 10.1000003814697 10 9.80000019073486 9.39999961853027 9.5 9.39999961853027 8.89999961853027 8.60000038146973 8.60000038146973 8.19999980926514
9.30000019073486 9.30000019073486 9.30000019073486 9.30000019073486 9.5 9.60000038146973 9.5 9.69999980926514 9.89999961853027 10.1999998092651 10.1000003814697 10.1000003814697 10.1000003814697 10.1999998092651 10.5 10.5 10.3999996185303 10.1000003814697 10.1000003814697 9.5 9.60000038146973 9.69999980926514 10.1000003814697 10 10.3999996185303 10.6999998092651 10.8000001907349 11.1999998092651 -3.4e+38 -3.4e+38 -3.4e+38 -3.4e+38 -3.4e+38 -3.4e+38 -3.4e+38 10.3000001907349 10.1000003814697 10.1000003814697 9.69999980926514 8 8.19999980926514 9.60000038146973 10.3999996185303 10.5 10.5 10.3999996185303 10 10 9.80000019073486 9.69999980926514 9.5 8.69999980926514 8.39999961853027 7.69999980926514 8.19999980926514
9.5 9.30000019073486 9.60000038146973 9.69999980926514 9.80000019073486 9.69999980926514 9.69999980926514 9.69999980926514 10.1000003814697 10.3000001907349 10.1999998092651 10.3000001907349 10.1000003814697 10.1000003814697 10.5 10.3999996185303 10.1000003814697 10.3000001907349 10.1999998092651 9.80000019073486 9.60000038146973 10 10.1000003814697 10.3000001907349 10.6999998092651 10.5 10.6000003814697 11.1999998092651 -3.4e+38 -3.4e+38 -3.4e+38 -3.4e+38 -3.4e+38 -3.4e+38 -3.4e+38 10.5 10.1000003814697 9.80000019073486 9.39999961853027 8.80000019073486 8.80000019073486 9.5 10 10.5 10.5 9.80000019073486 10 10.1999998092651 9.60000038146973 9.19999980926514 9.10000038146973 8.69999980926514 7.80000019073486 7.80000019073486 7.90000009536743
9.19999980926514 9.5 9.39999961853027 10 9.89999961853027 9.69999980926514 9.69999980926514 9.80000019073486 10.1999998092651 10.1000003814697 10.3999996185303 10.3999996185303 10.1000003814697 10.1000003814697 10.5 10.3999996185303 10.3000001907349 10.3000001907349 10.3999996185303 10.3000001907349 10.1000003814697 10 10.3000001907349 10.6000003814697 10.8000001907349 10.6000003814697 10.8999996185303 11.1999998092651 -3.4e+38 -3.4e+38 -3.4e+38 -3.4e+38 -3.4e+38 -3.4e+38 -3.4e+38 10.3999996185303 10.1000003814697 9.89999961853027 9.39999961853027 9.30000019073486 9 9.69999980926514 10.1000003814697 10.6000003814697 10.5 10.1999998092651 10.3999996185303 10 9.80000019073486 9.10000038146973 8.60000038146973 8.69999980926514 8.30000019073486 7.80000019073486 7.19999980926514
9.30000019073486 9.60000038146973 9.89999961853027 10 10.1999998092651 9.60000038146973 10 10 9.89999961853027 10 10.3999996185303 10.5 10.1999998092651 10.3000001907349 10.3000001907349 10.3000001907349 10.1999998092651 10.1999998092651 10.3999996185303 10.3999996185303 10.3000001907349 10.6000003814697 10.3000001907349 10.5 10.6999998092651 10.3000001907349 10.6999998092651 -3.4e+38 -3.4e+38 -3.4e+38 -3.4e+38 -3.4e+38 -3.4e+38 -3.4e+38 -3.4e+38 10.3999996185303 10.1999998092651 10.1000003814697 9.69999980926514 9.69999980926514 9.60000038146973 10 10.6000003814697 10.8000001907349 10.5 10.5 10.6000003814697 10.3999996185303 10.1000003814697 9.80000019073486 9 8.60000038146973 7.80000019073486 8.39999961853027 7.80000019073486
9.39999961853027 9.80000019073486 9.5 9.69999980926514 9.89999961853027 9.69999980926514 9.69999980926514 9.60000038146973 9.80000019073486 10 10.1999998092651 10.5 10.1000003814697 10.1000003814697 10.1999998092651 10.3000001907349 10.1999998092651 10.1999998092651 10.3000001907349 10.3000001907349 10.3000001907349 10.6000003814697 10.3000001907349 10.6999998092651 10.8000001907349 10.6000003814697 10.8000001907349 -3.4e+38 -3.4e+38 -3.4e+38 -3.4e+38 -3.4e+38 -3.4e+38 -3.4e+38 -3.4e+38 10.6000003814697 10.1999998092651 10.1999998092651 10.1999998092651 9.30000019073486 10 10.5 10.5 10.8999996185303 10.8000001907349 10.6999998092651 10.5 10.5 10.1000003814697 9.80000019073486 9.69999980926514 9 8.69999980926514 8.19999980926514 8.69999980926514
10.1999998092651 10.3000001907349 10.3000001907349 10.5 10.1999998092651 10.3000001907349 10.1999998092651 10.1999998092651 9.69999980926514 10.1000003814697 10.1000003814697 10.1000003814697 10.3999996185303 10.1000003814697 10.3000001907349 10.1999998092651 10.1999998092651 10.1999998092651 10.1999998092651 10.1000003814697 9.5 9.69999980926514 10.5 10.6999998092651 10.8000001907349 10.6999998092651 11.1000003814697 -3.4e+38 -3.4e+38 -3.4e+38 -3.4e+38 -3.4e+38 -3.4e+38 -3.4e+38 -3.4e+38 10.6000003814697 10.3999996185303 10.1999998092651 10.3000001907349 10.1999998092651 10.1000003814697 10.1000003814697 10.8999996185303 10.1999998092651 10.5 10.5 10.3999996185303 10.5 10 10 9.69999980926514 9.5 9 9 8.80000019073486
10.3999996185303 9.80000019073486 9.80000019073486 9.80000019073486 10.3000001907349 10 10.6000003814697 10.1000003814697 9.69999980926514 9.80000019073486 10.1000003814697 10.6000003814697 10.6000003814697 10.5 10.3999996185303 10.3000001907349 10.1999998092651 10.1999998092651 10.1999998092651 10.1000003814697 9.39999961853027 9.10000038146973 10.1999998092651 10.8999996185303 11.1999998092651 11.1000003814697 11 11.3999996185303 -3.4e+38 -3.4e+38 -3.4e+38 -3.4e+38 -3.4e+38 -3.4e+38 -3.4e+38 10.6000003814697 10.6000003814697 10.6000003814697 10.6999998092651 10.6000003814697 10.1000003814697 10.6000003814697 10.8999996185303 10.5 10.5 10.3000001907349 10.1000003814697 10.1000003814697 10 9.89999961853027 9.60000038146973 9.60000038146973 9.19999980926514 8.69999980926514 8.60000038146973
