data/bioclim/MCMT1.asc
NCOLS 391 
NROWS 575 
XLLCORNER -1773000 
YLLCORNER 4368000 
CELLSIZE 1000 
NODATA_value -3.4e+38 
[rows 312 to 335 of 575, columns 220 to 274 of 391]
-3.4e+38 -3.4e+38 -3.4e+38 -3.4e+38 -3.4e+38 -3.4e+38 -3.4e+38 -3.4e+38 -3.4e+38 -3.4e+38 -3.4e+38 -3.4e+38 -3.4e+38 -3.4e+38 9.10000038146973 9 8.69999980926514 8.60000038146973 8.60000038146973 8.39999961853027 7.90000009536743 8.19999980926514 8.89999961853027 9.5 9.89999961853027 10 9.89999961853027 10.1999998092651 10.1000003814697 9.89999961853027 9.39999961853027 9.39999961853027 9.39999961853027 10.3000001907349 10.3000001907349 10.5 10 9.69999980926514 10.1000003814697 10.1999998092651 10.1999998092651 9.69999980926514 10.3999996185303 10.5 10.5 10.5 10.3999996185303 10.3999996185303 10.1999998092651 9.89999961853027 9.69999980926514 10.1000003814697 9.30000019073486 9.89999961853027 9.19999980926514
-3.4e+38 -3.4e+38 -3.4e+38 -3.4e+38 -3.4e+38 -3.4e+38 -3.4e+38 -3.4e+38 -3.4e+38 -3.4e+38 -3.4e+38 -3.4e+38 -3.4e+38 -3.4e+38 9.10000038146973 9 8.89999961853027 8.80000019073486 9 8.39999961853027 8.39999961853027 9.10000038146973 9.30000019073486 9.39999961853027 9.80000019073486 9.89999961853027 9.89999961853027 9.5 10.5 10.3999996185303 9.89999961853027 9.80000019073486 9.89999961853027 10.3000001907349 10.3999996185303 10.6999998092651 10.1999998092651 9.80000019073486 9.39999961853027 10.1000003814697 10.3999996185303 10.3999996185303 10.8000001907349 10.5 10.5 10.3000001907349 10.5 10.3999996185303 10 10.1000003814697 9.69999980926514 9.69999980926514 9.69999980926514 9.30000019073486 8.60000038146973
-3.4e+38 -3.4e+38 -3.4e+38 -3.4e+38 -3.4e+38 -3.4e+38 -3.4e+38 -3.4e+38 -3.4e+38 -3.4e+38 -3.4e+38 -3.4e+38 -3.4e+38 9.10000038146973 9.10000038146973 8.89999961853027 8.80000019073486 8.69999980926514 9.10000038146973 8.60000038146973 8.19999980926514 8.60000038146973 8.89999961853027 9.39999961853027 9 9.5 9.89999961853027 9.39999961853027 10.6000003814697 10.5 10.1999998092651 10 9.5 9.80000019073486 10.3999996185303 10.6999998092651 10.3999996185303 9.60000038146973 9.80000019073486 10.1000003814697 10.8999996185303 10.8000001907349 10.6000003814697 10.6000003814697 10.6000003814697 10.5 10.1999998092651 10.1999998092651 10.1000003814697 9.69999980926514 8.89999961853027 9.60000038146973 9.69999980926514 8.80000019073486 7.90000009536743
-3.4e+38 -3.4e+38 -3.4e+38 -3.4e+38 -3.4e+38 -3.4e+38 -3.4e+38 -3.4e+38 -3.4e+38 9.39999961853027 9.39999961853027 9.30000019073486 9.10000038146973 9.10000038146973 8.89999961853027 8.69999980926514 8.39999961853027 9.10000038146973 9.10000038146973 9.10000038146973 8.60000038146973 8.60000038146973 8.60000038146973 9.5 9.39999961853027 9.5 9.89999961853027 10.1999998092651 10.5 10.6999998092651 10.6999998092651 10.3999996185303 10 10.3999996185303 10.6999998092651 10.8000001907349 10.1999998092651 10 9.30000019073486 10.1999998092651 11 10.8000001907349 10.6000003814697 10.6000003814697 10.1999998092651 10.3000001907349 10.1999998092651 10.1000003814697 9.69999980926514 9 8.39999961853027 8.60000038146973 8.69999980926514 8.89999961853027 7.19999980926514
-3.4e+38 -3.4e+38 -3.4e+38 -3.4e+38 -3.4e+38 -3.4e+38 -3.4e+38 -3.4e+38 9.39999961853027 9.39999961853027 9.39999961853027 9.30000019073486 9 8.80000019073486 8.39999961853027 8.10000038146973 8.19999980926514 8.5 9.19999980926514 9.39999961853027 9.5 9.10000038146973 8.60000038146973 9.5 9.89999961853027 9.89999961853027 9.5 10.3000001907349 10.5 10.5 10.6999998092651 10.8999996185303 9.39999961853027 10.6999998092651 10.8999996185303 11.1999998092651 10.3000001907349 10.6999998092651 9.30000019073486 10.5 10.3000001907349 10.1999998092651 10.1999998092651 10.1999998092651 10.1999998092651 10.1999998092651 10.1999998092651 9.80000019073486 9.19999980926514 8.60000038146973 8.39999961853027 7.59999990463257 7.5 7.90000009536743 7
-3.4e+38 -3.4e+38 -3.4e+38 -3.4e+38 -3.4e+38 -3.4e+38 -3.4e+38 -3.4e+38 9.30000019073486 9.30000019073486 9.30000019073486 9.19999980926514 9 8.80000019073486 8.39999961853027 7.90000009536743 7.30000019073486 8.10000038146973 8.69999980926514 9.19999980926514 9.69999980926514 9.5 9.10000038146973 8.89999961853027 9.30000019073486 8.60000038146973 8.89999961853027 10.1000003814697 10.3000001907349 10.6999998092651 10.8000001907349 10.6999998092651 10.6000003814697 10.8000001907349 11.1000003814697 11.1000003814697 11.1999998092651 10.8999996185303 10.8000001907349 11.1000003814697 9.60000038146973 10.1999998092651 10.1999998092651 10.3999996185303 9.89999961853027 10.1999998092651 10.1000003814697 9.60000038146973 8.5 8.39999961853027 7.90000009536743 7 7 7.5 7.59999990463257
-3.4e+38 -3.4e+38 -3.4e+38 -3.4e+38 -3.4e+38 -3.4e+38 -3.4e+38 -3.4e+38 9.30000019073486 9.30000019073486 9.19999980926514 9.19999980926514 8.69999980926514 8.80000019073486 8.69999980926514 8.5 8.10000038146973 9.10000038146973 9 9.10000038146973 9.80000019073486 10 9.5 8.60000038146973 8.89999961853027 8.19999980926514 8.60000038146973 9.30000019073486 10.3999996185303 10.6999998092651 10.8999996185303 10.8000001907349 11 11 10.8000001907349 11 10.8999996185303 10.6999998092651 10.6999998092651 10.6999998092651 10.3000001907349 9.69999980926514 9.80000019073486 9.80000019073486 10 9.69999980926514 9.69999980926514 9.5 8.80000019073486 7.09999990463257 6.19999980926514 6.59999990463257 6.09999990463257 6.90000009536743 7.5
-3.4e+38 -3.4e+38 -3.4e+38 -3.4e+38 -3.4e+38 -3.4e+38 9.30000019073486 9.19999980926514 9.30000019073486 9.19999980926514 9.10000038146973 9 8.89999961853027 8.80000019073486 8.69999980926514 8.10000038146973 8.19999980926514 9.10000038146973 9.39999961853027 9.60000038146973 9.60000038146973 10 9.89999961853027 10.1000003814697 9.80000019073486 9.19999980926514 9.69999980926514 10 10.3999996185303 10.6999998092651 10.8999996185303 10.8999996185303 10.8999996185303 11.1999998092651 11.1000003814697 11.1999998092651 -3.4e+38 10.8000001907349 10.8000001907349 10.6000003814697 10.3000001907349 9.60000038146973 9.60000038146973 9.30000019073486 9.60000038146973 9.39999961853027 8.39999961853027 8.5 8.5 7.59999990463257 6.59999990463257 6.40000009536743 6.5 6.59999990463257 7.5
-3.4e+38 -3.4e+38 -3.4e+38 -3.4e+38 -3.4e+38 9.30000019073486 9.30000019073486 9.19999980926514 9.10000038146973 9.10000038146973 8.69999980926514 8.89999961853027 8.80000019073486 8.69999980926514 8.60000038146973 8.10000038146973 7.90000009536743 8.69999980926514 9.10000038146973 9.5 9.5 9.60000038146973 10 10.3999996185303 10 10.1000003814697 10 10.3999996185303 10.6000003814697 10.8000001907349 11 11.1000003814697 11 11.1999998092651 -3.4e+38 -3.4e+38 -3.4e+38 11.1999998092651 10.8000001907349 10.6999998092651 10.3000001907349 10.1999998092651 10.1000003814697 9.69999980926514 9.39999961853027 9 7.90000009536743 7 6.69999980926514 7.59999990463257 7.19999980926514 6.59999990463257 6.19999980926514 6.09999990463257 7.80000019073486
-3.4e+38 -3.4e+38 -3.4e+38 -3.4e+38 -3.4e+38 9.30000019073486 9.19999980926514 9 9.10000038146973 8.89999961853027 8.89999961853027 8.89999961853027 8.80000019073486 8.69999980926514 8.89999961853027 7.90000009536743 7.59999990463257 8.39999961853027 8.89999961853027 9.10000038146973 9.60000038146973 10 10.3000001907349 10.5 10.1999998092651 10.3999996185303 10.3999996185303 10.3999996185303 10.6999998092651 10.8999996185303 11.1999998092651 11.1000003814697 11.1999998092651 -3.4e+38 -3.4e+38 11.3000001907349 11.1999998092651 11.1999998092651 10.8000001907349 10.6999998092651 10.1000003814697 9.69999980926514 10.1000003814697 9.30000019073486 9.19999980926514 9.39999961853027 8.80000019073486 8.19999980926514 7.90000009536743 6.69999980926514 6.30000019073486 5.69999980926514 6.09999990463257 6.40000009536743 7
-3.4e+38 -3.4e+38 -3.4e+38 -3.4e+38 9.30000019073486 9.19999980926514 9 8.80000019073486 8.89999961853027 9 9 8.80000019073486 8.89999961853027 8.80000019073486 9.19999980926514 8.80000019073486 8.5 8.60000038146973 8.69999980926514 9.19999980926514 9.60000038146973 9.69999980926514 9.80000019073486 10.1000003814697 10.6999998092651 10.6000003814697 9.69999980926514 10.3999996185303 11 11.1000003814697 11.1999998092651 11.1999998092651 -3.4e+38 -3.4e+38 11.1000003814697 11 10.6999998092651 10.8000001907349 10.6999998092651 10.3000001907349 9.39999961853027 9.39999961853027 9.5 9.60000038146973 9.19999980926514 8.69999980926514 8 8.19999980926514 7.40000009536743 6.59999990463257 6.09999990463257 5.69999980926514 6.30000019073486 6.90000009536743 7.19999980926514
-3.4e+38 -3.4e+38 -3.4e+38 9.30000019073486 9.19999980926514 9 9.10000038146973 8.80000019073486 8.80000019073486 8.69999980926514 9.19999980926514 9.19999980926514 9.30000019073486 9.19999980926514 9.10000038146973 9.19999980926514 9.10000038146973 9 9 9.19999980926514 9.19999980926514 9.60000038146973 10 9.69999980926514 10.1999998092651 10.6000003814697 10.8000001907349 10.8999996185303 11 11.1999998092651 11.3000001907349 -3.4e+38 -3.4e+38 -3.4e+38 11.1000003814697 10.8000001907349 10.5 10.3999996185303 10.1999998092651 10.3000001907349 9.80000019073486 9.39999961853027 9.19999980926514 9.60000038146973 9.39999961853027 8.69999980926514 7 6.40000009536743 4.80000019073486 5.69999980926514 5.19999980926514 5.69999980926514 6.5 6.90000009536743 7.40000009536743
-3.4e+38 -3.4e+38 9.19999980926514 9.10000038146973 9 8.80000019073486 8.80000019073486 8.89999961853027 8.80000019073486 9 9.10000038146973 9.19999980926514 9.39999961853027 9.5 9.39999961853027 9.30000019073486 9.30000019073486 9.30000019073486 9.10000038146973 9.30000019073486 9.19999980926514 9.19999980926514 10 10.3000001907349 10.6999998092651 10.8999996185303 11.1000003814697 11 11.1000003814697 11.1000003814697 -3.4e+38 -3.4e+38 -3.4e+38 11 10.8000001907349 10.3999996185303 10.1000003814697 10.1000003814697 9.89999961853027 10 9.89999961853027 9.39999961853027 8.69999980926514 9.30000019073486 8.5 7 6.69999980926514 6.30000019073486 4.69999980926514 5.09999990463257 5.09999990463257 4.90000009536743 5.09999990463257 6.90000009536743 6.69999980926514
-3.4e+38 8.89999961853027 9.19999980926514 9 8.80000019073486 8.69999980926514 8.69999980926514 8.80000019073486 8.69999980926514 8.69999980926514 9.19999980926514 9.39999961853027 9.5 9.60000038146973 9.39999961853027 9.10000038146973 9.39999961853027 9.60000038146973 9.60000038146973 9.5 9.5 9.69999980926514 10.5 10.8000001907349 10.8999996185303 10.8999996185303 10.8999996185303 11.1000003814697 11.1000003814697 11.1999998092651 -3.4e+38 -3.4e+38 -3.4e+38 10.8000001907349 10.8999996185303 10.5 9.89999961853027 10 10.1999998092651 10 9.89999961853027 9.5 9.5 9.39999961853027 8.19999980926514 8 7.59999990463257 7.19999980926514 6.5 5.90000009536743 5.19999980926514 4.69999980926514 5.40000009536743 6.40000009536743 5.80000019073486
9 9.10000038146973 9.19999980926514 9.10000038146973 8.80000019073486 8.69999980926514 8.60000038146973 8.60000038146973 8.5 8.80000019073486 9.10000038146973 9.10000038146973 9.30000019073486 9.30000019073486 9.10000038146973 9.19999980926514 9.39999961853027 9.5 9.39999961853027 10 9.5 10 10.8000001907349 10.8999996185303 10.8999996185303 11 10.8999996185303 10.8999996185303 11.1000003814697 11.3000001907349 -3.4e+38 -3.4e+38 11.1000003814697 10.8999996185303 11 10.8000001907349 10.6999998092651 10.5 10.3999996185303 10 10 9.89999961853027 9.89999961853027 9.39999961853027 8.60000038146973 7.19999980926514 6.09999990463257 6 6.19999980926514 5 5.19999980926514 5.19999980926514 4.69999980926514 5.40000009536743 4.69999980926514
9 9.10000038146973 9 8.80000019073486 8.69999980926514 8.69999980926514 8.60000038146973 8.5 8.30000019073486 9 8.60000038146973 8.5 8.60000038146973 8.89999961853027 9.39999961853027 9.39999961853027 9.30000019073486 8.80000019073486 8.5 9.10000038146973 10.6000003814697 10.8000001907349 10.3999996185303 10.8999996185303 11 11.1000003814697 11.1999998092651 11.1999998092651 11.1999998092651 11.3000001907349 -3.4e+38 -3.4e+38 11.1999998092651 10.8999996185303 10.8000001907349 10.8000001907349 10.8999996185303 10.8000001907349 10.3999996185303 10.3999996185303 10.3999996185303 10.1999998092651 10 9.19999980926514 8.69999980926514 7.59999990463257 6 5.59999990463257 5.30000019073486 5.30000019073486 5.30000019073486 5.59999990463257 4.69999980926514 4.59999990463257 4.30000019073486
9 8.80000019073486 8.80000019073486 8.39999961853027 8.30000019073486 8.60000038146973 8.60000038146973 8.39999961853027 8.30000019073486 8.30000019073486 8.60000038146973 7.5 8.39999961853027 8.89999961853027 9.30000019073486 9.39999961853027 8.80000019073486 8.39999961853027 8.80000019073486 8.60000038146973 9.5 9.89999961853027 10.3000001907349 10.5 11.1000003814697 10.8999996185303 11.1999998092651 11.3000001907349 11.3000001907349 11.3000001907349 -3.4e+38 11.3999996185303 11.1999998092651 10.8999996185303 10.3999996185303 10.5 10.5 10.3999996185303 10.6999998092651 10.1000003814697 10.1000003814697 9.89999961853027 9.89999961853027 8.80000019073486 8.10000038146973 6.40000009536743 6.59999990463257 6.30000019073486 5.69999980926514 5.80000019073486 5.5 5.90000009536743 5.19999980926514 4.30000019073486 5.19999980926514
8.89999961853027 9 8.80000019073486 8.69999980926514 8.5 8.30000019073486 8.5 8.39999961853027 8.19999980926514 8 8.69999980926514 8.30000019073486 8.30000019073486 8.80000019073486 9 8.89999961853027 8.19999980926514 8.69999980926514 8.89999961853027 9.5 9.10000038146973 9.5 10 10.6999998092651 10.6999998092651 10.6000003814697 10.8999996185303 10.8999996185303 11.3000001907349 -3.4e+38 -3.4e+38 11.1000003814697 11 10.8999996185303 10.8999996185303 10.8999996185303 10.8000001907349 10.6000003814697 10 10 9.5 9.10000038146973 9.19999980926514 9.19999980926514 9.5 9.10000038146973 8.80000019073486 6.30000019073486 7.5 6.09999990463257 5.30000019073486 5.69999980926514 4.90000009536743 5.59999990463257 6
8.80000019073486 9 8.80000019073486 8.80000019073486 8.60000038146973 8.5 8.30000019073486 8.10000038146973 8.30000019073486 8 8.69999980926514 8.30000019073486 8.39999961853027 9 8.19999980926514 9.19999980926514 8.60000038146973 9 9.30000019073486 9.5 9.39999961853027 9.80000019073486 9.69999980926514 10.6000003814697 10.8999996185303 10.8999996185303 10.8999996185303 11.3000001907349 11.6000003814697 -3.4e+38 -3.4e+38 11.1999998092651 11 11.1000003814697 11 10.8999996185303 10.6999998092651 10.5 10.5 9.10000038146973 9.10000038146973 9.19999980926514 9.19999980926514 8 7.09999990463257 7.90000009536743 7.59999990463257 8.5 8.39999961853027 5.80000019073486 6 5.90000009536743 5.59999990463257 5.40000009536743 5.5
8.80000019073486 8.80000019073486 8.69999980926514 8.69999980926514 8.30000019073486 8.30000019073486 8.30000019073486 7.90000009536743 7.90000009536743 7.90000009536743 8.10000038146973 7.59999990463257 7.80000019073486 8.60000038146973 8.5 8.30000019073486 8.60000038146973 9 9 9.19999980926514 9 9 9.39999961853027 10.1000003814697 11.1000003814697 11.3000001907349 11.3999996185303 11.3999996185303 11.6000003814697 -3.4e+38 -3.4e+38 11.3999996185303 11.1999998092651 10.8999996185303 10.8999996185303 10.8999996185303 10.3000001907349 10.5 9.80000019073486 9.5 9 8.60000038146973 8.80000019073486 8.5 7.5 6.09999990463257 6.59999990463257 7 7.09999990463257 7.59999990463257 6.19999980926514 5.90000009536743 5.69999980926514 5.40000009536743 5.30000019073486
8.69999980926514 8.69999980926514 8.60000038146973 8.5 8.5 8.30000019073486 8.30000019073486 8 7.90000009536743 7.90000009536743 7.40000009536743 7.19999980926514 8 7.80000019073486 8.39999961853027 8.80000019073486 7.59999990463257 8.19999980926514 8.69999980926514 9.5 10.1000003814697 9.69999980926514 10 10.5 10.6000003814697 10.8000001907349 11 11.3999996185303 -3.4e+38 -3.4e+38 -3.4e+38 11.1999998092651 11 11 9.69999980926514 9.19999980926514 9.69999980926514 9.5 9 8.89999961853027 8.5 8.10000038146973 8.30000019073486 7.69999980926514 5.69999980926514 5.30000019073486 5.19999980926514 6.09999990463257 6.30000019073486 5.40000009536743 5.40000009536743 6 5.69999980926514 5.69999980926514 6.30000019073486
8.80000019073486 8.60000038146973 8.60000038146973 8.39999961853027 8.39999961853027 8.30000019073486 8.30000019073486 8.10000038146973 7.5 6.09999990463257 5.90000009536743 6.69999980926514 7.19999980926514 7.80000019073486 8 8.69999980926514 8.19999980926514 7.90000009536743 8.19999980926514 9.60000038146973 9.89999961853027 10.3000001907349 10.3999996185303 10.5 10.6000003814697 10.8000001907349 11 11.3999996185303 -3.4e+38 -3.4e+38 -3.4e+38 -3.4e+38 10.8999996185303 10.6000003814697 9.30000019073486 8.19999980926514 9.10000038146973 10 8.89999961853027 8.80000019073486 8 8.19999980926514 8 6.90000009536743 6 5.5 5.19999980926514 5.40000009536743 6.09999990463257 5.30000019073486 4.90000009536743 6 5.90000009536743 6.09999990463257 5.69999980926514
8.80000019073486 8.60000038146973 8.60000038146973 8.5 8.39999961853027 8.30000019073486 8.10000038146973 7.90000009536743 7.69999980926514 6.09999990463257 5.59999990463257 7 7.80000019073486 7.5 8.19999980926514 7.5 7.90000009536743 8.30000019073486 8.60000038146973 8.60000038146973 9.5 10.1000003814697 10.8000001907349 10.5 10.8999996185303 11 11 11.6999998092651 -3.4e+38 -3.4e+38 -3.4e+38 -3.4e+38 11.1000003814697 10.8000001907349 9.89999961853027 8.5 8.19999980926514 9.19999980926514 9.10000038146973 8.89999961853027 9.10000038146973 8.19999980926514 7.90000009536743 7.80000019073486 7.5 6.59999990463257 4.5 4.30000019073486 5.40000009536743 5.5 6.30000019073486 7 7.5 6.09999990463257 6.09999990463257
8.89999961853027 8.80000019073486 8.69999980926514 8.39999961853027 8.10000038146973 7.90000009536743 7.69999980926514 7.90000009536743 7.69999980926514 6.40000009536743 5.90000009536743 6.69999980926514 7.69999980926514 7.59999990463257 8.19999980926514 7.69999980926514 8.19999980926514 8.89999961853027 8.69999980926514 9.30000019073486 9.89999961853027 9.89999961853027 9.80000019073486 10.8999996185303 11.3000001907349 11.5 11.5 11.6999998092651 -3.4e+38 -3.4e+38 -3.4e+38 -3.4e+38 11.1999998092651 10.8999996185303 10.1000003814697 9.10000038146973 8.60000038146973 8.60000038146973 9.39999961853027 8.39999961853027 8.39999961853027 8.5 7.80000019073486 7.40000009536743 7.19999980926514 6 5.19999980926514 4.69999980926514 5 5.90000009536743 6.59999990463257 7 8 7.80000019073486 7.59999990463257
