data/bioclim/MCMT1.asc
NCOLS 391 
NROWS 575 
XLLCORNER -1773000 
YLLCORNER 4368000 
CELLSIZE 1000 
NODATA_value -3.4e+38 
[rows 384 to 407 of 575, columns 110 to 164 of 391]
12.5 11.8999996185303 11.6000003814697 10.8000001907349 10.6000003814697 11.6000003814697 11.5 10.3000001907349 10.5 10.8000001907349 11.1000003814697 11.1999998092651 11.1999998092651 12.5 12.6000003814697 13.1000003814697 -3.4e+38 -3.4e+38 -3.4e+38 -3.4e+38 -3.4e+38 -3.4e+38 -3.4e+38 -3.4e+38 -3.4e+38 -3.4e+38 -3.4e+38 -3.4e+38 -3.4e+38 -3.4e+38 -3.4e+38 -3.4e+38 -3.4e+38 -3.4e+38 -3.4e+38 -3.4e+38 -3.4e+38 -3.4e+38 13.3000001907349 13.3000001907349 12.8999996185303 12.3000001907349 12.5 12.6000003814697 12.3000001907349 12.1000003814697 12.1999998092651 10.8999996185303 9.60000038146973 10.3000001907349 10.5 10.6999998092651 10.8000001907349 11.1000003814697 11.5
13 12.1999998092651 12 11.1000003814697 10.6000003814697 11.6000003814697 11.3000001907349 10.3000001907349 10.3000001907349 10.8000001907349 10.8000001907349 11.1000003814697 11.3999996185303 11.8000001907349 12.5 13.1999998092651 -3.4e+38 -3.4e+38 -3.4e+38 -3.4e+38 -3.4e+38 -3.4e+38 -3.4e+38 -3.4e+38 -3.4e+38 -3.4e+38 -3.4e+38 -3.4e+38 -3.4e+38 -3.4e+38 -3.4e+38 -3.4e+38 -3.4e+38 -3.4e+38 -3.4e+38 -3.4e+38 -3.4e+38 -3.4e+38 13.1000003814697 13.3000001907349 13.1999998092651 12.8999996185303 12.6999998092651 12.1999998092651 12.3000001907349 12.1999998092651 11.8999996185303 11.1000003814697 10.3000001907349 9.80000019073486 10.1000003814697 9.69999980926514 10.8000001907349 10.8000001907349 11.3000001907349
13.3999996185303 12.6999998092651 12.3999996185303 12 10.5 10.8000001907349 11 10.1999998092651 10.3999996185303 10.6000003814697 10.8000001907349 10.8999996185303 11.5 11.8999996185303 12.6000003814697 13.5 -3.4e+38 -3.4e+38 -3.4e+38 13.6000003814697 13.1999998092651 13.6000003814697 13.6000003814697 13.5 13.3000001907349 13.1999998092651 -3.4e+38 -3.4e+38 -3.4e+38 -3.4e+38 -3.4e+38 -3.4e+38 -3.4e+38 -3.4e+38 -3.4e+38 -3.4e+38 -3.4e+38 -3.4e+38 13.1999998092651 13.1000003814697 12.8999996185303 12.5 12.3000001907349 12.3000001907349 12.3000001907349 12.1000003814697 12 11.3999996185303 10.3999996185303 9.80000019073486 9.89999961853027 9.60000038146973 10.1999998092651 11.1999998092651 11.3000001907349
13.3000001907349 12.8999996185303 12.5 12.3999996185303 11.6999998092651 11.6000003814697 11.1999998092651 11.1999998092651 9.80000019073486 10.3000001907349 10.6999998092651 11.6000003814697 12.1999998092651 12.6000003814697 13.1999998092651 13.6000003814697 13.6000003814697 13.6000003814697 13.5 13.3999996185303 13.1999998092651 13.3000001907349 13.3000001907349 13 13.1000003814697 13.1000003814697 13.6000003814697 -3.4e+38 -3.4e+38 -3.4e+38 -3.4e+38 -3.4e+38 -3.4e+38 -3.4e+38 -3.4e+38 -3.4e+38 -3.4e+38 -3.4e+38 13.1000003814697 13 12.8000001907349 12.6000003814697 12.3999996185303 12.3000001907349 11.8999996185303 12.1000003814697 11.6999998092651 11.1000003814697 10.6000003814697 9.39999961853027 9.80000019073486 10.1000003814697 10.8000001907349 10.8999996185303 11
13 12.8000001907349 12.1000003814697 12.5 12.1000003814697 12.1000003814697 11.6999998092651 11.3000001907349 10.3999996185303 10.6000003814697 10.6000003814697 11.1999998092651 11.8000001907349 12.6999998092651 13.1999998092651 13.3999996185303 13.6000003814697 13.3000001907349 13.1999998092651 13.3999996185303 12.8999996185303 13.1000003814697 12.8999996185303 12.3999996185303 12.8999996185303 13.1000003814697 13.3000001907349 13.5 -3.4e+38 -3.4e+38 -3.4e+38 -3.4e+38 -3.4e+38 -3.4e+38 -3.4e+38 -3.4e+38 -3.4e+38 -3.4e+38 -3.4e+38 13 12.8999996185303 12.6000003814697 12.6000003814697 12.1000003814697 12.1000003814697 12.1000003814697 11.5 11.1999998092651 10.8999996185303 10.3000001907349 9.60000038146973 9.89999961853027 10.5 10.6999998092651 10.8000001907349
12.8999996185303 12.8999996185303 12.8000001907349 12.5 12.3000001907349 12 12.3000001907349 12.5 10.6000003814697 10.5 10.6000003814697 10.8999996185303 11.6000003814697 12.1999998092651 12.5 12.6999998092651 13.3000001907349 12.8999996185303 13.1999998092651 13 12.6000003814697 12.6000003814697 12.6999998092651 12.8000001907349 12.8999996185303 13.1000003814697 13.3000001907349 13.3999996185303 -3.4e+38 -3.4e+38 -3.4e+38 -3.4e+38 -3.4e+38 -3.4e+38 -3.4e+38 -3.4e+38 -3.4e+38 -3.4e+38 -3.4e+38 13 12.8000001907349 12.6000003814697 12.6000003814697 12.1000003814697 11.8000001907349 11.8999996185303 11.3000001907349 11 11.3000001907349 10.6999998092651 9.80000019073486 9.89999961853027 10.3000001907349 10.8000001907349 10.8999996185303
13.1999998092651 13.1000003814697 12.8999996185303 12.6000003814697 12.6000003814697 12.6000003814697 12.8000001907349 12.5 11.3000001907349 10.6000003814697 10.6000003814697 10.6999998092651 11.1999998092651 11.6999998092651 11.6999998092651 12.8000001907349 13 13 12.8999996185303 13 12.6000003814697 12.8999996185303 12.8999996185303 12.8000001907349 13 13.1000003814697 13.1999998092651 13.3999996185303 13.5 -3.4e+38 -3.4e+38 -3.4e+38 -3.4e+38 -3.4e+38 -3.4e+38 -3.4e+38 -3.4e+38 -3.4e+38 -3.4e+38 13 12.6000003814697 12.6000003814697 12.3000001907349 12.1999998092651 11.8000001907349 11.6999998092651 11.6999998092651 10.8000001907349 9.89999961853027 10.6000003814697 10 9.89999961853027 10.5 10.5 10.8999996185303
13.3000001907349 13.1999998092651 13 12.8000001907349 12.8000001907349 13 13 12.5 11.8000001907349 11.5 10.5 11 11.3000001907349 11.5 11.8999996185303 12.3999996185303 13.1999998092651 13.3999996185303 13 13.3000001907349 13 13 12.6999998092651 13.1000003814697 13 13 13.3000001907349 13.3999996185303 13.5 -3.4e+38 -3.4e+38 -3.4e+38 -3.4e+38 -3.4e+38 -3.4e+38 -3.4e+38 -3.4e+38 -3.4e+38 13.1000003814697 12.8000001907349 12.8000001907349 12.6000003814697 12.3999996185303 12 12.1999998092651 11.6999998092651 11.6999998092651 11.3999996185303 10.6000003814697 9.10000038146973 10.1000003814697 10.1999998092651 10.3999996185303 10.8000001907349 11.1000003814697
13.3000001907349 13.1999998092651 13.1999998092651 13 13.1999998092651 13.1999998092651 13 12.6999998092651 11.8000001907349 10.5 10.3999996185303 11.1000003814697 11.3000001907349 11.3000001907349 11.3000001907349 12.3999996185303 12.8000001907349 13.3999996185303 13.3999996185303 13.5 13.1999998092651 13.1999998092651 13 13.3000001907349 13.1999998092651 13.1999998092651 13.3000001907349 13.3999996185303 -3.4e+38 -3.4e+38 -3.4e+38 -3.4e+38 -3.4e+38 -3.4e+38 -3.4e+38 -3.4e+38 -3.4e+38 -3.4e+38 13.1000003814697 12.8999996185303 12.8000001907349 12.8999996185303 12.3999996185303 12.3999996185303 12.3999996185303 12.3000001907349 11.1000003814697 9.89999961853027 8.89999961853027 9.69999980926514 10.1999998092651 10.3999996185303 10.6000003814697 10.8000001907349 10.6000003814697
13.3000001907349 13.3000001907349 13.1999998092651 13.3000001907349 13.5 13.3000001907349 13 12.6000003814697 11.6000003814697 10 9.39999961853027 11 11.1999998092651 11.6000003814697 11.8000001907349 12.1999998092651 12.5 13.6000003814697 13.6000003814697 13.5 13.5 13.5 13.6999998092651 13.6999998092651 13.3000001907349 13.5 13.3999996185303 13.5 -3.4e+38 -3.4e+38 -3.4e+38 -3.4e+38 -3.4e+38 -3.4e+38 -3.4e+38 -3.4e+38 -3.4e+38 -3.4e+38 13.1000003814697 12.8999996185303 12.8000001907349 12.6000003814697 12.6000003814697 12.3000001907349 12.1999998092651 12 11.1999998092651 10.1999998092651 8.89999961853027 9.39999961853027 10.1999998092651 10.3999996185303 10.3000001907349 10.6999998092651 10.5
13.6000003814697 13.6000003814697 13.6000003814697 13.6000003814697 13.5 12.8999996185303 12.8999996185303 12.1000003814697 11.6000003814697 10.8999996185303 9.39999961853027 10.3000001907349 11.6000003814697 12 12.1000003814697 13 12.6999998092651 12.8000001907349 12.5 13.5 13.5 13.6999998092651 13.6000003814697 13.8000001907349 13.6000003814697 13.6999998092651 13.6000003814697 -3.4e+38 -3.4e+38 -3.4e+38 -3.4e+38 -3.4e+38 -3.4e+38 -3.4e+38 -3.4e+38 -3.4e+38 -3.4e+38 13.1999998092651 13.1000003814697 12.8000001907349 12.6000003814697 12.3999996185303 12.1999998092651 12.1999998092651 12.1000003814697 12.1999998092651 11.6999998092651 11 9.69999980926514 9.30000019073486 9.80000019073486 10.3000001907349 10.3000001907349 10.6999998092651 10.8000001907349
13.6999998092651 13.6000003814697 13.5 13.5 13.5 12.8000001907349 12.3999996185303 12.3000001907349 11.8000001907349 11 10.5 10.8999996185303 11.3000001907349 11.3000001907349 11.3999996185303 12.6000003814697 11.3999996185303 11.6000003814697 11.5 12.8000001907349 12.6000003814697 12.8999996185303 13.1999998092651 13.8999996185303 13.8999996185303 13.8000001907349 13.6000003814697 -3.4e+38 -3.4e+38 -3.4e+38 -3.4e+38 -3.4e+38 -3.4e+38 -3.4e+38 -3.4e+38 -3.4e+38 -3.4e+38 13.1000003814697 12.8999996185303 12.8999996185303 12.6999998092651 12.6999998092651 12.3000001907349 12.1999998092651 12 12.1999998092651 11.8000001907349 10.6999998092651 9.69999980926514 8.60000038146973 9.5 9.60000038146973 9.89999961853027 10.6000003814697 10.8999996185303
13.8000001907349 13.6000003814697 13.8000001907349 13.6000003814697 13.6000003814697 13.3000001907349 12.6999998092651 12.5 12.1999998092651 11.3000001907349 10.3999996185303 10.3999996185303 10.6000003814697 10.5 11.3999996185303 11.6000003814697 10.3999996185303 10.6999998092651 10.8000001907349 11.5 12.1999998092651 13 13.3999996185303 13.3999996185303 13.6999998092651 13.8999996185303 -3.4e+38 -3.4e+38 -3.4e+38 -3.4e+38 -3.4e+38 -3.4e+38 -3.4e+38 -3.4e+38 -3.4e+38 -3.4e+38 13.1999998092651 13.1000003814697 12.8999996185303 12.8999996185303 12.6999998092651 12.6999998092651 12.6999998092651 12.1999998092651 12.1999998092651 11.6000003814697 11.1999998092651 10.1999998092651 10.3999996185303 9.5 8.89999961853027 9.69999980926514 10.1000003814697 10.1999998092651 10.8000001907349
13.8999996185303 13.8000001907349 13.6999998092651 13.6999998092651 13.6999998092651 13.3000001907349 13.1999998092651 12.5 12.3999996185303 11.3999996185303 10 10.1999998092651 10 9.60000038146973 10.1999998092651 10.6999998092651 10.3999996185303 9.19999980926514 11 11.3999996185303 11.6999998092651 12.1000003814697 13.1000003814697 13.5 13.5 13.8000001907349 -3.4e+38 -3.4e+38 -3.4e+38 -3.4e+38 -3.4e+38 -3.4e+38 -3.4e+38 -3.4e+38 -3.4e+38 -3.4e+38 13.1999998092651 13.1000003814697 12.8999996185303 12.8999996185303 12.6999998092651 12.6999998092651 12.1999998092651 12.1000003814697 11.6000003814697 11.6000003814697 11.1999998092651 10.8999996185303 10.5 9.5 8.60000038146973 9.69999980926514 10 9.60000038146973 9.80000019073486
13.8999996185303 13.5 13.3999996185303 13.5 13.8999996185303 13.5 13.1000003814697 13.1999998092651 12.3000001907349 11.3999996185303 9.5 9.60000038146973 9.89999961853027 8.89999961853027 10 9.60000038146973 8.5 9.60000038146973 10.3000001907349 11.3999996185303 11.8999996185303 12.1999998092651 12.3000001907349 14 13.8000001907349 -3.4e+38 -3.4e+38 -3.4e+38 -3.4e+38 -3.4e+38 -3.4e+38 -3.4e+38 -3.4e+38 -3.4e+38 -3.4e+38 -3.4e+38 13.3000001907349 13.1000003814697 12.8000001907349 12.5 12.6999998092651 12.5 12.1999998092651 11.3999996185303 12 11.5 11.3999996185303 11.3999996185303 10.8999996185303 10.1999998092651 9 9.10000038146973 9.30000019073486 9.69999980926514 10.3000001907349
13.8000001907349 13.8000001907349 13.6000003814697 13.1000003814697 13.8000001907349 13.6999998092651 13 12.8999996185303 11.6000003814697 10.6000003814697 10.6999998092651 10.5 10.3999996185303 8.89999961853027 8.19999980926514 8 8.69999980926514 9.39999961853027 10.8000001907349 11.1000003814697 11.1999998092651 11.5 12.3000001907349 14.1000003814697 14 -3.4e+38 -3.4e+38 -3.4e+38 -3.4e+38 -3.4e+38 -3.4e+38 -3.4e+38 -3.4e+38 -3.4e+38 -3.4e+38 -3.4e+38 13.1999998092651 13 12.8000001907349 12.6999998092651 12.5 12.3999996185303 12.1000003814697 12.1000003814697 12 11.3000001907349 11.1000003814697 10.5 10.6999998092651 10.1999998092651 10 9.5 9.30000019073486 9.30000019073486 9.5
13.8000001907349 13.8000001907349 13.8000001907349 13.6999998092651 13.5 12.8000001907349 12.6999998092651 12.1000003814697 12.8999996185303 11.3000001907349 12.1000003814697 11.3000001907349 10.5 9.30000019073486 8.5 8.80000019073486 9.60000038146973 9.80000019073486 9.69999980926514 10.3999996185303 11 11.6999998092651 13.3000001907349 13.6999998092651 14 -3.4e+38 -3.4e+38 -3.4e+38 -3.4e+38 -3.4e+38 -3.4e+38 -3.4e+38 -3.4e+38 -3.4e+38 -3.4e+38 13.3000001907349 13.1999998092651 13.1000003814697 13 12.8000001907349 12.5 12.3000001907349 11.8999996185303 12.1000003814697 11.8000001907349 11 11.6000003814697 11.3999996185303 10.6999998092651 10.8999996185303 10.5 9.39999961853027 9.89999961853027 8.19999980926514 8.89999961853027
14.1000003814697 13.8999996185303 13.8000001907349 13.6000003814697 13.5 13.5 13.3000001907349 13.1999998092651 13.5 12.8000001907349 12.3000001907349 11.3000001907349 10.8999996185303 9.30000019073486 8.80000019073486 9.39999961853027 10.5 9.80000019073486 9.10000038146973 9.5 10.8000001907349 11.6999998092651 12.5 13.5 -3.4e+38 -3.4e+38 -3.4e+38 -3.4e+38 -3.4e+38 -3.4e+38 -3.4e+38 -3.4e+38 -3.4e+38 -3.4e+38 -3.4e+38 13.3999996185303 13.1999998092651 13.1999998092651 13 12.8000001907349 12.6999998092651 12.1999998092651 12.3000001907349 12.3000001907349 12.1000003814697 11.3000001907349 10.5 10.3000001907349 11.1000003814697 11 10.5 10.1999998092651 10.1000003814697 8.5 9.89999961853027
14.1999998092651 14 14.1000003814697 13.8999996185303 14 13.8000001907349 13.8999996185303 13.8000001907349 13.5 13.6000003814697 11.6000003814697 10.6999998092651 9.69999980926514 9.60000038146973 10.3000001907349 10.3000001907349 10.3999996185303 10.8000001907349 10.5 10.1000003814697 10.1000003814697 11.8999996185303 13 13.6000003814697 -3.4e+38 -3.4e+38 -3.4e+38 -3.4e+38 -3.4e+38 -3.4e+38 -3.4e+38 -3.4e+38 -3.4e+38 -3.4e+38 -3.4e+38 13.3999996185303 13.1999998092651 13.1999998092651 12.8000001907349 12.6000003814697 12.6999998092651 12.6000003814697 12.5 12.5 12.1000003814697 11.1999998092651 10.8000001907349 11 10.6000003814697 10.5 10.3000001907349 10.1999998092651 9.19999980926514 9.69999980926514 10.5
14.3000001907349 14.1999998092651 14.3000001907349 14.3000001907349 13.8000001907349 14 13.6999998092651 13.1999998092651 12.8000001907349 11.8000001907349 11.6999998092651 11.3999996185303 9.69999980926514 9.69999980926514 10.6999998092651 11.1000003814697 11.1999998092651 11.1000003814697 11.6000003814697 11 11.3000001907349 11.8999996185303 13.3999996185303 13.8000001907349 -3.4e+38 -3.4e+38 -3.4e+38 -3.4e+38 -3.4e+38 -3.4e+38 -3.4e+38 -3.4e+38 -3.4e+38 -3.4e+38 13.6000003814697 13.3000001907349 13.1999998092651 13 12.8000001907349 12.8000001907349 12.8999996185303 12.5 12.1000003814697 12.5 12.3999996185303 12.1000003814697 11.8999996185303 10.6000003814697 11.1000003814697 10.5 10 10.3000001907349 9.30000019073486 10.1000003814697 10.1000003814697
14.3999996185303 14.1999998092651 14.5 13.3000001907349 13.1999998092651 12.3999996185303 13.1999998092651 13.3000001907349 12.8000001907349 12.6000003814697 12.1999998092651 11.8999996185303 10.8000001907349 10 10.5 10.8000001907349 11.3999996185303 11.8000001907349 11.6999998092651 12.1000003814697 11.6999998092651 13 13.1000003814697 13.6999998092651 -3.4e+38 -3.4e+38 -3.4e+38 -3.4e+38 -3.4e+38 -3.4e+38 -3.4e+38 -3.4e+38 -3.4e+38 -3.4e+38 13.5 13.5 13.1999998092651 13 13 13.1000003814697 12.8000001907349 12.3999996185303 12.1999998092651 12 12.1999998092651 12.1999998092651 11.1000003814697 10.6000003814697 10 10.3000001907349 10.6999998092651 11 10.1999998092651 10.5 10.3000001907349
14.5 14 13.8000001907349 13.3000001907349 12.6000003814697 13.1999998092651 13.1000003814697 13.3000001907349 13.1000003814697 12.8999996185303 12.6000003814697 12.1999998092651 11.1999998092651 10.6999998092651 10.6999998092651 11 12.5 12.8999996185303 13.1000003814697 13.3000001907349 12.6999998092651 12.1000003814697 12.8999996185303 13.6999998092651 -3.4e+38 -3.4e+38 -3.4e+38 -3.4e+38 -3.4e+38 -3.4e+38 -3.4e+38 -3.4e+38 -3.4e+38 -3.4e+38 13.6000003814697 13.5 13.1999998092651 13.1000003814697 13 13.1999998092651 12.8000001907349 12.6999998092651 12.6000003814697 12.3999996185303 12.8000001907349 12.5 12.1000003814697 11.3000001907349 11.1000003814697 11.1000003814697 11.1000003814697 10.8000001907349 10.5 10.5 10
14.3000001907349 14.1000003814697 13.8000001907349 13.3999996185303 13.3999996185303 13 12.8000001907349 13.1000003814697 12.8999996185303 12.8999996185303 12.6999998092651 12 11.3999996185303 11 11 11.8999996185303 12.3999996185303 12.3000001907349 11.8000001907349 12.6000003814697 12.6999998092651 13.3999996185303 13.8000001907349 13.8000001907349 14.1000003814697 -3.4e+38 -3.4e+38 -3.4e+38 -3.4e+38 -3.4e+38 -3.4e+38 -3.4e+38 -3.4e+38 13.6999998092651 13.6999998092651 13.3999996185303 13.5 13.6000003814697 13 13 12.8000001907349 12.8000001907349 12.6000003814697 12.6999998092651 13 12.8000001907349 12.3999996185303 11.6999998092651 11.3999996185303 11.6999998092651 11 11 11 10.6000003814697 10
14.1000003814697 13.8000001907349 14.1000003814697 13.8000001907349 13.6999998092651 13.1999998092651 13.3999996185303 13.1000003814697 13 13 12.8999996185303 12.6999998092651 12.5 11.8000001907349 11.8999996185303 11.3000001907349 11.8999996185303 11.6000003814697 12 12.8999996185303 13.6000003814697 13.1000003814697 13.3999996185303 13.6999998092651 13.8999996185303 -3.4e+38 -3.4e+38 -3.4e+38 -3.4e+38 -3.4e+38 -3.4e+38 -3.4e+38 -3.4e+38 13.8000001907349 13.6000003814697 13.5 13.6999998092651 13.3000001907349 13.1999998092651 13.1999998092651 12.8000001907349 12.8000001907349 12.6999998092651 12.8000001907349 13.1000003814697 13.1000003814697 12.8999996185303 12.3000001907349 12 11.3000001907349 11.3999996185303 11.3000001907349 10.6000003814697 10.3000001907349 9.69999980926514
