data/bioclim/MSP1.asc
NCOLS 391 
NROWS 575 
XLLCORNER -1773000 
YLLCORNER 4368000 
CELLSIZE 1000 
NODATA_value -3.4e+38 
[rows 352 to 383 of 575, columns 219 to 291 of 391]
345 362 350 342 338 339 319 295 290 275 274 267 257 260 263 283 268 264 239 232 236 236 228 235 222 234 246 242 235 247 249 246 231 240 267 267 267 285 285 260 274 272 269 255 251 258 259 269 315 340 340 334 355 319 303 311 296 275 274 287 268 286 300 279 281 265 244 238 236 233 230 -3.4e+38 -3.4e+38
347 342 335 347 350 361 335 322 301 285 291 266 262 257 258 272 250 243 238 233 229 263 257 253 233 234 238 237 237 236 250 233 232 231 252 253 251 285 285 265 254 266 258 241 256 258 245 265 272 313 343 365 338 315 292 301 296 279 261 254 256 273 275 261 265 247 245 243 243 238 233 -3.4e+38 -3.4e+38
353 342 333 332 337 361 319 292 285 276 279 277 269 260 271 264 268 270 262 268 266 266 251 263 254 221 225 222 251 222 230 230 239 229 231 233 251 293 273 257 258 254 253 242 257 258 258 256 268 335 334 360 347 320 312 322 292 283 277 267 272 268 259 253 250 255 243 239 241 240 234 -3.4e+38 -3.4e+38
366 352 341 327 327 364 343 298 274 268 278 277 262 270 273 282 273 270 271 277 281 275 260 260 260 227 238 236 238 227 235 232 243 259 264 245 234 264 263 247 238 245 247 248 255 246 258 257 293 306 325 340 356 352 341 339 300 288 277 286 267 249 249 254 257 256 250 249 249 240 235 -3.4e+38 -3.4e+38
358 350 335 318 290 319 317 289 269 269 266 265 259 277 276 275 275 270 267 296 298 284 263 235 227 234 230 234 242 243 237 237 244 285 276 259 257 236 245 247 252 245 261 255 261 263 259 262 286 315 317 339 347 354 354 334 310 294 289 300 267 265 264 267 263 259 257 251 249 242 240 -3.4e+38 -3.4e+38
346 339 329 304 302 293 280 272 272 269 266 266 257 255 262 268 274 273 268 269 309 255 241 233 235 232 -3.4e+38 -3.4e+38 -3.4e+38 239 243 253 261 291 288 285 258 260 260 263 275 254 270 255 254 261 259 267 289 308 310 319 342 335 346 335 325 317 304 290 291 282 265 262 254 258 257 251 250 243 -3.4e+38 -3.4e+38 -3.4e+38
345 340 338 342 306 339 294 276 259 262 259 261 259 260 261 263 261 276 252 277 300 265 248 236 230 230 -3.4e+38 -3.4e+38 -3.4e+38 241 246 247 257 283 282 296 278 272 279 298 264 254 274 267 262 264 264 279 307 329 315 314 327 336 335 355 333 314 298 287 298 275 270 267 263 253 253 252 251 244 -3.4e+38 -3.4e+38 -3.4e+38
349 351 355 329 328 309 300 286 276 258 257 255 260 255 252 251 249 262 262 259 261 261 250 242 229 228 -3.4e+38 -3.4e+38 -3.4e+38 240 240 248 254 277 309 305 308 290 306 289 281 249 242 263 259 265 261 309 309 320 326 318 317 322 333 333 333 321 290 287 275 277 259 260 263 259 253 252 248 243 -3.4e+38 -3.4e+38 -3.4e+38
353 351 340 339 316 327 313 300 277 267 257 252 257 253 255 250 257 261 272 264 262 249 264 245 236 241 -3.4e+38 -3.4e+38 -3.4e+38 -3.4e+38 240 245 247 283 311 315 303 317 319 323 282 259 267 276 270 273 313 331 311 319 319 319 318 297 300 322 318 311 301 289 275 274 279 262 257 257 252 249 246 -3.4e+38 -3.4e+38 -3.4e+38 -3.4e+38
346 356 365 368 342 333 327 294 277 260 257 252 252 250 251 248 257 261 263 263 261 246 252 239 244 245 -3.4e+38 -3.4e+38 238 241 243 241 258 271 285 316 316 317 348 338 294 292 279 259 273 273 295 323 337 325 327 330 324 289 303 305 301 300 310 285 278 289 283 268 257 254 253 252 248 -3.4e+38 -3.4e+38 -3.4e+38 -3.4e+38
349 354 366 369 343 353 318 328 275 266 260 261 253 249 246 243 259 258 257 253 251 245 245 247 242 -3.4e+38 -3.4e+38 240 243 243 252 255 251 260 272 292 288 301 311 324 293 287 288 267 274 284 295 315 334 325 339 322 319 307 289 287 287 294 291 299 289 272 279 278 269 259 256 253 -3.4e+38 -3.4e+38 -3.4e+38 -3.4e+38 -3.4e+38
347 354 371 368 361 354 336 331 295 275 278 275 258 253 247 262 271 272 262 255 251 245 244 241 -3.4e+38 -3.4e+38 -3.4e+38 242 244 246 254 252 261 265 267 274 304 297 322 336 328 318 291 286 275 286 305 325 334 331 357 350 338 311 290 283 276 275 285 290 285 277 270 279 269 260 261 251 -3.4e+38 -3.4e+38 -3.4e+38 -3.4e+38 -3.4e+38
355 363 374 388 384 369 355 331 305 295 302 278 260 257 252 257 279 278 266 254 251 251 248 -3.4e+38 -3.4e+38 -3.4e+38 243 242 244 248 250 252 258 272 284 284 285 304 328 332 315 316 291 299 289 308 330 345 352 349 359 351 344 330 299 291 277 269 285 282 283 289 281 266 265 264 258 -3.4e+38 -3.4e+38 -3.4e+38 -3.4e+38 -3.4e+38 -3.4e+38
358 367 381 394 422 392 372 356 317 303 289 279 265 262 259 259 268 275 278 259 250 243 242 240 -3.4e+38 -3.4e+38 243 243 244 247 251 254 252 267 285 276 279 289 317 320 305 305 320 303 289 304 308 332 324 346 350 335 325 321 299 296 310 287 268 273 268 283 280 267 262 257 253 -3.4e+38 -3.4e+38 -3.4e+38 -3.4e+38 -3.4e+38 -3.4e+38
365 366 378 371 384 396 405 377 343 315 303 279 274 270 261 263 269 275 269 259 250 -3.4e+38 -3.4e+38 249 -3.4e+38 -3.4e+38 243 242 243 249 249 252 261 269 267 288 301 297 310 317 327 326 327 312 298 290 318 314 325 342 335 324 318 308 299 295 299 305 277 269 262 274 272 266 260 258 254 -3.4e+38 -3.4e+38 -3.4e+38 -3.4e+38 -3.4e+38 -3.4e+38
351 377 382 362 372 378 401 382 372 341 327 292 279 273 273 272 272 271 272 262 255 248 -3.4e+38 -3.4e+38 -3.4e+38 -3.4e+38 246 246 246 250 264 265 273 279 271 276 288 298 287 317 321 345 343 313 312 311 310 305 321 333 339 351 325 304 304 296 287 306 286 264 266 267 268 260 260 257 255 254 252 -3.4e+38 -3.4e+38 -3.4e+38 -3.4e+38
360 355 371 371 359 362 400 403 405 380 338 289 281 275 274 272 272 265 269 263 267 254 -3.4e+38 -3.4e+38 -3.4e+38 -3.4e+38 -3.4e+38 -3.4e+38 247 253 255 264 261 268 274 278 286 298 288 297 308 330 334 325 313 320 320 322 319 321 334 325 326 328 328 314 311 290 276 269 274 271 271 270 267 264 261 252 252 -3.4e+38 -3.4e+38 -3.4e+38 -3.4e+38
342 356 361 368 353 343 376 373 357 338 318 291 286 275 274 270 268 273 266 262 260 255 245 -3.4e+38 -3.4e+38 -3.4e+38 -3.4e+38 -3.4e+38 249 253 248 256 265 268 264 272 289 297 311 318 301 316 316 315 311 311 311 322 310 312 309 318 329 323 312 303 293 298 274 288 272 270 264 262 262 262 258 255 253 250 -3.4e+38 -3.4e+38 -3.4e+38
343 346 352 360 361 332 362 351 341 331 319 312 291 284 274 273 267 273 252 262 253 252 244 -3.4e+38 -3.4e+38 -3.4e+38 -3.4e+38 -3.4e+38 -3.4e+38 -3.4e+38 254 262 270 276 277 277 278 286 301 323 324 338 316 310 310 305 307 316 316 317 304 318 327 315 307 302 286 287 279 281 284 270 267 259 254 257 256 253 250 250 -3.4e+38 -3.4e+38 -3.4e+38
367 356 356 357 352 333 345 331 324 323 339 343 325 295 289 274 278 266 271 252 257 254 247 -3.4e+38 -3.4e+38 -3.4e+38 -3.4e+38 -3.4e+38 -3.4e+38 -3.4e+38 -3.4e+38 257 267 282 292 298 290 309 321 330 340 350 324 316 315 314 301 311 312 311 307 304 318 330 316 309 287 280 285 293 298 276 271 264 264 257 257 252 255 -3.4e+38 -3.4e+38 -3.4e+38 -3.4e+38
371 363 362 362 358 348 337 335 323 318 316 343 323 290 289 288 286 275 273 266 272 256 253 -3.4e+38 -3.4e+38 -3.4e+38 -3.4e+38 -3.4e+38 -3.4e+38 -3.4e+38 -3.4e+38 259 275 273 290 280 306 301 320 327 340 352 340 333 316 303 300 309 310 305 301 304 310 326 319 305 290 290 299 305 288 279 273 265 264 258 -3.4e+38 -3.4e+38 -3.4e+38 -3.4e+38 -3.4e+38 -3.4e+38 -3.4e+38
372 368 374 381 372 361 343 327 313 307 315 330 307 304 290 303 291 282 286 287 261 254 249 -3.4e+38 -3.4e+38 -3.4e+38 -3.4e+38 -3.4e+38 -3.4e+38 -3.4e+38 -3.4e+38 256 272 267 267 281 298 311 330 318 337 326 327 319 317 308 300 303 298 296 302 305 315 310 312 302 302 284 284 284 291 293 289 272 265 256 -3.4e+38 -3.4e+38 -3.4e+38 -3.4e+38 -3.4e+38 -3.4e+38 -3.4e+38
355 373 375 391 391 345 344 350 318 308 301 295 316 284 305 294 290 292 285 276 266 258 259 -3.4e+38 -3.4e+38 -3.4e+38 -3.4e+38 -3.4e+38 -3.4e+38 -3.4e+38 -3.4e+38 261 268 265 275 282 290 303 319 303 318 334 328 318 310 305 300 297 294 303 303 309 307 311 321 309 293 292 283 278 292 288 280 268 262 258 -3.4e+38 -3.4e+38 -3.4e+38 -3.4e+38 -3.4e+38 -3.4e+38 -3.4e+38
346 355 391 392 358 351 362 340 322 296 295 302 321 305 266 292 299 294 278 276 273 266 -3.4e+38 -3.4e+38 -3.4e+38 -3.4e+38 -3.4e+38 -3.4e+38 -3.4e+38 -3.4e+38 257 261 262 271 268 277 291 304 302 297 311 327 320 311 312 308 300 296 303 310 303 309 306 317 317 309 294 284 291 274 282 276 274 267 263 -3.4e+38 -3.4e+38 -3.4e+38 -3.4e+38 -3.4e+38 -3.4e+38 -3.4e+38 -3.4e+38
356 367 383 384 369 358 341 338 331 314 314 315 300 296 298 266 268 300 289 292 282 270 -3.4e+38 -3.4e+38 -3.4e+38 -3.4e+38 -3.4e+38 -3.4e+38 -3.4e+38 259 258 259 263 261 267 277 294 295 295 295 309 328 321 309 308 305 302 294 299 300 303 303 307 306 308 314 296 286 285 287 277 274 270 269 263 -3.4e+38 -3.4e+38 -3.4e+38 -3.4e+38 -3.4e+38 -3.4e+38 -3.4e+38 -3.4e+38
366 366 377 375 376 356 356 352 324 336 320 308 301 294 288 302 255 277 287 295 280 263 -3.4e+38 -3.4e+38 -3.4e+38 -3.4e+38 -3.4e+38 -3.4e+38 257 259 259 260 264 264 276 285 293 295 294 292 296 320 325 312 311 305 303 296 295 300 305 302 307 307 296 305 296 295 284 281 276 275 268 266 264 259 -3.4e+38 -3.4e+38 -3.4e+38 -3.4e+38 -3.4e+38 -3.4e+38 -3.4e+38
359 358 368 365 388 370 366 353 341 351 337 324 308 295 304 307 292 276 286 276 270 268 -3.4e+38 -3.4e+38 -3.4e+38 -3.4e+38 -3.4e+38 257 258 261 263 260 261 266 278 273 288 279 287 288 309 320 315 321 321 309 304 298 293 298 303 302 304 306 301 303 300 299 302 281 276 267 268 268 264 260 -3.4e+38 -3.4e+38 -3.4e+38 -3.4e+38 -3.4e+38 -3.4e+38 -3.4e+38
359 353 355 371 378 378 376 364 339 365 351 336 334 306 295 279 279 271 272 264 264 266 -3.4e+38 -3.4e+38 -3.4e+38 -3.4e+38 -3.4e+38 261 263 265 280 266 266 266 272 274 280 296 298 297 311 314 320 336 325 311 304 302 294 301 299 302 297 302 301 300 300 297 295 287 280 272 269 266 264 261 -3.4e+38 -3.4e+38 -3.4e+38 -3.4e+38 -3.4e+38 -3.4e+38 -3.4e+38
349 352 353 363 369 370 373 377 354 340 335 314 323 316 297 296 296 276 275 281 258 267 -3.4e+38 -3.4e+38 -3.4e+38 -3.4e+38 -3.4e+38 261 264 265 274 271 268 272 273 283 299 297 296 296 302 306 321 326 326 318 305 296 292 302 299 302 301 296 302 299 296 294 288 290 279 274 273 270 265 -3.4e+38 -3.4e+38 -3.4e+38 -3.4e+38 -3.4e+38 -3.4e+38 -3.4e+38 262
342 349 355 355 357 357 366 378 345 338 325 325 314 305 301 297 297 294 284 276 267 -3.4e+38 -3.4e+38 -3.4e+38 -3.4e+38 -3.4e+38 -3.4e+38 -3.4e+38 266 265 275 270 267 271 279 284 299 294 297 295 295 315 331 323 327 320 310 306 305 299 299 302 302 300 301 298 295 291 285 286 281 276 273 271 -3.4e+38 -3.4e+38 -3.4e+38 -3.4e+38 -3.4e+38 -3.4e+38 -3.4e+38 -3.4e+38 260
361 357 352 350 340 357 357 371 364 366 341 329 312 312 306 277 297 280 274 268 264 -3.4e+38 -3.4e+38 -3.4e+38 -3.4e+38 -3.4e+38 -3.4e+38 265 265 266 272 266 269 273 275 290 289 300 296 296 299 313 310 321 321 319 313 304 304 297 292 295 298 299 298 297 295 292 286 283 278 277 274 -3.4e+38 -3.4e+38 -3.4e+38 -3.4e+38 -3.4e+38 -3.4e+38 -3.4e+38 -3.4e+38 -3.4e+38 -3.4e+38
349 355 351 330 337 338 337 355 361 344 333 330 313 312 306 308 282 277 269 261 269 -3.4e+38 -3.4e+38 -3.4e+38 -3.4e+38 -3.4e+38 -3.4e+38 267 268 268 267 268 270 274 276 283 285 289 297 298 309 295 307 324 315 316 315 317 309 297 291 289 295 298 295 294 290 287 289 284 275 275 273 -3.4e+38 -3.4e+38 -3.4e+38 -3.4e+38 -3.4e+38 -3.4e+38 -3.4e+38 263 264 264
