data/bioclim/MSP1.asc
NCOLS 391 
NROWS 575 
XLLCORNER -1773000 
YLLCORNER 4368000 
CELLSIZE 1000 
NODATA_value -3.4e+38 
[rows 288 to 319 of 575, columns 73 to 145 of 391]
-3.4e+38 -3.4e+38 -3.4e+38 -3.4e+38 -3.4e+38 -3.4e+38 -3.4e+38 256 -3.4e+38 -3.4e+38 -3.4e+38 -3.4e+38 -3.4e+38 -3.4e+38 -3.4e+38 -3.4e+38 -3.4e+38 -3.4e+38 -3.4e+38 -3.4e+38 -3.4e+38 -3.4e+38 -3.4e+38 -3.4e+38 -3.4e+38 -3.4e+38 -3.4e+38 -3.4e+38 302 323 338 360 367 367 401 420 391 372 358 351 351 343 -3.4e+38 340 342 342 345 349 353 359 362 364 363 364 365 366 366 365 369 370 373 372 375 378 378 385 370 370 370 365 362 356 348
-3.4e+38 -3.4e+38 -3.4e+38 -3.4e+38 -3.4e+38 -3.4e+38 270 260 -3.4e+38 -3.4e+38 -3.4e+38 -3.4e+38 -3.4e+38 -3.4e+38 -3.4e+38 -3.4e+38 -3.4e+38 -3.4e+38 -3.4e+38 -3.4e+38 -3.4e+38 -3.4e+38 -3.4e+38 -3.4e+38 -3.4e+38 -3.4e+38 -3.4e+38 -3.4e+38 307 324 351 374 390 391 404 407 391 372 361 359 353 -3.4e+38 -3.4e+38 343 343 345 349 353 355 359 362 362 360 359 360 364 367 365 368 367 367 366 370 378 385 386 378 374 371 370 363 359 356
-3.4e+38 -3.4e+38 -3.4e+38 -3.4e+38 -3.4e+38 289 301 279 272 -3.4e+38 -3.4e+38 -3.4e+38 -3.4e+38 -3.4e+38 -3.4e+38 -3.4e+38 -3.4e+38 -3.4e+38 -3.4e+38 -3.4e+38 -3.4e+38 -3.4e+38 -3.4e+38 -3.4e+38 -3.4e+38 -3.4e+38 -3.4e+38 333 329 362 364 358 380 408 412 387 383 367 357 354 347 -3.4e+38 -3.4e+38 346 346 346 349 353 355 359 362 359 360 360 361 362 361 367 367 366 366 366 370 373 374 377 380 378 376 373 373 357 349
-3.4e+38 -3.4e+38 -3.4e+38 -3.4e+38 -3.4e+38 280 305 290 284 -3.4e+38 -3.4e+38 -3.4e+38 -3.4e+38 -3.4e+38 -3.4e+38 -3.4e+38 -3.4e+38 -3.4e+38 -3.4e+38 -3.4e+38 -3.4e+38 -3.4e+38 -3.4e+38 -3.4e+38 -3.4e+38 -3.4e+38 315 331 338 351 341 351 371 390 408 377 359 365 358 350 348 -3.4e+38 -3.4e+38 347 348 350 354 356 359 359 357 358 361 358 362 360 363 367 364 362 364 367 366 370 375 378 379 378 377 381 372 363 353
-3.4e+38 -3.4e+38 -3.4e+38 -3.4e+38 -3.4e+38 280 305 327 314 281 279 -3.4e+38 -3.4e+38 -3.4e+38 -3.4e+38 -3.4e+38 -3.4e+38 -3.4e+38 -3.4e+38 -3.4e+38 -3.4e+38 -3.4e+38 -3.4e+38 -3.4e+38 -3.4e+38 -3.4e+38 308 322 324 329 331 362 369 396 366 352 353 358 356 353 -3.4e+38 -3.4e+38 349 349 350 356 357 357 360 357 356 356 359 356 364 362 360 361 361 362 363 363 366 368 369 375 376 378 374 375 367 362 358
-3.4e+38 -3.4e+38 -3.4e+38 -3.4e+38 -3.4e+38 274 334 390 351 314 279 -3.4e+38 -3.4e+38 -3.4e+38 -3.4e+38 -3.4e+38 -3.4e+38 -3.4e+38 -3.4e+38 -3.4e+38 -3.4e+38 -3.4e+38 -3.4e+38 -3.4e+38 -3.4e+38 -3.4e+38 -3.4e+38 311 316 343 354 377 389 394 369 356 362 360 357 -3.4e+38 -3.4e+38 351 350 353 355 355 354 355 358 354 354 355 356 356 357 361 360 361 361 363 364 368 374 376 372 374 376 377 376 376 373 375 370
-3.4e+38 -3.4e+38 -3.4e+38 -3.4e+38 -3.4e+38 -3.4e+38 -3.4e+38 -3.4e+38 311 336 293 283 285 -3.4e+38 -3.4e+38 -3.4e+38 -3.4e+38 -3.4e+38 -3.4e+38 -3.4e+38 -3.4e+38 -3.4e+38 -3.4e+38 -3.4e+38 -3.4e+38 -3.4e+38 -3.4e+38 313 327 337 342 362 383 382 365 358 359 360 354 -3.4e+38 -3.4e+38 352 354 356 356 353 354 354 355 355 354 353 356 356 362 362 363 369 375 365 366 370 376 380 379 374 376 377 374 376 368 367 362
-3.4e+38 -3.4e+38 -3.4e+38 -3.4e+38 -3.4e+38 -3.4e+38 -3.4e+38 -3.4e+38 295 303 315 304 299 -3.4e+38 -3.4e+38 -3.4e+38 -3.4e+38 -3.4e+38 -3.4e+38 -3.4e+38 -3.4e+38 -3.4e+38 -3.4e+38 -3.4e+38 -3.4e+38 -3.4e+38 -3.4e+38 315 328 334 344 351 368 374 367 350 357 354 -3.4e+38 -3.4e+38 -3.4e+38 353 354 357 357 354 354 353 354 353 353 355 357 362 362 366 367 370 376 372 367 374 380 384 382 381 379 377 377 368 366 365 362
-3.4e+38 -3.4e+38 -3.4e+38 -3.4e+38 -3.4e+38 -3.4e+38 -3.4e+38 -3.4e+38 -3.4e+38 328 344 318 307 289 -3.4e+38 -3.4e+38 -3.4e+38 -3.4e+38 -3.4e+38 -3.4e+38 -3.4e+38 -3.4e+38 -3.4e+38 -3.4e+38 -3.4e+38 -3.4e+38 -3.4e+38 314 324 333 343 353 372 366 359 350 359 360 -3.4e+38 -3.4e+38 349 353 358 353 351 351 351 352 352 352 356 356 358 362 365 369 368 371 378 377 371 372 379 390 386 382 378 375 372 373 369 367 363
-3.4e+38 -3.4e+38 -3.4e+38 -3.4e+38 -3.4e+38 -3.4e+38 -3.4e+38 -3.4e+38 -3.4e+38 329 337 350 312 -3.4e+38 -3.4e+38 -3.4e+38 -3.4e+38 -3.4e+38 -3.4e+38 -3.4e+38 -3.4e+38 -3.4e+38 -3.4e+38 -3.4e+38 -3.4e+38 -3.4e+38 -3.4e+38 316 327 331 339 348 368 378 361 362 359 356 -3.4e+38 -3.4e+38 354 355 356 349 -3.4e+38 -3.4e+38 -3.4e+38 351 351 353 356 358 362 365 368 370 372 373 377 382 379 379 383 391 391 385 382 378 373 372 369 365 362
-3.4e+38 -3.4e+38 -3.4e+38 -3.4e+38 -3.4e+38 -3.4e+38 -3.4e+38 -3.4e+38 -3.4e+38 -3.4e+38 326 343 311 -3.4e+38 -3.4e+38 -3.4e+38 -3.4e+38 -3.4e+38 -3.4e+38 -3.4e+38 -3.4e+38 -3.4e+38 -3.4e+38 -3.4e+38 -3.4e+38 -3.4e+38 -3.4e+38 323 334 336 347 351 361 377 372 365 364 356 -3.4e+38 -3.4e+38 351 354 354 351 -3.4e+38 -3.4e+38 -3.4e+38 351 352 357 358 361 363 366 368 369 369 372 377 384 383 387 387 387 395 392 383 375 372 366 365 366 363
-3.4e+38 -3.4e+38 -3.4e+38 -3.4e+38 -3.4e+38 -3.4e+38 -3.4e+38 -3.4e+38 -3.4e+38 -3.4e+38 345 321 301 294 -3.4e+38 -3.4e+38 -3.4e+38 -3.4e+38 -3.4e+38 -3.4e+38 -3.4e+38 -3.4e+38 -3.4e+38 -3.4e+38 -3.4e+38 -3.4e+38 -3.4e+38 326 338 349 347 359 371 383 367 362 362 -3.4e+38 -3.4e+38 -3.4e+38 350 353 354 -3.4e+38 -3.4e+38 -3.4e+38 -3.4e+38 -3.4e+38 356 357 359 362 365 367 369 371 371 374 376 386 386 388 388 388 393 392 383 375 369 369 369 360 365
-3.4e+38 -3.4e+38 -3.4e+38 -3.4e+38 -3.4e+38 -3.4e+38 -3.4e+38 -3.4e+38 -3.4e+38 -3.4e+38 306 321 307 297 296 305 307 -3.4e+38 -3.4e+38 -3.4e+38 -3.4e+38 -3.4e+38 -3.4e+38 -3.4e+38 -3.4e+38 -3.4e+38 327 331 342 359 368 383 386 376 371 367 362 -3.4e+38 -3.4e+38 -3.4e+38 351 352 -3.4e+38 -3.4e+38 -3.4e+38 -3.4e+38 -3.4e+38 -3.4e+38 355 357 358 361 364 365 367 372 373 376 376 382 387 388 383 388 390 390 386 377 369 368 366 364 362
-3.4e+38 -3.4e+38 -3.4e+38 -3.4e+38 -3.4e+38 -3.4e+38 -3.4e+38 -3.4e+38 -3.4e+38 -3.4e+38 -3.4e+38 308 323 309 307 311 304 -3.4e+38 -3.4e+38 -3.4e+38 -3.4e+38 -3.4e+38 -3.4e+38 -3.4e+38 -3.4e+38 -3.4e+38 329 355 360 390 385 384 385 379 369 365 362 -3.4e+38 -3.4e+38 -3.4e+38 352 -3.4e+38 -3.4e+38 -3.4e+38 -3.4e+38 -3.4e+38 -3.4e+38 -3.4e+38 355 357 358 362 365 366 369 372 374 374 376 379 384 383 381 386 389 386 386 379 379 373 370 365 361
-3.4e+38 -3.4e+38 -3.4e+38 -3.4e+38 -3.4e+38 -3.4e+38 -3.4e+38 -3.4e+38 -3.4e+38 -3.4e+38 -3.4e+38 307 312 312 312 314 306 303 -3.4e+38 -3.4e+38 -3.4e+38 -3.4e+38 -3.4e+38 -3.4e+38 -3.4e+38 -3.4e+38 336 345 359 370 388 379 369 368 365 363 -3.4e+38 -3.4e+38 -3.4e+38 -3.4e+38 -3.4e+38 -3.4e+38 -3.4e+38 -3.4e+38 -3.4e+38 -3.4e+38 -3.4e+38 -3.4e+38 -3.4e+38 357 360 362 365 369 372 373 375 375 379 382 379 382 386 385 387 385 384 386 383 375 371 363 363
-3.4e+38 -3.4e+38 -3.4e+38 -3.4e+38 -3.4e+38 -3.4e+38 -3.4e+38 -3.4e+38 -3.4e+38 -3.4e+38 -3.4e+38 308 334 343 328 317 310 -3.4e+38 -3.4e+38 -3.4e+38 -3.4e+38 -3.4e+38 -3.4e+38 -3.4e+38 -3.4e+38 -3.4e+38 335 350 372 364 385 391 363 359 362 -3.4e+38 -3.4e+38 -3.4e+38 -3.4e+38 -3.4e+38 -3.4e+38 -3.4e+38 -3.4e+38 -3.4e+38 -3.4e+38 -3.4e+38 -3.4e+38 -3.4e+38 -3.4e+38 -3.4e+38 362 364 366 372 374 374 375 375 379 378 379 382 386 387 388 385 389 385 380 378 373 368 364
-3.4e+38 -3.4e+38 -3.4e+38 -3.4e+38 -3.4e+38 -3.4e+38 -3.4e+38 -3.4e+38 -3.4e+38 -3.4e+38 -3.4e+38 -3.4e+38 312 325 315 322 316 -3.4e+38 -3.4e+38 -3.4e+38 -3.4e+38 -3.4e+38 -3.4e+38 -3.4e+38 -3.4e+38 -3.4e+38 335 350 365 391 392 371 362 363 362 -3.4e+38 -3.4e+38 -3.4e+38 -3.4e+38 -3.4e+38 354 356 357 357 358 -3.4e+38 -3.4e+38 -3.4e+38 -3.4e+38 -3.4e+38 -3.4e+38 366 370 373 375 374 373 374 377 379 381 383 387 388 386 385 387 386 380 376 372 372 370
-3.4e+38 -3.4e+38 -3.4e+38 -3.4e+38 -3.4e+38 -3.4e+38 -3.4e+38 -3.4e+38 -3.4e+38 -3.4e+38 -3.4e+38 -3.4e+38 -3.4e+38 310 315 317 317 -3.4e+38 -3.4e+38 -3.4e+38 -3.4e+38 -3.4e+38 -3.4e+38 -3.4e+38 -3.4e+38 334 351 371 393 388 373 371 363 366 -3.4e+38 -3.4e+38 -3.4e+38 -3.4e+38 -3.4e+38 355 359 359 358 358 359 -3.4e+38 -3.4e+38 -3.4e+38 -3.4e+38 -3.4e+38 -3.4e+38 370 371 374 374 375 375 376 376 379 380 384 387 386 385 383 388 386 382 379 373 368 367
-3.4e+38 -3.4e+38 -3.4e+38 -3.4e+38 -3.4e+38 -3.4e+38 -3.4e+38 -3.4e+38 -3.4e+38 -3.4e+38 -3.4e+38 -3.4e+38 -3.4e+38 308 319 -3.4e+38 -3.4e+38 -3.4e+38 -3.4e+38 -3.4e+38 336 -3.4e+38 -3.4e+38 -3.4e+38 342 376 365 375 368 378 378 362 362 360 -3.4e+38 -3.4e+38 -3.4e+38 -3.4e+38 -3.4e+38 357 360 365 366 370 366 -3.4e+38 -3.4e+38 -3.4e+38 -3.4e+38 -3.4e+38 -3.4e+38 370 371 373 375 377 376 378 377 378 379 382 386 385 383 386 389 385 380 377 368 367 368
-3.4e+38 -3.4e+38 -3.4e+38 -3.4e+38 -3.4e+38 -3.4e+38 -3.4e+38 -3.4e+38 -3.4e+38 -3.4e+38 -3.4e+38 -3.4e+38 -3.4e+38 318 347 319 -3.4e+38 -3.4e+38 337 339 340 334 -3.4e+38 345 347 374 403 406 363 366 366 354 355 -3.4e+38 -3.4e+38 -3.4e+38 -3.4e+38 -3.4e+38 357 361 361 366 366 369 365 -3.4e+38 -3.4e+38 -3.4e+38 -3.4e+38 -3.4e+38 -3.4e+38 -3.4e+38 372 374 376 376 377 378 378 378 379 383 383 383 383 389 384 385 384 375 373 370 367
-3.4e+38 -3.4e+38 -3.4e+38 -3.4e+38 -3.4e+38 -3.4e+38 -3.4e+38 -3.4e+38 -3.4e+38 -3.4e+38 -3.4e+38 -3.4e+38 -3.4e+38 320 319 335 335 350 385 344 345 347 342 343 361 406 423 397 353 356 357 355 -3.4e+38 -3.4e+38 -3.4e+38 -3.4e+38 -3.4e+38 357 359 357 367 372 378 378 367 -3.4e+38 -3.4e+38 -3.4e+38 -3.4e+38 -3.4e+38 -3.4e+38 -3.4e+38 373 374 375 378 378 378 378 378 379 380 383 384 385 384 382 381 380 375 374 373 369
-3.4e+38 -3.4e+38 -3.4e+38 -3.4e+38 -3.4e+38 -3.4e+38 -3.4e+38 -3.4e+38 -3.4e+38 -3.4e+38 -3.4e+38 -3.4e+38 -3.4e+38 324 346 332 349 366 370 360 361 375 347 340 361 403 384 372 356 352 355 -3.4e+38 -3.4e+38 -3.4e+38 -3.4e+38 -3.4e+38 361 358 359 361 365 371 387 367 371 -3.4e+38 -3.4e+38 -3.4e+38 -3.4e+38 -3.4e+38 -3.4e+38 -3.4e+38 374 375 377 378 378 379 378 380 383 383 383 384 386 385 384 381 379 373 373 371 369
-3.4e+38 -3.4e+38 -3.4e+38 -3.4e+38 -3.4e+38 -3.4e+38 -3.4e+38 -3.4e+38 -3.4e+38 -3.4e+38 -3.4e+38 -3.4e+38 -3.4e+38 331 347 341 358 382 372 399 403 359 347 361 383 390 375 365 357 356 -3.4e+38 -3.4e+38 -3.4e+38 -3.4e+38 -3.4e+38 -3.4e+38 355 359 357 358 363 365 365 365 370 -3.4e+38 -3.4e+38 -3.4e+38 -3.4e+38 -3.4e+38 -3.4e+38 -3.4e+38 374 375 376 378 378 378 380 381 385 384 385 386 386 384 383 380 379 375 374 372 371
-3.4e+38 -3.4e+38 -3.4e+38 -3.4e+38 -3.4e+38 -3.4e+38 -3.4e+38 -3.4e+38 -3.4e+38 -3.4e+38 -3.4e+38 -3.4e+38 -3.4e+38 323 350 341 358 362 385 389 358 354 349 350 359 370 372 362 358 -3.4e+38 -3.4e+38 -3.4e+38 -3.4e+38 -3.4e+38 -3.4e+38 355 355 357 356 359 359 365 366 379 375 -3.4e+38 -3.4e+38 -3.4e+38 -3.4e+38 -3.4e+38 -3.4e+38 373 374 376 376 376 377 381 383 383 383 384 385 386 384 382 381 380 379 374 374 374 377
-3.4e+38 -3.4e+38 -3.4e+38 -3.4e+38 -3.4e+38 -3.4e+38 -3.4e+38 -3.4e+38 -3.4e+38 -3.4e+38 -3.4e+38 -3.4e+38 -3.4e+38 318 355 341 347 338 369 356 358 358 350 -3.4e+38 361 361 372 357 -3.4e+38 -3.4e+38 -3.4e+38 -3.4e+38 -3.4e+38 -3.4e+38 -3.4e+38 -3.4e+38 355 356 355 358 361 365 367 371 375 374 374 -3.4e+38 -3.4e+38 -3.4e+38 -3.4e+38 372 375 377 377 377 377 381 381 381 383 384 386 386 387 384 383 380 376 375 375 380 388
-3.4e+38 -3.4e+38 -3.4e+38 -3.4e+38 -3.4e+38 -3.4e+38 -3.4e+38 -3.4e+38 -3.4e+38 -3.4e+38 -3.4e+38 -3.4e+38 309 -3.4e+38 321 328 353 359 343 366 374 369 -3.4e+38 -3.4e+38 -3.4e+38 -3.4e+38 353 358 -3.4e+38 -3.4e+38 -3.4e+38 -3.4e+38 -3.4e+38 -3.4e+38 -3.4e+38 -3.4e+38 363 357 359 360 366 367 370 369 374 375 379 375 370 -3.4e+38 -3.4e+38 -3.4e+38 375 376 375 380 378 378 381 381 384 384 384 384 388 387 386 383 379 377 376 380 384
-3.4e+38 -3.4e+38 -3.4e+38 -3.4e+38 -3.4e+38 -3.4e+38 -3.4e+38 -3.4e+38 -3.4e+38 -3.4e+38 -3.4e+38 -3.4e+38 -3.4e+38 320 326 330 340 349 365 385 361 354 -3.4e+38 -3.4e+38 -3.4e+38 -3.4e+38 -3.4e+38 -3.4e+38 -3.4e+38 -3.4e+38 -3.4e+38 -3.4e+38 -3.4e+38 -3.4e+38 -3.4e+38 -3.4e+38 359 361 366 366 368 374 374 376 383 381 379 374 372 -3.4e+38 -3.4e+38 -3.4e+38 373 374 377 381 382 384 382 382 382 384 384 383 388 390 388 384 378 378 379 377 378
-3.4e+38 -3.4e+38 -3.4e+38 -3.4e+38 -3.4e+38 -3.4e+38 -3.4e+38 -3.4e+38 -3.4e+38 -3.4e+38 -3.4e+38 -3.4e+38 322 325 327 327 355 351 366 359 358 360 357 355 -3.4e+38 -3.4e+38 -3.4e+38 -3.4e+38 -3.4e+38 -3.4e+38 -3.4e+38 -3.4e+38 -3.4e+38 -3.4e+38 -3.4e+38 -3.4e+38 363 365 367 371 375 376 382 375 376 382 383 382 376 -3.4e+38 -3.4e+38 -3.4e+38 374 377 381 381 382 382 384 384 381 382 382 384 386 388 390 389 383 382 382 381 380
-3.4e+38 -3.4e+38 -3.4e+38 -3.4e+38 -3.4e+38 -3.4e+38 -3.4e+38 -3.4e+38 -3.4e+38 -3.4e+38 -3.4e+38 323 355 340 343 361 378 371 356 369 356 361 361 361 -3.4e+38 -3.4e+38 -3.4e+38 -3.4e+38 -3.4e+38 -3.4e+38 -3.4e+38 -3.4e+38 -3.4e+38 -3.4e+38 -3.4e+38 -3.4e+38 -3.4e+38 367 369 373 374 376 385 388 386 382 384 383 376 -3.4e+38 -3.4e+38 -3.4e+38 -3.4e+38 377 378 381 382 382 381 385 381 382 384 387 387 390 388 393 387 387 386 385 379
-3.4e+38 -3.4e+38 -3.4e+38 -3.4e+38 -3.4e+38 -3.4e+38 -3.4e+38 -3.4e+38 -3.4e+38 -3.4e+38 357 379 364 357 352 342 345 370 370 372 351 359 356 -3.4e+38 -3.4e+38 -3.4e+38 -3.4e+38 -3.4e+38 -3.4e+38 -3.4e+38 -3.4e+38 -3.4e+38 -3.4e+38 -3.4e+38 -3.4e+38 -3.4e+38 -3.4e+38 374 369 373 377 378 385 392 391 387 385 373 -3.4e+38 -3.4e+38 -3.4e+38 -3.4e+38 374 375 381 380 379 379 379 384 381 382 382 387 392 392 391 394 395 400 400 399 385
-3.4e+38 -3.4e+38 -3.4e+38 -3.4e+38 -3.4e+38 -3.4e+38 -3.4e+38 -3.4e+38 -3.4e+38 320 356 356 364 365 358 342 342 349 368 350 345 355 356 -3.4e+38 -3.4e+38 -3.4e+38 -3.4e+38 -3.4e+38 -3.4e+38 -3.4e+38 -3.4e+38 -3.4e+38 -3.4e+38 -3.4e+38 -3.4e+38 -3.4e+38 -3.4e+38 366 370 372 373 383 391 407 390 384 379 374 -3.4e+38 -3.4e+38 -3.4e+38 373 375 378 382 379 383 383 382 379 380 382 383 384 387 390 394 404 412 423 422 403 393
-3.4e+38 -3.4e+38 -3.4e+38 -3.4e+38 -3.4e+38 -3.4e+38 -3.4e+38 -3.4e+38 -3.4e+38 321 366 339 379 363 369 343 353 355 378 360 361 362 356 354 -3.4e+38 -3.4e+38 -3.4e+38 -3.4e+38 -3.4e+38 -3.4e+38 -3.4e+38 -3.4e+38 -3.4e+38 -3.4e+38 -3.4e+38 -3.4e+38 -3.4e+38 -3.4e+38 368 377 385 393 397 414 393 381 378 377 -3.4e+38 -3.4e+38 -3.4e+38 374 375 380 380 380 383 384 386 381 383 382 383 388 391 404 411 406 419 425 423 411 400
