data/bioclim/MSP1.asc
NCOLS 391 
NROWS 575 
XLLCORNER -1773000 
YLLCORNER 4368000 
CELLSIZE 1000 
NODATA_value -3.4e+38 
[rows 352 to 383 of 575, columns 146 to 218 of 391]
364 363 361 -3.4e+38 350 347 355 360 368 373 363 372 380 367 375 411 417 415 397 408 405 389 385 394 388 394 391 381 391 369 386 376 371 354 350 353 358 362 367 369 366 355 342 336 333 323 320 -3.4e+38 -3.4e+38 -3.4e+38 -3.4e+38 -3.4e+38 -3.4e+38 -3.4e+38 326 332 330 337 352 373 368 327 317 314 319 319 322 330 326 328 336 339 339
365 360 351 351 354 357 358 360 356 358 366 373 374 382 405 418 420 406 397 397 397 396 396 390 387 390 383 375 368 369 367 368 365 355 351 353 362 360 381 378 375 356 360 342 333 330 315 -3.4e+38 -3.4e+38 -3.4e+38 -3.4e+38 -3.4e+38 -3.4e+38 -3.4e+38 328 331 331 337 366 366 340 321 316 315 314 321 319 323 324 327 339 344 354
-3.4e+38 362 -3.4e+38 359 358 355 362 361 369 376 373 382 384 402 412 413 419 407 404 393 397 390 385 384 384 383 382 370 364 365 362 367 366 355 357 365 356 356 371 375 361 355 346 333 339 338 314 -3.4e+38 -3.4e+38 -3.4e+38 -3.4e+38 -3.4e+38 -3.4e+38 -3.4e+38 325 332 337 344 353 356 342 331 317 315 326 319 314 327 334 335 342 357 354
-3.4e+38 -3.4e+38 -3.4e+38 359 358 355 359 361 375 381 374 375 389 407 418 410 409 402 389 399 393 395 380 380 384 383 378 365 369 360 358 369 368 356 357 360 358 353 351 360 362 349 336 329 338 327 316 -3.4e+38 -3.4e+38 -3.4e+38 -3.4e+38 -3.4e+38 -3.4e+38 -3.4e+38 328 333 337 345 348 352 340 330 319 313 318 312 320 324 336 345 343 349 357
-3.4e+38 -3.4e+38 356 359 358 356 357 371 367 375 381 376 385 409 412 409 402 389 385 397 391 384 380 377 386 375 373 377 371 359 357 366 364 362 361 362 361 353 348 352 338 350 342 334 348 336 -3.4e+38 -3.4e+38 -3.4e+38 -3.4e+38 -3.4e+38 -3.4e+38 -3.4e+38 -3.4e+38 329 332 334 340 341 342 334 322 314 315 313 310 313 320 325 340 346 359 349
-3.4e+38 -3.4e+38 357 358 357 357 358 361 369 377 384 396 416 426 417 398 395 411 401 398 388 393 387 382 387 384 385 380 372 368 357 370 370 365 363 364 364 357 356 355 341 351 334 333 340 334 -3.4e+38 -3.4e+38 -3.4e+38 -3.4e+38 -3.4e+38 -3.4e+38 -3.4e+38 -3.4e+38 327 333 334 334 349 336 324 322 311 308 310 312 312 320 325 328 339 344 352
-3.4e+38 -3.4e+38 363 361 359 360 361 368 371 369 380 394 424 413 410 404 400 393 392 385 382 376 371 377 373 373 371 383 373 371 371 361 371 361 365 365 364 361 363 384 375 343 336 333 336 323 -3.4e+38 -3.4e+38 -3.4e+38 -3.4e+38 -3.4e+38 -3.4e+38 -3.4e+38 -3.4e+38 327 331 334 332 335 335 333 313 327 317 315 315 313 321 321 327 331 339 342
-3.4e+38 359 361 360 359 359 362 362 366 371 379 389 407 420 411 410 392 407 404 382 390 389 388 377 382 366 376 384 383 372 357 357 359 359 364 366 364 363 364 390 403 358 332 321 324 327 313 -3.4e+38 -3.4e+38 -3.4e+38 -3.4e+38 -3.4e+38 -3.4e+38 -3.4e+38 327 327 327 325 326 336 324 315 320 317 320 323 321 321 323 329 329 337 345
-3.4e+38 360 361 360 359 360 361 360 361 364 380 388 398 417 402 417 410 402 395 395 381 376 376 378 366 372 365 381 374 363 359 361 361 368 367 366 365 375 363 365 351 348 342 331 321 325 323 -3.4e+38 -3.4e+38 -3.4e+38 -3.4e+38 -3.4e+38 -3.4e+38 -3.4e+38 326 325 327 322 321 328 324 313 327 326 324 319 319 322 328 333 337 334 346
-3.4e+38 361 362 362 363 361 368 366 362 365 373 391 412 432 412 419 417 414 396 394 388 380 374 378 368 367 362 369 367 365 363 363 360 368 366 370 362 359 355 346 352 338 338 332 326 328 312 -3.4e+38 -3.4e+38 -3.4e+38 -3.4e+38 -3.4e+38 -3.4e+38 -3.4e+38 -3.4e+38 325 326 316 321 317 315 312 325 326 324 315 315 322 326 326 335 340 341
361 363 363 363 362 363 367 366 366 372 379 385 386 402 413 403 412 404 415 399 380 372 378 371 376 375 373 365 364 363 360 363 358 370 367 369 362 358 343 341 340 339 343 327 327 326 313 -3.4e+38 -3.4e+38 -3.4e+38 -3.4e+38 -3.4e+38 -3.4e+38 -3.4e+38 -3.4e+38 -3.4e+38 316 312 316 313 310 315 310 336 312 325 323 325 325 330 337 337 347
362 363 362 362 363 364 369 365 366 367 374 374 382 402 403 395 405 391 398 389 374 370 379 361 369 368 367 374 375 358 355 356 360 364 365 369 366 361 345 339 337 335 333 334 320 326 -3.4e+38 -3.4e+38 -3.4e+38 -3.4e+38 -3.4e+38 -3.4e+38 -3.4e+38 -3.4e+38 -3.4e+38 -3.4e+38 -3.4e+38 -3.4e+38 -3.4e+38 311 320 330 311 326 326 329 324 332 333 335 335 338 343
362 365 364 363 364 365 367 367 369 368 370 376 381 392 388 397 394 389 389 382 373 372 370 371 364 365 367 372 371 365 355 355 355 359 359 367 375 367 358 336 341 343 334 326 325 316 -3.4e+38 -3.4e+38 -3.4e+38 -3.4e+38 -3.4e+38 -3.4e+38 -3.4e+38 -3.4e+38 -3.4e+38 -3.4e+38 -3.4e+38 -3.4e+38 308 309 314 321 332 327 326 320 333 327 331 331 335 339 345
363 364 366 366 364 364 364 366 373 371 375 410 379 379 383 395 395 387 389 380 374 368 368 360 361 -3.4e+38 -3.4e+38 365 359 363 353 355 359 358 358 365 370 360 356 340 343 350 341 328 331 326 -3.4e+38 -3.4e+38 -3.4e+38 -3.4e+38 -3.4e+38 -3.4e+38 -3.4e+38 -3.4e+38 -3.4e+38 -3.4e+38 -3.4e+38 308 323 323 332 329 334 326 321 335 334 337 335 335 339 347 354
365 366 366 365 365 364 366 371 371 372 374 383 371 380 381 395 393 380 383 375 371 371 364 363 -3.4e+38 -3.4e+38 -3.4e+38 364 364 358 354 355 351 356 362 362 365 357 352 344 337 336 340 325 327 319 314 -3.4e+38 -3.4e+38 -3.4e+38 -3.4e+38 -3.4e+38 -3.4e+38 -3.4e+38 -3.4e+38 -3.4e+38 316 319 323 329 331 334 338 338 340 344 347 339 331 329 333 341 358
364 365 364 363 363 366 367 366 376 374 368 367 371 377 389 402 389 380 379 374 367 364 363 -3.4e+38 -3.4e+38 -3.4e+38 -3.4e+38 361 366 357 355 350 354 355 361 366 360 348 347 350 346 332 330 322 324 321 -3.4e+38 -3.4e+38 -3.4e+38 -3.4e+38 -3.4e+38 -3.4e+38 -3.4e+38 -3.4e+38 -3.4e+38 315 317 320 319 322 330 335 336 331 331 328 334 333 326 328 333 341 343
364 363 364 363 363 367 364 361 371 365 374 373 372 389 399 398 381 372 364 364 367 365 363 -3.4e+38 -3.4e+38 -3.4e+38 -3.4e+38 366 367 365 351 346 354 351 359 359 358 347 346 342 342 332 328 327 320 321 -3.4e+38 -3.4e+38 -3.4e+38 -3.4e+38 -3.4e+38 -3.4e+38 -3.4e+38 -3.4e+38 313 317 316 316 315 326 322 330 327 325 320 322 327 334 321 327 336 344 346
363 364 364 364 364 363 359 361 365 366 380 380 384 401 390 390 381 370 363 361 363 358 356 -3.4e+38 -3.4e+38 -3.4e+38 359 358 366 365 354 349 348 353 353 365 359 343 347 342 333 331 331 329 316 -3.4e+38 -3.4e+38 -3.4e+38 -3.4e+38 -3.4e+38 -3.4e+38 -3.4e+38 -3.4e+38 -3.4e+38 314 317 318 316 323 315 316 322 324 316 314 323 319 317 320 326 333 339 342
364 364 363 363 364 363 360 362 367 381 381 381 388 419 409 413 382 370 365 358 356 357 -3.4e+38 -3.4e+38 -3.4e+38 -3.4e+38 356 360 359 356 352 350 354 353 358 363 360 348 336 335 332 328 332 318 318 -3.4e+38 -3.4e+38 -3.4e+38 -3.4e+38 -3.4e+38 -3.4e+38 -3.4e+38 -3.4e+38 312 314 323 319 312 314 316 313 313 331 328 330 316 329 324 320 328 333 341 342
363 362 362 362 359 361 366 366 371 376 375 381 395 415 422 396 377 368 353 353 354 353 -3.4e+38 -3.4e+38 -3.4e+38 -3.4e+38 350 361 358 365 363 350 349 352 354 358 361 349 351 336 330 324 329 318 315 -3.4e+38 -3.4e+38 -3.4e+38 -3.4e+38 -3.4e+38 -3.4e+38 -3.4e+38 311 316 317 317 318 315 313 316 313 319 331 338 338 322 321 322 327 329 334 344 344
361 361 361 361 359 365 377 366 375 374 374 380 408 416 402 388 386 372 363 358 352 -3.4e+38 -3.4e+38 -3.4e+38 -3.4e+38 -3.4e+38 347 359 358 356 354 362 354 352 344 348 350 349 343 335 330 321 328 318 -3.4e+38 -3.4e+38 -3.4e+38 -3.4e+38 -3.4e+38 -3.4e+38 -3.4e+38 -3.4e+38 312 315 314 318 317 -3.4e+38 310 313 321 337 358 350 337 338 321 325 328 323 326 347 369
358 358 358 358 359 364 377 374 372 372 372 379 393 399 413 389 383 385 376 364 353 350 -3.4e+38 -3.4e+38 -3.4e+38 -3.4e+38 349 350 358 364 354 348 346 343 340 341 336 336 347 334 328 324 319 318 -3.4e+38 -3.4e+38 -3.4e+38 -3.4e+38 -3.4e+38 -3.4e+38 -3.4e+38 -3.4e+38 -3.4e+38 310 309 314 310 309 319 321 337 340 358 339 338 341 338 332 321 336 337 347 365
355 357 357 358 361 360 373 366 367 367 369 374 374 382 404 399 390 402 360 355 350 347 -3.4e+38 -3.4e+38 -3.4e+38 -3.4e+38 345 348 353 356 351 346 351 344 351 338 325 329 332 321 318 323 318 317 -3.4e+38 -3.4e+38 -3.4e+38 -3.4e+38 -3.4e+38 -3.4e+38 -3.4e+38 -3.4e+38 308 308 307 309 310 316 317 321 331 332 332 348 332 334 355 340 326 335 336 337 345
353 354 357 359 362 358 361 365 364 367 369 373 375 382 396 392 383 382 366 364 352 345 342 -3.4e+38 -3.4e+38 -3.4e+38 342 342 351 356 361 346 351 363 357 352 338 321 319 321 330 319 318 -3.4e+38 -3.4e+38 -3.4e+38 -3.4e+38 -3.4e+38 -3.4e+38 -3.4e+38 -3.4e+38 -3.4e+38 308 311 317 314 315 315 317 326 331 325 325 325 329 337 356 339 327 329 335 337 339
-3.4e+38 -3.4e+38 356 356 356 362 364 367 366 369 373 374 400 399 402 391 382 373 373 353 353 350 349 -3.4e+38 -3.4e+38 -3.4e+38 340 345 346 345 354 352 356 369 382 377 338 323 321 315 319 333 318 -3.4e+38 -3.4e+38 -3.4e+38 -3.4e+38 -3.4e+38 -3.4e+38 -3.4e+38 -3.4e+38 308 313 314 317 320 317 313 317 325 319 323 320 325 326 327 329 331 333 329 333 336 344
-3.4e+38 -3.4e+38 -3.4e+38 354 353 362 364 374 366 372 382 382 401 413 397 389 385 371 361 354 352 339 336 340 -3.4e+38 334 342 345 356 351 347 350 352 367 367 378 332 323 335 313 314 320 322 -3.4e+38 -3.4e+38 -3.4e+38 -3.4e+38 -3.4e+38 -3.4e+38 303 304 307 307 306 313 312 310 309 314 317 316 325 325 325 324 326 332 332 331 337 339 347 345
-3.4e+38 -3.4e+38 -3.4e+38 351 353 358 364 366 367 364 373 387 407 417 399 414 402 396 355 363 356 350 347 336 -3.4e+38 339 346 349 359 356 355 355 375 356 356 351 343 341 325 318 314 315 -3.4e+38 -3.4e+38 -3.4e+38 -3.4e+38 -3.4e+38 -3.4e+38 -3.4e+38 -3.4e+38 303 305 308 310 306 308 308 318 314 324 325 332 331 327 335 327 349 341 333 338 346 358 359
-3.4e+38 -3.4e+38 -3.4e+38 350 352 355 360 364 362 364 376 397 408 426 412 394 386 365 366 372 362 350 347 342 335 339 343 358 351 342 348 351 352 351 345 351 348 333 334 318 305 -3.4e+38 -3.4e+38 -3.4e+38 -3.4e+38 -3.4e+38 -3.4e+38 -3.4e+38 -3.4e+38 -3.4e+38 -3.4e+38 311 313 319 310 309 315 318 328 328 327 346 347 346 335 334 334 341 334 332 335 341 367
-3.4e+38 -3.4e+38 -3.4e+38 348 350 354 361 358 357 364 371 398 418 409 416 408 390 382 367 373 363 349 350 348 333 -3.4e+38 341 347 344 340 342 350 347 345 338 351 336 341 331 317 304 -3.4e+38 -3.4e+38 -3.4e+38 -3.4e+38 -3.4e+38 -3.4e+38 -3.4e+38 -3.4e+38 -3.4e+38 -3.4e+38 -3.4e+38 314 319 319 314 313 318 322 328 338 353 347 350 336 333 340 342 341 336 339 340 350
-3.4e+38 -3.4e+38 -3.4e+38 346 349 351 357 354 359 363 371 388 398 417 408 406 404 382 364 363 357 350 347 339 336 332 -3.4e+38 341 340 335 337 353 348 342 342 351 333 328 320 317 307 -3.4e+38 -3.4e+38 -3.4e+38 -3.4e+38 -3.4e+38 -3.4e+38 -3.4e+38 -3.4e+38 -3.4e+38 -3.4e+38 -3.4e+38 311 319 318 320 319 331 340 349 340 340 349 359 349 346 337 360 344 342 340 342 340
-3.4e+38 -3.4e+38 344 345 347 355 357 359 359 363 373 382 390 418 425 425 401 388 376 371 362 363 347 342 336 330 -3.4e+38 -3.4e+38 -3.4e+38 -3.4e+38 -3.4e+38 342 342 345 340 365 363 343 335 318 311 -3.4e+38 -3.4e+38 -3.4e+38 -3.4e+38 -3.4e+38 -3.4e+38 -3.4e+38 -3.4e+38 -3.4e+38 -3.4e+38 -3.4e+38 -3.4e+38 315 322 332 340 332 348 353 354 350 350 360 352 355 367 363 343 343 340 347 352
-3.4e+38 -3.4e+38 343 345 348 353 357 356 362 364 363 372 391 417 420 404 389 376 376 365 369 363 351 336 340 342 329 -3.4e+38 -3.4e+38 -3.4e+38 -3.4e+38 335 337 335 344 358 373 347 334 314 308 -3.4e+38 -3.4e+38 -3.4e+38 -3.4e+38 -3.4e+38 -3.4e+38 -3.4e+38 -3.4e+38 -3.4e+38 -3.4e+38 -3.4e+38 -3.4e+38 322 329 326 319 332 332 354 359 362 351 370 366 349 363 374 348 344 326 332 345
