data/bioclim/NFFD1.asc
NCOLS 391 
NROWS 575 
XLLCORNER -1773000 
YLLCORNER 4368000 
CELLSIZE 1000 
NODATA_value -3.4e+38 
[rows 352 to 383 of 575, columns 219 to 291 of 391]
311 297 305 311 312 314 321 330 331 336 336 338 341 339 339 330 335 336 344 346 344 344 346 344 347 344 340 339 342 337 337 338 344 340 329 329 329 320 320 333 324 325 326 332 334 329 328 322 292 273 274 279 263 290 300 292 301 313 313 304 314 302 292 305 305 315 327 331 332 336 337 -3.4e+38 -3.4e+38
311 314 318 307 310 305 316 320 328 333 331 339 340 340 340 336 342 344 345 346 346 336 338 339 344 344 343 343 343 343 338 344 344 345 336 336 339 320 321 333 337 329 332 340 332 330 335 325 321 295 272 255 277 293 308 299 301 311 320 324 322 311 310 317 317 329 328 329 331 334 336 -3.4e+38 -3.4e+38
308 316 321 320 316 305 322 331 334 337 336 336 338 340 337 338 337 336 339 337 337 337 341 337 340 348 347 348 339 348 346 345 342 346 345 344 339 315 329 337 335 336 336 341 332 330 330 330 324 280 281 259 270 290 293 285 303 308 311 317 313 315 320 322 327 323 331 333 333 333 336 -3.4e+38 -3.4e+38
298 309 316 324 321 304 314 330 338 340 336 336 340 338 337 334 336 337 337 335 334 335 338 338 338 347 344 344 344 347 344 346 342 335 333 340 347 334 335 342 345 341 339 338 334 337 331 331 309 301 288 277 263 264 274 273 299 305 310 305 316 325 325 326 323 323 327 328 329 334 337 -3.4e+38 -3.4e+38
306 312 321 330 333 324 324 334 340 340 340 340 341 336 336 336 336 338 338 330 329 333 338 346 347 346 347 346 342 342 344 344 342 324 328 336 337 347 344 342 338 341 333 335 331 329 331 329 315 295 294 277 269 262 266 278 293 302 304 297 316 317 317 318 320 322 323 327 329 333 334 -3.4e+38 -3.4e+38
317 322 326 329 329 332 337 339 339 340 341 341 343 343 341 339 337 337 338 338 325 341 346 348 346 346 -3.4e+38 -3.4e+38 -3.4e+38 344 343 339 335 319 321 323 337 337 337 335 327 337 328 335 335 332 332 327 314 301 300 293 274 279 272 278 284 288 296 304 302 308 318 321 326 323 324 328 329 333 -3.4e+38 -3.4e+38 -3.4e+38
319 324 324 316 330 317 333 339 343 342 343 342 343 343 342 341 341 337 342 336 329 338 344 347 348 348 -3.4e+38 -3.4e+38 -3.4e+38 344 342 342 338 325 325 318 327 331 327 315 334 338 327 330 332 330 330 321 303 286 296 297 287 278 280 265 279 290 300 306 299 313 316 319 321 327 327 329 329 333 -3.4e+38 -3.4e+38 -3.4e+38
316 312 306 323 323 329 332 337 339 344 344 344 343 344 345 345 345 342 341 342 341 340 344 346 348 349 -3.4e+38 -3.4e+38 -3.4e+38 345 345 342 339 329 310 313 311 322 311 321 326 339 341 333 334 331 332 303 302 294 288 294 294 290 281 280 279 286 305 306 313 312 322 325 321 324 329 329 332 334 -3.4e+38 -3.4e+38 -3.4e+38
314 314 320 319 328 323 328 332 339 342 344 345 344 345 344 346 346 344 336 340 341 345 339 346 348 346 -3.4e+38 -3.4e+38 -3.4e+38 -3.4e+38 346 344 343 326 309 309 316 306 304 306 327 336 332 328 329 326 301 287 301 295 294 294 294 307 303 288 290 293 299 306 313 315 312 323 327 326 330 333 334 -3.4e+38 -3.4e+38 -3.4e+38 -3.4e+38
318 311 309 306 318 321 323 335 340 344 345 346 346 346 346 346 347 344 343 342 343 347 344 348 346 346 -3.4e+38 -3.4e+38 347 345 345 346 339 333 326 309 309 307 284 299 322 323 328 336 328 327 314 293 280 290 288 286 289 313 302 300 302 301 293 309 312 306 309 320 327 329 329 331 334 -3.4e+38 -3.4e+38 -3.4e+38 -3.4e+38
317 313 309 307 318 312 327 323 341 343 344 344 347 347 347 348 345 346 347 348 349 348 348 346 347 -3.4e+38 -3.4e+38 346 345 345 342 341 343 339 333 324 325 318 311 307 322 325 324 332 329 323 315 300 283 290 279 292 294 302 313 313 312 307 306 300 306 316 313 313 319 326 329 331 -3.4e+38 -3.4e+38 -3.4e+38 -3.4e+38 -3.4e+38
319 313 307 308 310 313 320 323 335 341 340 340 345 346 347 343 338 337 344 347 346 348 348 348 -3.4e+38 -3.4e+38 -3.4e+38 345 345 344 342 343 339 337 336 333 316 321 305 300 304 309 322 323 329 322 309 294 285 287 262 269 280 300 313 315 319 319 311 307 310 315 321 313 320 326 326 333 -3.4e+38 -3.4e+38 -3.4e+38 -3.4e+38 -3.4e+38
314 307 306 298 299 306 314 323 332 336 333 340 345 345 346 345 338 338 342 345 346 346 347 -3.4e+38 -3.4e+38 -3.4e+38 346 346 346 344 344 344 341 335 329 329 328 317 302 299 309 308 322 317 322 309 292 280 271 272 262 269 276 286 307 311 319 323 311 313 312 306 313 323 324 325 329 -3.4e+38 -3.4e+38 -3.4e+38 -3.4e+38 -3.4e+38 -3.4e+38
313 309 303 295 278 294 306 313 328 333 337 340 344 345 345 345 342 339 338 344 346 348 348 348 -3.4e+38 -3.4e+38 347 347 346 346 344 343 344 338 329 333 332 327 310 308 316 316 306 314 322 312 308 287 295 277 272 284 291 293 308 309 298 312 323 319 321 313 313 322 326 330 335 -3.4e+38 -3.4e+38 -3.4e+38 -3.4e+38 -3.4e+38 -3.4e+38
309 310 303 306 298 290 289 303 318 329 333 340 342 342 345 344 342 340 341 344 346 -3.4e+38 -3.4e+38 346 -3.4e+38 -3.4e+38 347 347 347 346 346 344 341 337 338 328 320 323 315 309 302 303 301 309 317 322 302 304 295 280 286 294 297 303 308 310 306 300 318 322 326 321 321 325 329 330 334 -3.4e+38 -3.4e+38 -3.4e+38 -3.4e+38 -3.4e+38 -3.4e+38
319 304 301 312 306 301 292 301 305 319 324 336 340 342 342 342 342 342 342 344 345 347 -3.4e+38 -3.4e+38 -3.4e+38 -3.4e+38 347 347 347 346 340 340 336 333 337 335 329 322 328 310 307 287 287 309 309 309 309 312 300 290 283 271 292 307 306 311 315 301 313 325 324 328 325 330 330 334 336 335 336 -3.4e+38 -3.4e+38 -3.4e+38 -3.4e+38
314 317 308 308 313 311 292 290 288 302 320 338 340 341 342 342 342 344 343 344 343 346 -3.4e+38 -3.4e+38 -3.4e+38 -3.4e+38 -3.4e+38 -3.4e+38 347 345 344 341 342 339 336 334 330 323 328 323 316 299 295 301 309 303 302 300 303 300 288 294 292 289 288 298 299 312 321 325 323 325 323 323 325 328 330 336 335 -3.4e+38 -3.4e+38 -3.4e+38 -3.4e+38
325 317 314 309 320 319 304 305 312 320 328 337 339 342 342 343 344 342 344 345 345 346 348 -3.4e+38 -3.4e+38 -3.4e+38 -3.4e+38 -3.4e+38 347 346 348 345 341 340 341 338 329 324 315 310 321 310 309 309 311 310 309 300 309 308 309 302 290 295 301 307 312 307 323 314 325 326 329 330 330 330 334 335 335 338 -3.4e+38 -3.4e+38 -3.4e+38
325 323 320 315 314 325 311 315 320 324 328 331 337 340 342 342 344 343 347 345 347 347 349 -3.4e+38 -3.4e+38 -3.4e+38 -3.4e+38 -3.4e+38 -3.4e+38 -3.4e+38 346 343 339 336 336 336 335 332 322 307 305 293 310 313 313 316 314 306 305 304 313 302 292 302 307 308 317 316 321 319 317 326 328 333 336 335 335 337 338 338 -3.4e+38 -3.4e+38 -3.4e+38
311 318 318 317 320 325 319 324 327 327 321 319 326 337 339 342 342 345 343 348 346 347 349 -3.4e+38 -3.4e+38 -3.4e+38 -3.4e+38 -3.4e+38 -3.4e+38 -3.4e+38 -3.4e+38 345 341 334 329 325 329 318 309 301 292 279 304 310 310 309 320 310 309 309 311 314 300 288 299 303 317 321 317 312 305 322 326 330 331 335 335 338 335 -3.4e+38 -3.4e+38 -3.4e+38 -3.4e+38
309 314 315 314 316 320 325 325 330 330 330 320 328 339 339 339 340 343 343 345 343 347 348 -3.4e+38 -3.4e+38 -3.4e+38 -3.4e+38 -3.4e+38 -3.4e+38 -3.4e+38 -3.4e+38 345 338 339 330 335 320 323 310 304 293 278 290 297 310 319 321 312 310 313 319 314 308 290 295 306 315 314 309 304 314 321 325 330 331 335 -3.4e+38 -3.4e+38 -3.4e+38 -3.4e+38 -3.4e+38 -3.4e+38 -3.4e+38
309 312 307 302 310 314 322 329 334 334 331 325 334 334 339 335 339 341 340 339 346 348 349 -3.4e+38 -3.4e+38 -3.4e+38 -3.4e+38 -3.4e+38 -3.4e+38 -3.4e+38 -3.4e+38 346 340 342 343 336 326 318 303 312 296 303 303 310 310 316 321 317 319 320 316 313 303 305 302 309 308 320 319 319 312 309 313 326 331 338 -3.4e+38 -3.4e+38 -3.4e+38 -3.4e+38 -3.4e+38 -3.4e+38 -3.4e+38
321 309 307 295 300 323 323 319 332 334 337 338 331 341 335 338 339 338 340 343 345 347 347 -3.4e+38 -3.4e+38 -3.4e+38 -3.4e+38 -3.4e+38 -3.4e+38 -3.4e+38 -3.4e+38 345 342 344 339 336 331 323 311 323 312 297 303 311 316 319 321 322 324 315 316 308 309 304 293 304 314 314 320 324 312 314 320 329 335 337 -3.4e+38 -3.4e+38 -3.4e+38 -3.4e+38 -3.4e+38 -3.4e+38 -3.4e+38
326 321 297 295 318 321 315 325 330 339 339 336 329 335 346 339 337 338 342 343 344 345 -3.4e+38 -3.4e+38 -3.4e+38 -3.4e+38 -3.4e+38 -3.4e+38 -3.4e+38 -3.4e+38 347 345 345 342 343 338 331 323 324 327 317 304 310 317 315 317 322 324 317 310 315 309 311 298 299 304 315 320 315 327 321 325 326 331 334 -3.4e+38 -3.4e+38 -3.4e+38 -3.4e+38 -3.4e+38 -3.4e+38 -3.4e+38 -3.4e+38
321 315 303 302 313 318 325 326 327 333 333 332 337 338 338 346 345 336 340 339 342 345 -3.4e+38 -3.4e+38 -3.4e+38 -3.4e+38 -3.4e+38 -3.4e+38 -3.4e+38 347 347 347 345 346 343 339 330 329 329 329 320 304 311 320 319 322 323 328 322 320 316 315 310 310 307 301 314 320 321 319 326 327 330 331 335 -3.4e+38 -3.4e+38 -3.4e+38 -3.4e+38 -3.4e+38 -3.4e+38 -3.4e+38 -3.4e+38
315 315 308 310 309 320 319 321 331 326 331 335 337 339 341 336 349 344 341 338 342 347 -3.4e+38 -3.4e+38 -3.4e+38 -3.4e+38 -3.4e+38 -3.4e+38 348 347 347 347 345 345 340 335 331 329 330 332 330 312 308 317 317 323 323 327 326 323 314 317 309 308 316 308 315 315 323 325 327 327 331 334 335 338 -3.4e+38 -3.4e+38 -3.4e+38 -3.4e+38 -3.4e+38 -3.4e+38 -3.4e+38
321 321 315 317 302 313 314 320 325 321 326 331 335 339 337 335 340 344 341 344 345 346 -3.4e+38 -3.4e+38 -3.4e+38 -3.4e+38 -3.4e+38 349 348 347 346 347 347 345 339 342 334 339 334 334 320 312 316 310 308 319 321 325 328 326 317 316 313 309 316 314 315 313 307 325 328 333 332 334 336 337 -3.4e+38 -3.4e+38 -3.4e+38 -3.4e+38 -3.4e+38 -3.4e+38 -3.4e+38
321 325 324 314 309 309 309 316 326 315 321 326 327 336 340 344 343 346 345 347 347 347 -3.4e+38 -3.4e+38 -3.4e+38 -3.4e+38 -3.4e+38 348 346 345 338 345 345 345 342 342 338 330 328 329 319 317 312 297 305 317 323 322 328 321 321 316 322 316 316 318 315 315 315 321 326 332 334 336 336 337 -3.4e+38 -3.4e+38 -3.4e+38 -3.4e+38 -3.4e+38 -3.4e+38 -3.4e+38
328 326 325 319 315 315 310 310 321 326 328 335 331 333 339 339 339 345 345 343 349 347 -3.4e+38 -3.4e+38 -3.4e+38 -3.4e+38 -3.4e+38 348 347 346 342 343 344 343 342 337 327 329 329 329 326 323 312 307 303 311 323 328 330 321 322 316 317 324 315 319 321 320 322 319 328 331 331 333 336 -3.4e+38 -3.4e+38 -3.4e+38 -3.4e+38 -3.4e+38 -3.4e+38 -3.4e+38 332
331 327 325 325 324 323 316 310 325 327 332 331 335 338 338 339 339 340 343 345 347 -3.4e+38 -3.4e+38 -3.4e+38 -3.4e+38 -3.4e+38 -3.4e+38 -3.4e+38 347 347 342 344 345 344 339 337 328 331 329 330 330 316 303 309 304 310 319 320 321 327 322 315 316 318 317 322 322 326 326 324 326 330 331 333 -3.4e+38 -3.4e+38 -3.4e+38 -3.4e+38 -3.4e+38 -3.4e+38 -3.4e+38 -3.4e+38 335
322 324 326 327 332 322 322 314 317 316 326 330 336 336 337 345 340 345 346 347 348 -3.4e+38 -3.4e+38 -3.4e+38 -3.4e+38 -3.4e+38 -3.4e+38 348 348 347 344 347 345 343 342 334 335 328 330 330 328 318 320 312 311 312 317 323 323 328 331 326 322 321 322 321 322 321 326 327 330 330 332 -3.4e+38 -3.4e+38 -3.4e+38 -3.4e+38 -3.4e+38 -3.4e+38 -3.4e+38 -3.4e+38 -3.4e+38 -3.4e+38
329 325 327 336 333 332 332 322 318 326 330 330 336 336 337 337 345 346 347 350 348 -3.4e+38 -3.4e+38 -3.4e+38 -3.4e+38 -3.4e+38 -3.4e+38 348 347 347 347 347 345 343 342 338 337 335 330 329 321 331 323 308 317 317 316 312 317 329 333 333 326 321 325 324 327 327 323 327 333 332 334 -3.4e+38 -3.4e+38 -3.4e+38 -3.4e+38 -3.4e+38 -3.4e+38 -3.4e+38 335 330 330
