data/bioclim/NFFD1.asc
NCOLS 391 
NROWS 575 
XLLCORNER -1773000 
YLLCORNER 4368000 
CELLSIZE 1000 
NODATA_value -3.4e+38 
[rows 416 to 447 of 575, columns 219 to 291 of 391]
341 337 340 341 338 336 338 341 343 345 345 347 349 349 -3.4e+38 -3.4e+38 -3.4e+38 -3.4e+38 -3.4e+38 -3.4e+38 350 349 345 338 326 329 322 325 330 336 341 342 339 341 344 344 344 -3.4e+38 -3.4e+38 -3.4e+38 346 341 334 337 334 334 340 336 334 337 326 303 306 316 306 323 335 319 315 302 307 322 -3.4e+38 -3.4e+38 -3.4e+38 -3.4e+38 -3.4e+38 -3.4e+38 -3.4e+38 -3.4e+38 -3.4e+38 -3.4e+38 -3.4e+38
342 341 340 335 332 333 335 337 344 341 343 345 348 349 -3.4e+38 -3.4e+38 -3.4e+38 -3.4e+38 -3.4e+38 -3.4e+38 350 346 341 334 327 328 329 329 325 331 340 342 343 343 344 344 -3.4e+38 -3.4e+38 -3.4e+38 -3.4e+38 -3.4e+38 338 341 342 343 340 337 336 333 331 320 310 303 315 302 314 329 331 325 286 302 324 -3.4e+38 -3.4e+38 -3.4e+38 -3.4e+38 -3.4e+38 -3.4e+38 -3.4e+38 -3.4e+38 -3.4e+38 -3.4e+38 -3.4e+38
341 343 341 337 338 338 337 343 342 340 341 345 347 349 -3.4e+38 -3.4e+38 -3.4e+38 -3.4e+38 -3.4e+38 349 344 340 334 334 326 328 325 333 334 333 337 341 345 344 -3.4e+38 -3.4e+38 -3.4e+38 -3.4e+38 -3.4e+38 -3.4e+38 344 342 341 337 338 339 340 337 328 321 311 304 294 305 322 329 332 332 325 321 -3.4e+38 -3.4e+38 -3.4e+38 -3.4e+38 -3.4e+38 -3.4e+38 -3.4e+38 -3.4e+38 -3.4e+38 -3.4e+38 -3.4e+38 -3.4e+38 -3.4e+38
344 344 337 338 341 341 338 342 341 335 343 343 347 348 -3.4e+38 -3.4e+38 -3.4e+38 -3.4e+38 -3.4e+38 349 344 340 336 335 331 328 326 326 336 337 337 342 344 345 -3.4e+38 -3.4e+38 -3.4e+38 -3.4e+38 -3.4e+38 -3.4e+38 344 339 337 337 335 337 329 325 328 310 289 293 306 313 328 327 332 -3.4e+38 -3.4e+38 -3.4e+38 -3.4e+38 -3.4e+38 -3.4e+38 -3.4e+38 -3.4e+38 -3.4e+38 -3.4e+38 -3.4e+38 -3.4e+38 -3.4e+38 -3.4e+38 -3.4e+38 -3.4e+38
344 344 343 343 343 342 338 341 341 339 339 345 348 349 -3.4e+38 -3.4e+38 -3.4e+38 -3.4e+38 -3.4e+38 349 344 343 336 333 333 332 334 337 334 337 343 344 345 -3.4e+38 -3.4e+38 -3.4e+38 -3.4e+38 -3.4e+38 -3.4e+38 -3.4e+38 344 340 340 337 333 333 329 317 314 291 281 300 309 322 320 327 332 -3.4e+38 -3.4e+38 -3.4e+38 -3.4e+38 -3.4e+38 -3.4e+38 -3.4e+38 -3.4e+38 -3.4e+38 -3.4e+38 -3.4e+38 -3.4e+38 -3.4e+38 -3.4e+38 -3.4e+38 -3.4e+38
346 344 345 344 343 339 341 339 339 341 343 347 348 350 -3.4e+38 -3.4e+38 -3.4e+38 -3.4e+38 -3.4e+38 350 344 339 337 336 328 328 332 337 337 336 338 341 -3.4e+38 -3.4e+38 -3.4e+38 -3.4e+38 -3.4e+38 -3.4e+38 -3.4e+38 -3.4e+38 344 344 341 337 333 323 316 315 307 274 280 288 310 317 321 327 328 -3.4e+38 -3.4e+38 -3.4e+38 -3.4e+38 -3.4e+38 -3.4e+38 -3.4e+38 -3.4e+38 -3.4e+38 -3.4e+38 -3.4e+38 -3.4e+38 -3.4e+38 -3.4e+38 -3.4e+38 -3.4e+38
347 346 344 341 341 338 335 333 338 343 343 347 345 349 -3.4e+38 -3.4e+38 -3.4e+38 -3.4e+38 -3.4e+38 350 344 344 342 331 330 325 329 334 336 340 341 344 -3.4e+38 -3.4e+38 -3.4e+38 -3.4e+38 -3.4e+38 -3.4e+38 -3.4e+38 -3.4e+38 344 344 335 330 318 304 307 305 300 276 277 295 310 319 321 330 323 327 -3.4e+38 -3.4e+38 -3.4e+38 -3.4e+38 -3.4e+38 -3.4e+38 -3.4e+38 -3.4e+38 -3.4e+38 -3.4e+38 -3.4e+38 -3.4e+38 -3.4e+38 -3.4e+38 -3.4e+38
346 346 341 338 337 338 330 328 335 338 343 344 347 347 -3.4e+38 -3.4e+38 -3.4e+38 -3.4e+38 -3.4e+38 350 346 344 345 341 335 332 328 332 338 341 344 345 -3.4e+38 -3.4e+38 -3.4e+38 -3.4e+38 -3.4e+38 -3.4e+38 -3.4e+38 -3.4e+38 344 340 335 325 309 284 288 305 285 266 282 309 322 322 324 321 316 327 -3.4e+38 -3.4e+38 -3.4e+38 -3.4e+38 -3.4e+38 -3.4e+38 -3.4e+38 -3.4e+38 -3.4e+38 -3.4e+38 -3.4e+38 -3.4e+38 -3.4e+38 -3.4e+38 -3.4e+38
344 342 341 339 337 335 329 326 333 337 339 342 347 349 349 -3.4e+38 -3.4e+38 -3.4e+38 -3.4e+38 350 348 348 347 346 341 333 330 331 338 342 344 345 -3.4e+38 -3.4e+38 -3.4e+38 -3.4e+38 -3.4e+38 -3.4e+38 -3.4e+38 -3.4e+38 343 340 335 321 312 297 278 289 284 298 304 306 314 317 327 320 305 314 323 -3.4e+38 -3.4e+38 -3.4e+38 -3.4e+38 -3.4e+38 -3.4e+38 -3.4e+38 -3.4e+38 -3.4e+38 -3.4e+38 -3.4e+38 -3.4e+38 -3.4e+38 -3.4e+38
344 344 343 341 338 335 328 323 333 341 341 342 343 349 350 -3.4e+38 -3.4e+38 -3.4e+38 -3.4e+38 348 348 348 345 337 335 336 332 336 338 340 344 -3.4e+38 -3.4e+38 -3.4e+38 -3.4e+38 -3.4e+38 -3.4e+38 -3.4e+38 -3.4e+38 -3.4e+38 341 339 339 332 324 295 282 262 279 298 299 311 316 321 322 316 305 309 322 -3.4e+38 -3.4e+38 -3.4e+38 -3.4e+38 -3.4e+38 -3.4e+38 -3.4e+38 -3.4e+38 -3.4e+38 -3.4e+38 -3.4e+38 -3.4e+38 -3.4e+38 -3.4e+38
344 344 341 336 335 317 328 332 334 340 344 347 349 345 347 349 -3.4e+38 -3.4e+38 -3.4e+38 348 346 344 341 337 333 334 337 336 339 342 344 -3.4e+38 -3.4e+38 -3.4e+38 -3.4e+38 -3.4e+38 -3.4e+38 -3.4e+38 -3.4e+38 344 341 340 331 321 309 291 282 269 276 279 294 311 317 318 318 310 321 318 327 -3.4e+38 -3.4e+38 -3.4e+38 -3.4e+38 -3.4e+38 -3.4e+38 -3.4e+38 -3.4e+38 -3.4e+38 -3.4e+38 -3.4e+38 -3.4e+38 -3.4e+38 -3.4e+38
344 343 339 335 326 324 331 334 337 340 342 346 347 343 343 350 -3.4e+38 -3.4e+38 -3.4e+38 350 347 343 339 333 332 335 336 336 340 344 346 -3.4e+38 -3.4e+38 -3.4e+38 -3.4e+38 -3.4e+38 -3.4e+38 -3.4e+38 346 342 337 332 321 314 303 292 270 266 269 280 283 305 317 301 304 321 323 321 325 -3.4e+38 -3.4e+38 -3.4e+38 -3.4e+38 -3.4e+38 -3.4e+38 -3.4e+38 -3.4e+38 -3.4e+38 -3.4e+38 -3.4e+38 -3.4e+38 -3.4e+38 -3.4e+38
343 341 340 336 333 336 337 337 340 340 343 346 347 346 347 350 -3.4e+38 -3.4e+38 -3.4e+38 350 349 348 346 339 332 335 340 342 344 344 347 -3.4e+38 -3.4e+38 -3.4e+38 -3.4e+38 -3.4e+38 -3.4e+38 -3.4e+38 345 343 340 326 315 294 291 277 278 257 278 284 297 311 309 297 307 314 321 327 326 -3.4e+38 -3.4e+38 -3.4e+38 -3.4e+38 -3.4e+38 -3.4e+38 -3.4e+38 -3.4e+38 -3.4e+38 -3.4e+38 -3.4e+38 -3.4e+38 -3.4e+38 -3.4e+38
342 341 340 339 338 339 339 340 341 343 342 343 347 349 348 350 -3.4e+38 -3.4e+38 351 350 346 343 344 336 336 337 341 341 342 344 346 -3.4e+38 -3.4e+38 -3.4e+38 -3.4e+38 -3.4e+38 -3.4e+38 346 343 342 336 326 308 310 294 289 273 283 301 298 297 297 299 292 304 314 319 327 328 -3.4e+38 -3.4e+38 -3.4e+38 -3.4e+38 -3.4e+38 -3.4e+38 -3.4e+38 -3.4e+38 -3.4e+38 -3.4e+38 -3.4e+38 -3.4e+38 -3.4e+38 -3.4e+38
334 340 340 339 340 341 341 343 343 342 342 343 345 347 347 349 -3.4e+38 -3.4e+38 349 342 343 342 340 338 336 339 339 340 341 344 346 347 -3.4e+38 -3.4e+38 -3.4e+38 -3.4e+38 -3.4e+38 345 343 340 340 332 329 307 302 280 284 293 305 300 295 304 310 297 316 318 327 329 332 -3.4e+38 -3.4e+38 -3.4e+38 -3.4e+38 -3.4e+38 -3.4e+38 -3.4e+38 -3.4e+38 -3.4e+38 -3.4e+38 -3.4e+38 -3.4e+38 -3.4e+38 -3.4e+38
334 336 340 342 342 342 340 344 345 343 343 345 345 347 347 350 -3.4e+38 351 350 346 346 346 342 344 341 338 339 336 341 343 346 348 -3.4e+38 -3.4e+38 -3.4e+38 -3.4e+38 -3.4e+38 346 343 339 339 328 324 321 299 292 304 317 309 305 295 289 311 322 321 320 326 331 326 -3.4e+38 -3.4e+38 -3.4e+38 -3.4e+38 -3.4e+38 -3.4e+38 -3.4e+38 -3.4e+38 -3.4e+38 -3.4e+38 -3.4e+38 -3.4e+38 -3.4e+38 -3.4e+38
334 335 343 335 341 343 341 344 346 345 346 347 349 347 349 -3.4e+38 350 351 351 350 348 346 346 345 345 342 339 341 342 343 344 346 348 -3.4e+38 -3.4e+38 -3.4e+38 -3.4e+38 342 340 341 337 336 332 325 322 318 324 322 310 305 298 310 311 310 321 326 321 324 327 -3.4e+38 -3.4e+38 -3.4e+38 -3.4e+38 -3.4e+38 -3.4e+38 -3.4e+38 -3.4e+38 -3.4e+38 -3.4e+38 -3.4e+38 -3.4e+38 -3.4e+38 -3.4e+38
341 337 345 339 339 344 344 344 347 348 348 350 -3.4e+38 -3.4e+38 -3.4e+38 350 352 352 351 350 349 348 348 347 343 340 337 333 337 342 344 346 348 -3.4e+38 -3.4e+38 -3.4e+38 346 344 343 343 340 340 337 334 333 329 324 309 304 305 296 304 304 309 324 324 320 316 327 -3.4e+38 -3.4e+38 -3.4e+38 -3.4e+38 -3.4e+38 -3.4e+38 -3.4e+38 -3.4e+38 -3.4e+38 -3.4e+38 -3.4e+38 -3.4e+38 -3.4e+38 -3.4e+38
345 346 345 343 337 345 345 347 348 349 350 351 -3.4e+38 349 349 349 352 352 351 344 347 348 349 348 346 340 340 338 339 340 344 346 -3.4e+38 -3.4e+38 -3.4e+38 -3.4e+38 346 346 345 343 339 336 333 333 328 326 316 304 296 318 305 311 304 306 317 316 -3.4e+38 -3.4e+38 -3.4e+38 -3.4e+38 -3.4e+38 -3.4e+38 -3.4e+38 -3.4e+38 -3.4e+38 -3.4e+38 -3.4e+38 -3.4e+38 -3.4e+38 -3.4e+38 -3.4e+38 -3.4e+38 -3.4e+38
345 348 344 340 344 346 346 344 346 350 -3.4e+38 -3.4e+38 -3.4e+38 350 350 352 349 350 345 344 347 348 348 349 348 342 344 342 340 346 347 349 -3.4e+38 -3.4e+38 -3.4e+38 347 346 344 340 342 337 334 334 334 333 329 313 306 307 316 314 317 311 310 313 -3.4e+38 -3.4e+38 -3.4e+38 -3.4e+38 -3.4e+38 -3.4e+38 -3.4e+38 -3.4e+38 -3.4e+38 -3.4e+38 -3.4e+38 -3.4e+38 -3.4e+38 -3.4e+38 -3.4e+38 -3.4e+38 -3.4e+38 -3.4e+38
349 347 343 346 346 346 346 345 349 -3.4e+38 -3.4e+38 -3.4e+38 351 351 351 351 350 347 349 346 347 348 349 350 349 344 345 344 343 347 349 -3.4e+38 -3.4e+38 -3.4e+38 -3.4e+38 346 345 343 337 332 334 337 337 337 333 334 329 321 307 323 318 312 297 310 313 -3.4e+38 -3.4e+38 -3.4e+38 -3.4e+38 -3.4e+38 -3.4e+38 -3.4e+38 -3.4e+38 -3.4e+38 -3.4e+38 -3.4e+38 -3.4e+38 -3.4e+38 -3.4e+38 -3.4e+38 -3.4e+38 -3.4e+38 -3.4e+38
-3.4e+38 348 343 346 344 347 346 345 -3.4e+38 -3.4e+38 -3.4e+38 -3.4e+38 350 351 351 351 351 347 348 347 347 349 351 349 350 347 343 349 348 347 347 348 346 348 346 345 344 343 340 336 337 340 334 337 337 338 330 334 329 329 314 317 308 316 317 -3.4e+38 -3.4e+38 -3.4e+38 -3.4e+38 -3.4e+38 -3.4e+38 -3.4e+38 -3.4e+38 -3.4e+38 -3.4e+38 -3.4e+38 -3.4e+38 -3.4e+38 -3.4e+38 -3.4e+38 -3.4e+38 -3.4e+38 -3.4e+38
-3.4e+38 348 345 347 347 348 345 350 350 -3.4e+38 -3.4e+38 -3.4e+38 349 349 349 352 352 351 350 350 349 351 351 351 350 350 349 348 349 348 349 346 346 346 346 343 341 335 340 338 339 337 336 338 338 336 333 338 336 327 323 325 322 316 322 -3.4e+38 -3.4e+38 -3.4e+38 -3.4e+38 -3.4e+38 -3.4e+38 -3.4e+38 -3.4e+38 -3.4e+38 -3.4e+38 -3.4e+38 -3.4e+38 -3.4e+38 -3.4e+38 -3.4e+38 -3.4e+38 -3.4e+38 -3.4e+38
-3.4e+38 349 349 347 348 348 346 348 350 350 351 351 349 349 348 352 350 348 349 350 350 351 350 347 351 346 346 343 346 349 347 346 346 346 346 341 338 341 335 334 335 336 337 340 341 -3.4e+38 339 340 342 333 328 331 322 327 330 -3.4e+38 -3.4e+38 -3.4e+38 -3.4e+38 -3.4e+38 -3.4e+38 -3.4e+38 -3.4e+38 -3.4e+38 -3.4e+38 -3.4e+38 -3.4e+38 -3.4e+38 -3.4e+38 -3.4e+38 -3.4e+38 -3.4e+38 -3.4e+38
-3.4e+38 -3.4e+38 349 348 349 348 347 345 344 345 350 350 346 349 349 352 349 348 349 349 351 351 349 348 351 342 342 342 349 349 348 348 348 346 343 341 343 343 334 335 337 337 338 339 -3.4e+38 -3.4e+38 -3.4e+38 -3.4e+38 -3.4e+38 341 335 334 331 329 -3.4e+38 -3.4e+38 -3.4e+38 -3.4e+38 -3.4e+38 -3.4e+38 -3.4e+38 -3.4e+38 -3.4e+38 -3.4e+38 -3.4e+38 -3.4e+38 -3.4e+38 -3.4e+38 -3.4e+38 -3.4e+38 -3.4e+38 -3.4e+38 -3.4e+38
-3.4e+38 -3.4e+38 -3.4e+38 348 346 348 346 346 345 346 348 348 346 348 349 349 351 349 350 349 350 351 349 344 348 343 344 345 347 346 348 347 346 347 344 341 341 341 338 339 337 338 338 341 -3.4e+38 -3.4e+38 -3.4e+38 -3.4e+38 -3.4e+38 -3.4e+38 341 340 336 333 -3.4e+38 -3.4e+38 -3.4e+38 -3.4e+38 -3.4e+38 -3.4e+38 -3.4e+38 -3.4e+38 -3.4e+38 -3.4e+38 -3.4e+38 -3.4e+38 -3.4e+38 -3.4e+38 -3.4e+38 -3.4e+38 -3.4e+38 -3.4e+38 -3.4e+38
-3.4e+38 -3.4e+38 348 347 347 347 346 346 346 346 348 347 345 347 350 351 351 349 351 351 351 349 349 345 347 342 340 341 345 345 347 347 347 341 342 341 336 338 341 341 338 338 340 -3.4e+38 -3.4e+38 -3.4e+38 -3.4e+38 -3.4e+38 -3.4e+38 -3.4e+38 -3.4e+38 -3.4e+38 -3.4e+38 -3.4e+38 -3.4e+38 -3.4e+38 -3.4e+38 -3.4e+38 -3.4e+38 -3.4e+38 -3.4e+38 -3.4e+38 -3.4e+38 -3.4e+38 -3.4e+38 -3.4e+38 -3.4e+38 -3.4e+38 -3.4e+38 -3.4e+38 -3.4e+38 -3.4e+38 -3.4e+38
-3.4e+38 349 347 345 347 346 345 345 344 346 348 346 346 348 350 351 349 350 351 351 350 347 349 347 346 343 340 335 344 341 345 343 346 344 336 339 336 332 338 339 338 342 -3.4e+38 -3.4e+38 -3.4e+38 -3.4e+38 -3.4e+38 -3.4e+38 -3.4e+38 -3.4e+38 -3.4e+38 -3.4e+38 -3.4e+38 -3.4e+38 -3.4e+38 -3.4e+38 -3.4e+38 -3.4e+38 -3.4e+38 -3.4e+38 -3.4e+38 -3.4e+38 -3.4e+38 -3.4e+38 -3.4e+38 -3.4e+38 -3.4e+38 -3.4e+38 -3.4e+38 -3.4e+38 -3.4e+38 -3.4e+38 -3.4e+38
-3.4e+38 348 347 344 345 346 345 343 342 345 346 345 346 347 348 351 352 350 352 351 349 346 348 347 346 341 335 340 344 342 337 340 347 346 341 336 333 333 339 336 340 341 -3.4e+38 -3.4e+38 -3.4e+38 -3.4e+38 -3.4e+38 -3.4e+38 -3.4e+38 -3.4e+38 -3.4e+38 -3.4e+38 -3.4e+38 -3.4e+38 -3.4e+38 -3.4e+38 -3.4e+38 -3.4e+38 -3.4e+38 -3.4e+38 -3.4e+38 -3.4e+38 -3.4e+38 -3.4e+38 -3.4e+38 -3.4e+38 -3.4e+38 -3.4e+38 -3.4e+38 -3.4e+38 -3.4e+38 -3.4e+38 -3.4e+38
349 349 347 347 341 344 345 343 343 343 343 344 342 346 347 349 351 352 352 350 348 347 348 346 340 335 338 339 342 341 339 340 344 345 345 333 334 335 334 332 338 341 -3.4e+38 -3.4e+38 -3.4e+38 -3.4e+38 -3.4e+38 -3.4e+38 -3.4e+38 -3.4e+38 -3.4e+38 -3.4e+38 -3.4e+38 -3.4e+38 -3.4e+38 -3.4e+38 -3.4e+38 -3.4e+38 -3.4e+38 -3.4e+38 -3.4e+38 -3.4e+38 -3.4e+38 -3.4e+38 -3.4e+38 -3.4e+38 -3.4e+38 -3.4e+38 -3.4e+38 -3.4e+38 -3.4e+38 -3.4e+38 -3.4e+38
348 346 348 346 345 341 344 343 343 343 341 343 346 346 349 350 351 352 352 348 349 348 347 345 343 338 334 336 342 340 337 340 342 345 345 341 333 332 333 335 331 341 -3.4e+38 -3.4e+38 -3.4e+38 -3.4e+38 -3.4e+38 -3.4e+38 -3.4e+38 -3.4e+38 -3.4e+38 -3.4e+38 -3.4e+38 -3.4e+38 -3.4e+38 -3.4e+38 -3.4e+38 -3.4e+38 -3.4e+38 -3.4e+38 -3.4e+38 -3.4e+38 -3.4e+38 -3.4e+38 -3.4e+38 -3.4e+38 -3.4e+38 -3.4e+38 -3.4e+38 -3.4e+38 -3.4e+38 -3.4e+38 -3.4e+38
348 346 346 341 339 345 344 343 343 341 339 342 345 347 349 350 351 350 351 350 349 349 348 345 342 339 334 340 339 337 337 336 341 342 344 342 333 334 332 333 336 339 -3.4e+38 -3.4e+38 -3.4e+38 -3.4e+38 -3.4e+38 -3.4e+38 -3.4e+38 -3.4e+38 -3.4e+38 -3.4e+38 -3.4e+38 -3.4e+38 -3.4e+38 -3.4e+38 -3.4e+38 -3.4e+38 -3.4e+38 -3.4e+38 -3.4e+38 -3.4e+38 -3.4e+38 -3.4e+38 -3.4e+38 -3.4e+38 -3.4e+38 -3.4e+38 -3.4e+38 -3.4e+38 -3.4e+38 -3.4e+38 -3.4e+38
