data/bioclim/NFFD1.asc
NCOLS 391 
NROWS 575 
XLLCORNER -1773000 
YLLCORNER 4368000 
CELLSIZE 1000 
NODATA_value -3.4e+38 
[rows 352 to 383 of 575, columns 146 to 218 of 391]
349 349 349 -3.4e+38 351 351 348 346 342 339 342 338 334 341 337 320 316 316 326 319 322 328 329 325 327 325 325 329 325 331 326 329 331 335 336 335 333 332 331 330 330 333 335 336 337 340 340 -3.4e+38 -3.4e+38 -3.4e+38 -3.4e+38 -3.4e+38 -3.4e+38 -3.4e+38 333 331 332 328 318 303 306 333 336 336 333 331 329 325 326 325 319 316 316
349 351 352 351 350 349 348 346 347 346 342 339 338 335 324 317 315 322 326 325 325 325 325 327 328 326 328 331 332 332 332 332 333 335 336 335 332 333 328 328 328 332 331 335 337 338 342 -3.4e+38 -3.4e+38 -3.4e+38 -3.4e+38 -3.4e+38 -3.4e+38 -3.4e+38 334 332 332 328 308 310 327 336 337 336 336 331 332 329 328 326 317 313 304
-3.4e+38 350 -3.4e+38 352 350 349 347 346 343 339 339 335 334 326 320 319 315 322 323 327 325 327 329 329 329 329 329 332 334 333 334 332 332 335 335 332 334 333 330 329 331 333 334 337 336 337 342 -3.4e+38 -3.4e+38 -3.4e+38 -3.4e+38 -3.4e+38 -3.4e+38 -3.4e+38 336 332 329 325 318 317 326 332 337 337 330 332 334 327 323 322 317 306 306
-3.4e+38 -3.4e+38 -3.4e+38 351 350 349 345 343 339 335 339 339 333 324 318 321 321 324 330 324 327 326 331 331 328 329 330 333 332 335 335 332 332 335 335 334 334 335 334 332 331 334 336 338 337 339 342 -3.4e+38 -3.4e+38 -3.4e+38 -3.4e+38 -3.4e+38 -3.4e+38 -3.4e+38 335 333 330 325 323 320 328 333 337 337 334 336 332 329 322 315 317 312 306
-3.4e+38 -3.4e+38 352 350 349 349 349 342 344 339 336 339 335 321 322 322 325 331 332 326 328 330 332 332 328 332 331 330 332 335 336 333 334 334 334 334 333 335 335 334 337 334 336 338 335 338 -3.4e+38 -3.4e+38 -3.4e+38 -3.4e+38 -3.4e+38 -3.4e+38 -3.4e+38 -3.4e+38 335 333 332 329 328 328 332 337 340 337 337 338 336 332 330 320 316 306 314
-3.4e+38 -3.4e+38 352 352 351 350 349 348 344 339 336 329 317 311 317 328 328 317 323 326 330 327 329 331 328 329 328 330 332 333 336 332 333 334 334 333 333 335 335 334 337 334 338 338 337 339 -3.4e+38 -3.4e+38 -3.4e+38 -3.4e+38 -3.4e+38 -3.4e+38 -3.4e+38 -3.4e+38 337 334 333 333 324 332 337 337 341 340 338 337 336 333 330 328 321 318 312
-3.4e+38 -3.4e+38 350 349 349 348 348 345 343 344 339 330 313 320 322 325 326 330 330 334 335 335 336 333 334 334 334 329 332 333 333 336 333 335 334 334 334 334 332 327 329 336 338 339 338 341 -3.4e+38 -3.4e+38 -3.4e+38 -3.4e+38 -3.4e+38 -3.4e+38 -3.4e+38 -3.4e+38 337 335 334 335 333 333 333 341 334 337 337 336 337 332 332 329 327 322 321
-3.4e+38 353 352 351 350 350 348 348 346 344 339 335 325 317 322 321 332 321 323 336 330 330 330 334 332 337 333 329 330 333 338 337 336 336 334 333 334 334 332 326 321 333 339 342 341 341 344 -3.4e+38 -3.4e+38 -3.4e+38 -3.4e+38 -3.4e+38 -3.4e+38 -3.4e+38 337 337 337 338 338 333 338 341 337 337 335 333 333 333 331 328 328 323 318
-3.4e+38 353 352 352 351 350 350 349 349 347 339 336 331 319 327 317 319 326 330 329 333 335 335 334 338 335 337 331 333 337 340 337 336 334 334 334 334 331 334 332 336 336 338 340 342 342 342 -3.4e+38 -3.4e+38 -3.4e+38 -3.4e+38 -3.4e+38 -3.4e+38 -3.4e+38 338 338 338 340 340 337 338 342 334 333 333 335 335 333 329 326 323 325 318
-3.4e+38 353 352 350 348 350 347 347 349 347 344 335 321 308 322 316 313 316 330 331 331 335 337 334 338 338 339 336 337 338 338 338 338 334 332 333 335 335 336 338 336 339 339 340 342 341 344 -3.4e+38 -3.4e+38 -3.4e+38 -3.4e+38 -3.4e+38 -3.4e+38 -3.4e+38 -3.4e+38 338 338 342 340 342 342 342 335 333 334 337 337 333 330 330 325 322 322
353 353 351 350 350 348 348 348 347 344 341 338 338 329 321 327 320 327 316 328 335 338 335 337 335 335 336 338 338 339 340 338 339 333 332 327 337 339 338 339 339 339 338 342 342 342 344 -3.4e+38 -3.4e+38 -3.4e+38 -3.4e+38 -3.4e+38 -3.4e+38 -3.4e+38 -3.4e+38 -3.4e+38 342 344 342 342 343 340 341 329 340 333 333 332 331 329 324 324 319
354 353 352 351 349 347 347 348 347 347 344 344 340 329 328 334 327 337 330 335 338 339 335 341 338 338 338 335 334 341 342 341 339 340 338 328 333 337 338 339 339 340 341 340 344 342 -3.4e+38 -3.4e+38 -3.4e+38 -3.4e+38 -3.4e+38 -3.4e+38 -3.4e+38 -3.4e+38 -3.4e+38 -3.4e+38 -3.4e+38 -3.4e+38 -3.4e+38 343 338 333 341 334 334 332 333 329 327 326 327 325 322
354 351 350 350 349 348 348 347 346 347 346 343 341 335 337 333 335 338 336 336 339 339 340 339 341 340 339 336 336 338 342 342 341 342 342 334 323 330 336 340 339 339 341 342 343 344 -3.4e+38 -3.4e+38 -3.4e+38 -3.4e+38 -3.4e+38 -3.4e+38 -3.4e+38 -3.4e+38 -3.4e+38 -3.4e+38 -3.4e+38 -3.4e+38 344 343 341 338 331 334 334 336 328 332 329 329 327 324 321
354 353 347 347 349 350 349 348 344 345 344 325 342 342 340 334 334 339 337 337 339 341 341 343 343 -3.4e+38 -3.4e+38 339 342 339 343 342 340 342 342 335 328 337 337 341 340 338 340 342 342 343 -3.4e+38 -3.4e+38 -3.4e+38 -3.4e+38 -3.4e+38 -3.4e+38 -3.4e+38 -3.4e+38 -3.4e+38 -3.4e+38 -3.4e+38 345 338 338 333 334 332 334 336 328 329 326 328 328 325 320 315
353 350 347 349 348 350 348 345 345 345 344 340 346 341 341 334 335 342 339 340 341 341 343 343 -3.4e+38 -3.4e+38 -3.4e+38 340 340 342 343 341 343 342 337 337 333 337 339 340 341 342 340 343 343 344 345 -3.4e+38 -3.4e+38 -3.4e+38 -3.4e+38 -3.4e+38 -3.4e+38 -3.4e+38 -3.4e+38 -3.4e+38 342 340 338 335 334 332 330 329 328 323 322 326 331 332 329 324 313
353 352 351 351 351 349 348 348 342 345 347 347 346 343 337 329 337 341 341 341 343 343 343 -3.4e+38 -3.4e+38 -3.4e+38 -3.4e+38 341 338 342 342 344 342 342 337 333 337 340 340 339 340 343 343 344 344 344 -3.4e+38 -3.4e+38 -3.4e+38 -3.4e+38 -3.4e+38 -3.4e+38 -3.4e+38 -3.4e+38 -3.4e+38 343 342 339 340 338 335 332 331 333 333 334 330 330 334 332 329 324 323
354 353 351 352 351 349 349 351 345 348 344 345 345 337 331 332 340 344 344 343 343 343 343 -3.4e+38 -3.4e+38 -3.4e+38 -3.4e+38 339 338 338 345 346 342 344 338 338 338 341 340 341 341 343 343 344 345 344 -3.4e+38 -3.4e+38 -3.4e+38 -3.4e+38 -3.4e+38 -3.4e+38 -3.4e+38 -3.4e+38 345 342 342 341 342 336 339 335 336 337 338 337 335 330 337 334 328 323 322
355 352 351 351 351 351 352 351 349 348 342 342 340 330 336 336 340 345 344 344 344 345 345 -3.4e+38 -3.4e+38 -3.4e+38 343 343 339 339 343 345 346 342 342 333 337 342 341 342 343 343 343 343 345 -3.4e+38 -3.4e+38 -3.4e+38 -3.4e+38 -3.4e+38 -3.4e+38 -3.4e+38 -3.4e+38 -3.4e+38 344 342 341 341 338 342 341 339 338 341 342 337 340 340 338 334 330 326 325
354 353 353 352 351 351 352 351 348 342 342 342 338 318 325 322 340 344 344 346 346 345 -3.4e+38 -3.4e+38 -3.4e+38 -3.4e+38 343 342 342 342 344 345 342 342 338 333 339 341 344 344 344 343 343 345 345 -3.4e+38 -3.4e+38 -3.4e+38 -3.4e+38 -3.4e+38 -3.4e+38 -3.4e+38 -3.4e+38 345 343 339 340 343 343 342 343 343 336 336 335 342 334 337 338 334 330 326 326
355 354 354 353 354 352 349 349 347 344 344 342 334 322 317 334 342 346 347 347 347 346 -3.4e+38 -3.4e+38 -3.4e+38 -3.4e+38 345 342 343 339 339 344 344 342 341 337 338 341 340 344 345 345 344 345 346 -3.4e+38 -3.4e+38 -3.4e+38 -3.4e+38 -3.4e+38 -3.4e+38 -3.4e+38 344 342 342 342 341 342 343 342 343 341 336 332 331 339 339 338 335 334 330 325 325
356 355 354 353 354 350 340 349 346 345 345 343 328 322 331 338 338 342 345 346 347 -3.4e+38 -3.4e+38 -3.4e+38 -3.4e+38 -3.4e+38 346 343 343 343 343 338 342 342 346 344 341 341 342 344 345 345 344 345 -3.4e+38 -3.4e+38 -3.4e+38 -3.4e+38 -3.4e+38 -3.4e+38 -3.4e+38 -3.4e+38 344 343 343 342 342 -3.4e+38 344 343 340 333 322 326 332 331 340 337 335 337 335 324 310
356 356 355 355 354 350 340 343 347 347 346 344 336 334 325 338 340 339 341 344 347 348 -3.4e+38 -3.4e+38 -3.4e+38 -3.4e+38 346 346 343 340 343 345 346 346 347 347 344 344 341 344 344 345 346 346 -3.4e+38 -3.4e+38 -3.4e+38 -3.4e+38 -3.4e+38 -3.4e+38 -3.4e+38 -3.4e+38 -3.4e+38 345 345 343 345 345 341 340 334 333 324 331 332 330 331 334 339 331 330 325 313
356 355 355 354 352 352 343 349 349 349 348 346 346 342 331 333 337 335 345 346 347 347 -3.4e+38 -3.4e+38 -3.4e+38 -3.4e+38 348 346 344 343 344 346 343 346 342 344 346 345 344 346 346 345 346 346 -3.4e+38 -3.4e+38 -3.4e+38 -3.4e+38 -3.4e+38 -3.4e+38 -3.4e+38 -3.4e+38 345 345 346 345 345 343 342 340 337 336 336 327 335 335 323 330 337 332 331 330 326
356 356 354 353 351 352 351 350 350 349 348 346 345 343 335 337 340 340 344 344 347 347 348 -3.4e+38 -3.4e+38 -3.4e+38 348 348 345 342 340 346 343 335 339 342 344 347 346 346 344 346 346 -3.4e+38 -3.4e+38 -3.4e+38 -3.4e+38 -3.4e+38 -3.4e+38 -3.4e+38 -3.4e+38 -3.4e+38 345 344 342 343 343 343 342 339 337 339 339 339 338 334 323 331 337 335 332 331 330
-3.4e+38 -3.4e+38 354 354 354 350 349 349 349 348 346 346 333 334 332 337 342 342 342 347 347 347 347 -3.4e+38 -3.4e+38 -3.4e+38 348 347 346 346 343 343 341 332 322 337 344 346 346 347 346 344 346 -3.4e+38 -3.4e+38 -3.4e+38 -3.4e+38 -3.4e+38 -3.4e+38 -3.4e+38 -3.4e+38 345 344 344 342 341 342 344 342 339 341 340 341 340 339 339 337 336 334 336 334 332 328
-3.4e+38 -3.4e+38 -3.4e+38 354 355 350 349 346 349 346 343 343 334 326 335 339 340 343 345 346 347 349 349 348 -3.4e+38 349 348 347 343 344 345 344 343 334 335 339 345 346 344 347 347 346 346 -3.4e+38 -3.4e+38 -3.4e+38 -3.4e+38 -3.4e+38 -3.4e+38 347 346 345 345 345 344 344 344 344 344 342 343 339 340 340 340 340 336 336 336 332 331 327 328
-3.4e+38 -3.4e+38 -3.4e+38 355 354 352 349 349 349 349 346 340 331 326 335 327 335 337 346 345 346 347 348 349 -3.4e+38 349 347 345 341 343 342 342 331 341 341 342 343 343 345 346 347 347 -3.4e+38 -3.4e+38 -3.4e+38 -3.4e+38 -3.4e+38 -3.4e+38 -3.4e+38 -3.4e+38 346 346 345 345 345 345 345 343 344 341 340 338 337 339 336 340 328 332 335 332 327 321 321
-3.4e+38 -3.4e+38 -3.4e+38 355 354 353 351 350 350 350 345 336 331 321 329 337 340 345 344 343 345 347 348 348 349 349 347 342 344 347 345 344 343 344 344 342 342 344 344 346 348 -3.4e+38 -3.4e+38 -3.4e+38 -3.4e+38 -3.4e+38 -3.4e+38 -3.4e+38 -3.4e+38 -3.4e+38 -3.4e+38 344 343 343 345 345 343 343 340 340 340 333 332 332 336 336 336 332 335 336 335 331 317
-3.4e+38 -3.4e+38 -3.4e+38 356 355 354 351 352 352 350 347 336 326 330 326 330 339 341 344 342 345 348 348 348 350 -3.4e+38 348 346 346 348 347 344 346 346 345 342 344 343 345 346 348 -3.4e+38 -3.4e+38 -3.4e+38 -3.4e+38 -3.4e+38 -3.4e+38 -3.4e+38 -3.4e+38 -3.4e+38 -3.4e+38 -3.4e+38 343 343 343 344 344 343 342 340 336 331 332 331 336 337 333 332 332 334 332 332 327
-3.4e+38 -3.4e+38 -3.4e+38 356 355 355 352 353 351 350 347 341 336 326 331 335 334 341 345 345 346 348 348 349 349 349 -3.4e+38 348 347 349 349 343 345 347 345 343 345 345 346 347 348 -3.4e+38 -3.4e+38 -3.4e+38 -3.4e+38 -3.4e+38 -3.4e+38 -3.4e+38 -3.4e+38 -3.4e+38 -3.4e+38 -3.4e+38 345 343 343 343 343 340 337 333 336 336 333 329 332 333 335 323 331 332 333 332 332
-3.4e+38 -3.4e+38 357 356 356 352 352 351 351 350 347 343 340 326 321 328 335 339 342 343 345 345 348 349 349 349 -3.4e+38 -3.4e+38 -3.4e+38 -3.4e+38 -3.4e+38 346 346 345 345 341 341 344 345 347 348 -3.4e+38 -3.4e+38 -3.4e+38 -3.4e+38 -3.4e+38 -3.4e+38 -3.4e+38 -3.4e+38 -3.4e+38 -3.4e+38 -3.4e+38 -3.4e+38 344 343 341 339 340 335 332 332 333 333 329 331 330 324 325 332 332 333 330 327
-3.4e+38 -3.4e+38 357 356 355 353 352 352 350 350 350 347 340 329 327 335 339 342 342 345 344 345 348 350 348 348 350 -3.4e+38 -3.4e+38 -3.4e+38 -3.4e+38 348 348 347 345 342 339 343 345 347 348 -3.4e+38 -3.4e+38 -3.4e+38 -3.4e+38 -3.4e+38 -3.4e+38 -3.4e+38 -3.4e+38 -3.4e+38 -3.4e+38 -3.4e+38 -3.4e+38 343 342 342 343 340 340 334 332 329 333 325 326 332 326 321 331 332 339 337 331
