data/bioclim/NFFD1.asc
NCOLS 391 
NROWS 575 
XLLCORNER -1773000 
YLLCORNER 4368000 
CELLSIZE 1000 
NODATA_value -3.4e+38 
[rows 256 to 287 of 575, columns 292 to 364 of 391]
305 305 305 304 302 301 303 298 298 296 288 293 294 294 294 297 289 284 286 288 283 -3.4e+38 278 277 274 275 -3.4e+38 -3.4e+38 -3.4e+38 -3.4e+38 -3.4e+38 -3.4e+38 -3.4e+38 -3.4e+38 -3.4e+38 -3.4e+38 -3.4e+38 267 264 264 261 258 260 261 264 265 -3.4e+38 -3.4e+38 -3.4e+38 -3.4e+38 -3.4e+38 -3.4e+38 -3.4e+38 -3.4e+38 -3.4e+38 282 282 282 283 -3.4e+38 -3.4e+38 -3.4e+38 -3.4e+38 -3.4e+38 -3.4e+38 -3.4e+38 -3.4e+38 -3.4e+38 -3.4e+38 -3.4e+38 -3.4e+38 -3.4e+38 -3.4e+38
304 305 302 301 300 300 301 302 289 289 293 292 292 294 294 297 294 284 290 293 283 282 280 279 278 277 -3.4e+38 -3.4e+38 -3.4e+38 -3.4e+38 -3.4e+38 -3.4e+38 -3.4e+38 -3.4e+38 -3.4e+38 -3.4e+38 -3.4e+38 269 265 265 262 260 260 259 262 263 264 267 -3.4e+38 -3.4e+38 -3.4e+38 -3.4e+38 -3.4e+38 -3.4e+38 -3.4e+38 280 276 283 283 282 -3.4e+38 -3.4e+38 -3.4e+38 -3.4e+38 -3.4e+38 -3.4e+38 -3.4e+38 -3.4e+38 -3.4e+38 -3.4e+38 -3.4e+38 -3.4e+38 -3.4e+38
302 303 302 300 297 297 300 298 296 297 292 290 291 292 294 299 294 290 292 296 282 284 283 282 278 -3.4e+38 -3.4e+38 282 282 -3.4e+38 -3.4e+38 -3.4e+38 -3.4e+38 -3.4e+38 -3.4e+38 274 272 268 265 264 260 261 262 262 262 264 265 -3.4e+38 -3.4e+38 -3.4e+38 -3.4e+38 -3.4e+38 -3.4e+38 -3.4e+38 -3.4e+38 282 279 282 282 282 -3.4e+38 -3.4e+38 -3.4e+38 -3.4e+38 -3.4e+38 -3.4e+38 -3.4e+38 -3.4e+38 -3.4e+38 -3.4e+38 -3.4e+38 -3.4e+38 -3.4e+38
301 299 296 289 291 289 296 290 286 289 299 296 295 293 290 297 298 300 295 296 290 289 284 285 283 283 284 284 283 283 -3.4e+38 -3.4e+38 -3.4e+38 -3.4e+38 -3.4e+38 275 271 267 260 260 263 260 259 264 263 266 267 -3.4e+38 -3.4e+38 -3.4e+38 -3.4e+38 -3.4e+38 -3.4e+38 -3.4e+38 -3.4e+38 283 282 282 283 283 -3.4e+38 -3.4e+38 -3.4e+38 -3.4e+38 -3.4e+38 -3.4e+38 -3.4e+38 -3.4e+38 -3.4e+38 -3.4e+38 -3.4e+38 -3.4e+38 -3.4e+38
303 297 297 294 290 289 289 277 281 291 296 297 295 291 290 290 290 292 290 294 290 284 288 290 283 284 285 285 284 283 282 280 278 276 277 275 273 268 256 265 259 257 260 261 263 263 265 -3.4e+38 -3.4e+38 -3.4e+38 -3.4e+38 -3.4e+38 -3.4e+38 -3.4e+38 -3.4e+38 -3.4e+38 -3.4e+38 283 283 283 -3.4e+38 -3.4e+38 -3.4e+38 -3.4e+38 -3.4e+38 -3.4e+38 -3.4e+38 -3.4e+38 -3.4e+38 -3.4e+38 -3.4e+38 -3.4e+38 -3.4e+38
302 301 297 292 286 281 276 277 279 281 285 293 291 292 291 289 288 290 290 293 290 294 290 289 285 289 289 283 283 283 282 279 276 276 273 270 270 261 258 260 259 256 261 265 262 265 267 273 273 -3.4e+38 -3.4e+38 -3.4e+38 -3.4e+38 -3.4e+38 -3.4e+38 -3.4e+38 -3.4e+38 -3.4e+38 284 -3.4e+38 -3.4e+38 -3.4e+38 -3.4e+38 -3.4e+38 -3.4e+38 -3.4e+38 -3.4e+38 -3.4e+38 -3.4e+38 -3.4e+38 -3.4e+38 -3.4e+38 -3.4e+38
302 302 301 297 287 282 287 279 274 278 281 286 292 289 292 286 286 286 290 296 289 294 290 290 290 288 286 286 283 283 279 277 274 269 262 258 262 258 254 255 258 257 266 263 268 268 272 272 272 -3.4e+38 -3.4e+38 -3.4e+38 -3.4e+38 -3.4e+38 -3.4e+38 -3.4e+38 -3.4e+38 -3.4e+38 -3.4e+38 -3.4e+38 -3.4e+38 -3.4e+38 -3.4e+38 -3.4e+38 -3.4e+38 -3.4e+38 -3.4e+38 -3.4e+38 -3.4e+38 -3.4e+38 -3.4e+38 -3.4e+38 -3.4e+38
303 302 303 297 295 294 293 287 282 278 283 287 289 288 287 286 285 286 290 295 290 291 292 288 285 285 284 285 285 283 278 264 260 259 252 234 245 251 255 261 261 265 268 264 265 269 272 274 275 -3.4e+38 -3.4e+38 -3.4e+38 -3.4e+38 -3.4e+38 -3.4e+38 -3.4e+38 -3.4e+38 -3.4e+38 -3.4e+38 -3.4e+38 -3.4e+38 -3.4e+38 -3.4e+38 -3.4e+38 -3.4e+38 -3.4e+38 -3.4e+38 -3.4e+38 -3.4e+38 -3.4e+38 -3.4e+38 -3.4e+38 -3.4e+38
304 306 305 305 296 299 298 297 295 281 288 291 291 290 287 287 287 287 290 292 285 285 290 289 284 284 281 284 283 278 268 260 253 251 245 238 231 245 264 270 268 263 271 273 274 275 276 280 -3.4e+38 -3.4e+38 -3.4e+38 -3.4e+38 -3.4e+38 -3.4e+38 -3.4e+38 -3.4e+38 -3.4e+38 -3.4e+38 -3.4e+38 -3.4e+38 -3.4e+38 -3.4e+38 -3.4e+38 -3.4e+38 -3.4e+38 -3.4e+38 -3.4e+38 -3.4e+38 -3.4e+38 -3.4e+38 -3.4e+38 -3.4e+38 -3.4e+38
303 299 302 298 304 302 302 302 296 285 291 293 291 291 288 289 287 289 290 292 287 285 285 290 290 289 286 278 276 271 265 264 257 235 237 249 261 258 258 262 257 264 270 264 257 276 278 -3.4e+38 -3.4e+38 -3.4e+38 -3.4e+38 -3.4e+38 -3.4e+38 -3.4e+38 -3.4e+38 -3.4e+38 -3.4e+38 -3.4e+38 -3.4e+38 -3.4e+38 -3.4e+38 -3.4e+38 -3.4e+38 -3.4e+38 -3.4e+38 -3.4e+38 -3.4e+38 -3.4e+38 -3.4e+38 -3.4e+38 -3.4e+38 -3.4e+38 -3.4e+38
303 303 298 295 301 296 298 298 292 295 287 291 291 291 291 288 286 286 291 295 292 289 285 285 285 285 286 278 271 257 253 246 257 237 253 263 266 266 265 267 260 257 253 260 270 276 -3.4e+38 -3.4e+38 -3.4e+38 -3.4e+38 -3.4e+38 -3.4e+38 -3.4e+38 -3.4e+38 -3.4e+38 -3.4e+38 -3.4e+38 -3.4e+38 -3.4e+38 -3.4e+38 -3.4e+38 -3.4e+38 -3.4e+38 -3.4e+38 -3.4e+38 -3.4e+38 -3.4e+38 -3.4e+38 -3.4e+38 -3.4e+38 -3.4e+38 -3.4e+38 -3.4e+38
303 302 297 288 287 283 288 286 292 286 287 294 287 291 290 288 287 286 290 293 286 283 282 282 279 279 274 274 272 260 254 253 233 239 248 245 263 260 266 274 271 270 260 268 270 276 -3.4e+38 -3.4e+38 -3.4e+38 -3.4e+38 -3.4e+38 -3.4e+38 -3.4e+38 -3.4e+38 -3.4e+38 -3.4e+38 -3.4e+38 -3.4e+38 -3.4e+38 -3.4e+38 -3.4e+38 -3.4e+38 -3.4e+38 -3.4e+38 -3.4e+38 -3.4e+38 -3.4e+38 -3.4e+38 -3.4e+38 -3.4e+38 -3.4e+38 -3.4e+38 -3.4e+38
302 285 282 273 270 276 282 281 289 287 294 292 292 288 287 287 286 286 288 290 286 281 286 280 278 276 273 283 279 260 263 260 252 249 259 263 259 270 258 271 277 271 267 272 270 277 -3.4e+38 -3.4e+38 -3.4e+38 -3.4e+38 -3.4e+38 -3.4e+38 -3.4e+38 -3.4e+38 -3.4e+38 -3.4e+38 -3.4e+38 -3.4e+38 -3.4e+38 -3.4e+38 -3.4e+38 -3.4e+38 -3.4e+38 -3.4e+38 -3.4e+38 -3.4e+38 -3.4e+38 -3.4e+38 -3.4e+38 -3.4e+38 -3.4e+38 -3.4e+38 -3.4e+38
294 288 280 274 267 274 270 277 286 292 292 295 294 289 288 287 284 290 291 286 281 280 279 281 279 274 273 279 277 273 266 263 246 244 243 239 252 257 259 268 265 279 278 270 277 282 -3.4e+38 -3.4e+38 -3.4e+38 -3.4e+38 -3.4e+38 -3.4e+38 -3.4e+38 -3.4e+38 -3.4e+38 -3.4e+38 -3.4e+38 -3.4e+38 -3.4e+38 -3.4e+38 -3.4e+38 -3.4e+38 -3.4e+38 -3.4e+38 -3.4e+38 -3.4e+38 -3.4e+38 -3.4e+38 -3.4e+38 -3.4e+38 -3.4e+38 -3.4e+38 -3.4e+38
299 293 294 278 265 264 270 282 286 288 293 294 294 294 288 285 283 289 291 286 282 280 280 277 274 268 267 276 266 265 272 264 253 248 245 246 253 257 253 263 268 271 271 279 279 -3.4e+38 -3.4e+38 -3.4e+38 -3.4e+38 -3.4e+38 -3.4e+38 -3.4e+38 -3.4e+38 -3.4e+38 -3.4e+38 -3.4e+38 -3.4e+38 -3.4e+38 -3.4e+38 -3.4e+38 -3.4e+38 -3.4e+38 -3.4e+38 -3.4e+38 -3.4e+38 -3.4e+38 -3.4e+38 -3.4e+38 -3.4e+38 -3.4e+38 -3.4e+38 -3.4e+38 -3.4e+38
-3.4e+38 301 298 275 270 265 265 272 284 283 288 292 289 292 288 286 283 285 287 288 280 271 276 273 268 266 267 268 252 247 262 260 253 246 249 257 255 256 266 265 270 265 273 278 284 -3.4e+38 -3.4e+38 -3.4e+38 -3.4e+38 -3.4e+38 -3.4e+38 -3.4e+38 -3.4e+38 -3.4e+38 -3.4e+38 -3.4e+38 -3.4e+38 -3.4e+38 -3.4e+38 -3.4e+38 -3.4e+38 -3.4e+38 -3.4e+38 -3.4e+38 -3.4e+38 -3.4e+38 -3.4e+38 -3.4e+38 -3.4e+38 -3.4e+38 -3.4e+38 -3.4e+38 -3.4e+38
297 299 296 291 271 258 271 272 270 282 292 291 289 288 287 283 283 283 284 278 275 277 275 268 266 268 261 261 243 240 247 260 252 254 254 257 261 266 269 270 267 271 276 278 282 -3.4e+38 285 -3.4e+38 -3.4e+38 -3.4e+38 -3.4e+38 -3.4e+38 -3.4e+38 -3.4e+38 -3.4e+38 -3.4e+38 -3.4e+38 -3.4e+38 -3.4e+38 -3.4e+38 -3.4e+38 -3.4e+38 -3.4e+38 -3.4e+38 -3.4e+38 -3.4e+38 -3.4e+38 -3.4e+38 -3.4e+38 -3.4e+38 -3.4e+38 -3.4e+38 -3.4e+38
299 294 297 289 283 265 270 281 285 291 288 283 291 284 287 283 283 283 288 283 270 275 274 273 270 268 267 258 241 238 247 259 267 258 258 262 267 272 275 276 268 277 279 279 -3.4e+38 -3.4e+38 -3.4e+38 -3.4e+38 -3.4e+38 -3.4e+38 -3.4e+38 -3.4e+38 -3.4e+38 -3.4e+38 -3.4e+38 -3.4e+38 -3.4e+38 -3.4e+38 -3.4e+38 -3.4e+38 -3.4e+38 -3.4e+38 -3.4e+38 -3.4e+38 -3.4e+38 -3.4e+38 -3.4e+38 -3.4e+38 -3.4e+38 -3.4e+38 -3.4e+38 -3.4e+38 -3.4e+38
302 295 300 295 290 271 276 282 288 287 286 283 292 283 283 282 283 286 282 282 284 281 275 274 271 264 261 255 242 247 254 254 264 264 260 260 265 266 267 265 272 272 278 -3.4e+38 -3.4e+38 -3.4e+38 -3.4e+38 -3.4e+38 -3.4e+38 -3.4e+38 -3.4e+38 -3.4e+38 -3.4e+38 -3.4e+38 -3.4e+38 -3.4e+38 -3.4e+38 -3.4e+38 -3.4e+38 -3.4e+38 -3.4e+38 -3.4e+38 -3.4e+38 -3.4e+38 -3.4e+38 -3.4e+38 -3.4e+38 -3.4e+38 -3.4e+38 -3.4e+38 -3.4e+38 -3.4e+38 -3.4e+38
305 305 301 300 290 272 277 283 287 283 284 283 282 283 283 282 283 287 280 282 287 275 272 269 272 266 262 254 248 254 254 260 273 268 259 268 254 253 253 253 263 272 278 284 -3.4e+38 -3.4e+38 -3.4e+38 -3.4e+38 -3.4e+38 -3.4e+38 -3.4e+38 -3.4e+38 287 286 -3.4e+38 -3.4e+38 -3.4e+38 -3.4e+38 -3.4e+38 -3.4e+38 -3.4e+38 -3.4e+38 -3.4e+38 -3.4e+38 -3.4e+38 -3.4e+38 -3.4e+38 -3.4e+38 -3.4e+38 -3.4e+38 -3.4e+38 -3.4e+38 -3.4e+38
305 302 300 299 283 278 277 280 277 278 283 288 282 280 283 283 283 288 282 276 276 275 278 269 269 267 256 248 254 262 257 255 266 274 274 267 271 262 246 260 266 265 279 -3.4e+38 -3.4e+38 -3.4e+38 -3.4e+38 -3.4e+38 -3.4e+38 -3.4e+38 -3.4e+38 -3.4e+38 286 285 -3.4e+38 -3.4e+38 -3.4e+38 -3.4e+38 -3.4e+38 -3.4e+38 -3.4e+38 -3.4e+38 -3.4e+38 -3.4e+38 -3.4e+38 -3.4e+38 -3.4e+38 -3.4e+38 -3.4e+38 -3.4e+38 -3.4e+38 -3.4e+38 -3.4e+38
305 303 293 293 301 295 273 282 275 277 279 284 283 278 276 283 288 276 276 280 287 281 275 269 262 264 255 247 261 269 258 263 266 264 264 274 275 265 266 264 263 268 279 -3.4e+38 -3.4e+38 -3.4e+38 -3.4e+38 -3.4e+38 -3.4e+38 -3.4e+38 -3.4e+38 289 285 289 -3.4e+38 -3.4e+38 -3.4e+38 -3.4e+38 -3.4e+38 -3.4e+38 -3.4e+38 -3.4e+38 -3.4e+38 -3.4e+38 -3.4e+38 -3.4e+38 -3.4e+38 -3.4e+38 -3.4e+38 -3.4e+38 -3.4e+38 -3.4e+38 -3.4e+38
305 304 296 289 297 289 269 278 275 276 277 281 283 278 281 283 277 275 277 283 281 282 275 269 269 257 247 255 255 254 271 261 267 268 264 274 280 278 275 264 267 279 285 287 -3.4e+38 -3.4e+38 -3.4e+38 -3.4e+38 -3.4e+38 -3.4e+38 -3.4e+38 289 287 281 292 -3.4e+38 -3.4e+38 -3.4e+38 -3.4e+38 -3.4e+38 -3.4e+38 -3.4e+38 -3.4e+38 -3.4e+38 -3.4e+38 -3.4e+38 -3.4e+38 -3.4e+38 -3.4e+38 -3.4e+38 -3.4e+38 -3.4e+38 -3.4e+38
300 304 301 297 290 272 280 272 277 272 277 277 281 283 275 274 276 272 278 282 281 276 270 268 262 248 248 255 255 254 262 275 272 278 267 270 274 275 282 267 274 286 -3.4e+38 -3.4e+38 -3.4e+38 -3.4e+38 -3.4e+38 -3.4e+38 -3.4e+38 -3.4e+38 289 282 277 279 290 -3.4e+38 -3.4e+38 -3.4e+38 -3.4e+38 -3.4e+38 -3.4e+38 -3.4e+38 -3.4e+38 -3.4e+38 -3.4e+38 -3.4e+38 -3.4e+38 -3.4e+38 -3.4e+38 -3.4e+38 -3.4e+38 -3.4e+38 -3.4e+38
301 296 296 292 291 279 275 269 271 270 274 277 280 277 277 271 271 277 276 283 279 278 275 270 262 255 255 262 255 262 264 272 280 276 271 268 274 280 280 280 282 287 -3.4e+38 -3.4e+38 -3.4e+38 -3.4e+38 -3.4e+38 -3.4e+38 -3.4e+38 -3.4e+38 286 274 272 279 279 -3.4e+38 -3.4e+38 -3.4e+38 -3.4e+38 -3.4e+38 -3.4e+38 -3.4e+38 -3.4e+38 -3.4e+38 -3.4e+38 -3.4e+38 -3.4e+38 -3.4e+38 -3.4e+38 -3.4e+38 -3.4e+38 -3.4e+38 -3.4e+38
297 293 277 285 290 279 265 267 268 270 272 277 282 278 276 274 276 277 280 278 276 275 271 269 264 259 259 270 255 269 266 264 268 270 280 274 273 283 285 280 286 -3.4e+38 -3.4e+38 -3.4e+38 -3.4e+38 -3.4e+38 -3.4e+38 -3.4e+38 290 287 285 272 264 285 289 293 -3.4e+38 -3.4e+38 -3.4e+38 -3.4e+38 -3.4e+38 -3.4e+38 -3.4e+38 -3.4e+38 -3.4e+38 -3.4e+38 -3.4e+38 -3.4e+38 -3.4e+38 -3.4e+38 -3.4e+38 -3.4e+38 -3.4e+38
298 286 272 282 279 272 263 266 267 269 271 277 277 277 272 274 277 274 278 278 276 279 274 268 262 260 256 275 273 262 273 264 274 275 281 274 280 281 285 285 285 -3.4e+38 -3.4e+38 -3.4e+38 -3.4e+38 -3.4e+38 -3.4e+38 -3.4e+38 290 285 280 268 263 281 282 292 -3.4e+38 -3.4e+38 -3.4e+38 -3.4e+38 -3.4e+38 -3.4e+38 -3.4e+38 -3.4e+38 -3.4e+38 -3.4e+38 -3.4e+38 -3.4e+38 -3.4e+38 -3.4e+38 -3.4e+38 -3.4e+38 -3.4e+38
297 282 272 273 273 285 270 264 265 265 276 278 272 266 269 274 270 273 274 277 276 274 273 268 263 266 268 276 279 269 274 274 275 282 276 271 282 285 286 287 -3.4e+38 -3.4e+38 -3.4e+38 -3.4e+38 -3.4e+38 -3.4e+38 -3.4e+38 292 290 285 272 255 271 280 273 290 -3.4e+38 -3.4e+38 -3.4e+38 -3.4e+38 -3.4e+38 -3.4e+38 -3.4e+38 -3.4e+38 -3.4e+38 -3.4e+38 -3.4e+38 -3.4e+38 -3.4e+38 -3.4e+38 -3.4e+38 -3.4e+38 -3.4e+38
274 262 259 265 266 273 273 266 264 265 269 272 267 266 271 271 271 267 271 273 273 271 270 272 269 263 267 276 279 276 275 270 280 284 276 274 281 -3.4e+38 287 -3.4e+38 -3.4e+38 -3.4e+38 -3.4e+38 -3.4e+38 -3.4e+38 -3.4e+38 -3.4e+38 -3.4e+38 286 281 270 261 271 278 285 286 -3.4e+38 -3.4e+38 -3.4e+38 -3.4e+38 -3.4e+38 -3.4e+38 -3.4e+38 -3.4e+38 -3.4e+38 -3.4e+38 -3.4e+38 -3.4e+38 -3.4e+38 -3.4e+38 -3.4e+38 -3.4e+38 -3.4e+38
284 275 260 253 265 266 265 261 263 265 265 266 266 266 267 271 267 269 266 272 271 269 266 270 263 266 270 271 276 281 282 286 288 286 281 281 287 288 -3.4e+38 -3.4e+38 -3.4e+38 -3.4e+38 -3.4e+38 -3.4e+38 -3.4e+38 -3.4e+38 -3.4e+38 -3.4e+38 286 285 276 263 274 282 286 285 293 -3.4e+38 -3.4e+38 -3.4e+38 -3.4e+38 -3.4e+38 -3.4e+38 -3.4e+38 -3.4e+38 -3.4e+38 -3.4e+38 -3.4e+38 -3.4e+38 -3.4e+38 -3.4e+38 -3.4e+38 -3.4e+38
286 285 273 260 265 260 258 263 267 266 262 261 262 259 260 265 263 265 276 271 273 272 270 262 263 260 263 273 276 276 281 286 288 -3.4e+38 286 288 288 288 -3.4e+38 -3.4e+38 -3.4e+38 -3.4e+38 -3.4e+38 -3.4e+38 -3.4e+38 -3.4e+38 -3.4e+38 292 291 286 274 276 270 279 285 286 285 -3.4e+38 -3.4e+38 -3.4e+38 -3.4e+38 -3.4e+38 -3.4e+38 -3.4e+38 -3.4e+38 -3.4e+38 -3.4e+38 -3.4e+38 -3.4e+38 -3.4e+38 -3.4e+38 -3.4e+38 -3.4e+38
283 279 280 277 260 260 266 272 272 268 262 260 259 260 265 265 265 271 273 271 271 270 264 264 258 256 264 273 279 282 283 276 288 291 -3.4e+38 290 290 -3.4e+38 293 -3.4e+38 -3.4e+38 -3.4e+38 -3.4e+38 -3.4e+38 -3.4e+38 -3.4e+38 -3.4e+38 292 288 286 286 278 276 283 284 290 288 296 -3.4e+38 -3.4e+38 -3.4e+38 -3.4e+38 -3.4e+38 -3.4e+38 -3.4e+38 -3.4e+38 -3.4e+38 -3.4e+38 -3.4e+38 -3.4e+38 -3.4e+38 -3.4e+38 -3.4e+38
