data/bioclim/PPT_wt1.asc
NCOLS 391 
NROWS 575 
XLLCORNER -1773000 
YLLCORNER 4368000 
CELLSIZE 1000 
NODATA_value -3.4e+38 
[rows 396 to 428 of 575, columns 222 to 295 of 391]
93 91 89 88 86 97 93 87 87 92 89 87 -3.4e+38 -3.4e+38 -3.4e+38 -3.4e+38 -3.4e+38 88 90 101 108 98 92 88 87 84 88 90 87 91 91 95 97 105 111 112 110 109 107 106 105 104 103 101 104 103 106 100 97 96 94 -3.4e+38 -3.4e+38 -3.4e+38 -3.4e+38 -3.4e+38 93 93 93 93 93 94 94 94 93 93 94 93 92 91 90 90 91 90
93 90 88 88 88 88 90 92 86 92 89 -3.4e+38 -3.4e+38 -3.4e+38 -3.4e+38 -3.4e+38 -3.4e+38 91 94 100 108 99 93 88 87 85 88 88 93 98 103 103 100 108 114 111 111 109 107 107 106 104 102 104 105 104 106 103 100 97 95 -3.4e+38 -3.4e+38 -3.4e+38 97 97 94 94 94 94 94 94 95 96 95 94 94 94 94 95 91 91 91 89
93 90 90 89 89 93 95 92 88 91 -3.4e+38 -3.4e+38 -3.4e+38 -3.4e+38 -3.4e+38 -3.4e+38 -3.4e+38 92 94 101 106 102 94 92 91 89 90 93 95 95 98 101 104 107 116 113 111 109 108 107 106 105 103 105 105 105 106 104 100 97 96 -3.4e+38 -3.4e+38 97 97 95 94 94 94 95 94 96 97 98 98 94 94 95 94 97 93 92 87 86
94 93 92 90 90 93 93 91 91 -3.4e+38 -3.4e+38 -3.4e+38 -3.4e+38 -3.4e+38 -3.4e+38 -3.4e+38 -3.4e+38 91 93 98 103 103 90 90 88 91 91 92 95 98 100 100 102 110 117 117 111 108 108 108 107 105 105 106 107 107 107 102 98 96 97 96 96 97 97 96 96 96 95 95 95 96 97 98 96 96 95 95 94 93 93 90 89 83
100 97 93 91 92 93 91 95 91 -3.4e+38 -3.4e+38 -3.4e+38 -3.4e+38 -3.4e+38 -3.4e+38 -3.4e+38 -3.4e+38 90 93 95 97 95 93 89 91 92 92 93 93 98 108 103 106 112 113 109 109 109 108 108 107 105 105 105 109 111 105 103 100 97 97 97 97 97 97 96 95 96 96 96 95 97 98 100 97 97 97 95 94 90 92 87 86 87
103 98 93 92 92 94 98 98 92 -3.4e+38 -3.4e+38 -3.4e+38 -3.4e+38 -3.4e+38 -3.4e+38 -3.4e+38 91 90 92 93 94 93 92 89 90 91 91 93 106 110 113 104 110 108 108 105 110 109 109 108 107 106 107 107 106 108 107 103 101 100 97 97 98 97 99 97 96 96 97 97 96 96 97 99 97 97 97 95 94 91 89 86 86 87
98 98 92 91 93 95 103 104 95 -3.4e+38 -3.4e+38 -3.4e+38 -3.4e+38 -3.4e+38 -3.4e+38 -3.4e+38 89 92 92 92 93 92 90 91 90 91 -3.4e+38 98 104 106 111 109 107 104 103 102 107 107 109 108 108 108 107 107 105 108 110 106 105 100 98 100 99 97 97 97 97 97 97 97 98 98 100 101 98 98 97 95 91 91 90 90 88 88
99 94 91 92 94 99 106 97 95 92 92 -3.4e+38 -3.4e+38 -3.4e+38 -3.4e+38 92 94 91 91 92 92 92 90 90 92 -3.4e+38 -3.4e+38 97 100 102 106 109 104 103 101 102 106 108 109 107 108 106 106 106 107 106 107 105 102 100 100 101 101 100 97 98 97 98 99 100 100 100 102 100 100 100 99 97 90 90 88 89 89 88
99 95 91 92 95 99 96 92 93 93 94 -3.4e+38 -3.4e+38 -3.4e+38 -3.4e+38 92 96 93 91 91 92 93 93 92 -3.4e+38 -3.4e+38 93 98 101 103 103 107 102 102 101 103 106 106 109 105 105 106 105 105 104 108 107 105 103 102 101 101 100 103 98 98 98 99 99 99 99 100 102 101 101 101 99 97 92 88 87 87 88 88
100 95 93 92 100 94 93 92 92 93 94 93 -3.4e+38 -3.4e+38 -3.4e+38 91 98 93 92 91 92 91 91 -3.4e+38 -3.4e+38 93 96 96 103 104 104 102 103 103 109 105 105 106 104 105 104 105 105 104 104 105 104 105 104 102 102 102 102 102 99 99 99 99 100 99 99 100 102 101 102 102 100 97 93 92 89 87 -3.4e+38 -3.4e+38
105 95 90 96 98 93 92 96 93 91 92 93 -3.4e+38 -3.4e+38 -3.4e+38 91 95 96 94 93 93 91 91 -3.4e+38 94 98 101 101 102 102 102 102 104 103 107 106 104 105 104 103 105 105 105 104 104 105 105 103 104 104 103 103 103 102 100 100 100 100 99 100 100 101 102 102 102 102 100 95 -3.4e+38 -3.4e+38 -3.4e+38 -3.4e+38 -3.4e+38 -3.4e+38
99 96 91 93 96 92 91 94 94 93 92 92 -3.4e+38 -3.4e+38 -3.4e+38 -3.4e+38 94 94 94 94 93 92 -3.4e+38 94 100 103 100 101 101 102 102 104 104 106 110 107 106 103 104 103 105 105 103 103 104 104 104 104 105 104 103 103 103 102 101 100 100 99 99 101 101 102 103 102 103 102 100 -3.4e+38 -3.4e+38 -3.4e+38 -3.4e+38 -3.4e+38 -3.4e+38 -3.4e+38
101 97 93 91 93 92 91 92 94 91 90 93 -3.4e+38 -3.4e+38 -3.4e+38 -3.4e+38 94 94 94 93 93 -3.4e+38 -3.4e+38 94 98 106 104 103 105 102 102 104 105 105 111 105 104 104 104 104 104 103 103 103 103 105 105 106 104 104 103 102 101 102 101 100 100 100 101 101 101 102 102 102 103 101 99 -3.4e+38 -3.4e+38 -3.4e+38 -3.4e+38 -3.4e+38 -3.4e+38 -3.4e+38
107 102 94 92 89 93 90 91 92 91 90 93 -3.4e+38 -3.4e+38 -3.4e+38 -3.4e+38 -3.4e+38 -3.4e+38 -3.4e+38 -3.4e+38 -3.4e+38 -3.4e+38 93 96 98 108 109 111 106 106 105 110 113 107 106 105 105 103 103 103 102 104 104 105 105 104 104 104 104 102 101 100 99 102 101 101 100 100 100 102 101 103 102 103 103 101 -3.4e+38 -3.4e+38 -3.4e+38 -3.4e+38 -3.4e+38 -3.4e+38 -3.4e+38 -3.4e+38
104 97 93 91 94 94 91 94 94 96 93 92 -3.4e+38 -3.4e+38 -3.4e+38 -3.4e+38 -3.4e+38 -3.4e+38 -3.4e+38 -3.4e+38 -3.4e+38 -3.4e+38 95 101 98 108 109 110 109 106 109 109 111 108 105 106 103 103 103 102 104 105 106 105 105 106 106 103 104 101 100 99 99 101 101 100 99 100 101 102 102 102 102 102 103 101 -3.4e+38 -3.4e+38 -3.4e+38 -3.4e+38 -3.4e+38 -3.4e+38 -3.4e+38 -3.4e+38
111 98 94 93 96 101 95 96 97 97 93 -3.4e+38 -3.4e+38 -3.4e+38 -3.4e+38 -3.4e+38 -3.4e+38 -3.4e+38 -3.4e+38 -3.4e+38 -3.4e+38 95 99 108 112 110 111 110 111 111 112 109 105 105 105 103 104 102 102 102 105 105 106 106 107 108 104 101 101 100 100 100 100 101 101 100 100 100 101 101 102 102 102 102 102 -3.4e+38 -3.4e+38 -3.4e+38 -3.4e+38 -3.4e+38 -3.4e+38 -3.4e+38 -3.4e+38 -3.4e+38
111 103 97 93 98 102 99 96 97 97 94 -3.4e+38 -3.4e+38 -3.4e+38 -3.4e+38 -3.4e+38 -3.4e+38 -3.4e+38 -3.4e+38 -3.4e+38 99 102 107 110 113 110 110 110 111 113 109 107 104 105 106 105 102 101 101 101 103 105 105 107 107 104 102 101 101 101 101 103 100 100 100 99 100 102 102 102 102 101 102 102 101 -3.4e+38 -3.4e+38 -3.4e+38 -3.4e+38 -3.4e+38 -3.4e+38 -3.4e+38 -3.4e+38 -3.4e+38
105 111 100 94 99 102 97 97 96 97 95 -3.4e+38 -3.4e+38 -3.4e+38 -3.4e+38 -3.4e+38 -3.4e+38 -3.4e+38 -3.4e+38 95 101 106 112 122 112 111 111 110 110 109 105 104 103 104 105 105 104 102 100 102 105 108 108 106 102 102 100 102 101 101 102 104 101 100 101 102 103 102 102 102 101 101 101 -3.4e+38 -3.4e+38 -3.4e+38 -3.4e+38 -3.4e+38 -3.4e+38 -3.4e+38 -3.4e+38 -3.4e+38 -3.4e+38 -3.4e+38
106 102 98 99 103 100 99 98 97 95 95 -3.4e+38 -3.4e+38 -3.4e+38 -3.4e+38 -3.4e+38 -3.4e+38 -3.4e+38 -3.4e+38 96 100 109 118 121 116 113 111 109 108 107 107 103 103 104 105 105 103 100 101 103 106 108 109 107 102 99 100 103 101 100 106 105 102 100 102 104 103 103 103 102 101 101 -3.4e+38 -3.4e+38 -3.4e+38 -3.4e+38 -3.4e+38 -3.4e+38 -3.4e+38 -3.4e+38 -3.4e+38 -3.4e+38 -3.4e+38 -3.4e+38
101 103 103 106 106 102 100 101 98 95 96 -3.4e+38 -3.4e+38 -3.4e+38 -3.4e+38 -3.4e+38 -3.4e+38 -3.4e+38 95 98 108 115 119 124 122 113 107 106 103 104 104 107 105 104 104 -3.4e+38 -3.4e+38 100 103 107 107 106 108 105 101 102 102 103 104 103 106 107 102 102 103 104 104 104 103 102 102 -3.4e+38 -3.4e+38 -3.4e+38 -3.4e+38 -3.4e+38 -3.4e+38 -3.4e+38 -3.4e+38 -3.4e+38 -3.4e+38 -3.4e+38 -3.4e+38 -3.4e+38
106 110 112 110 107 104 101 101 98 94 95 -3.4e+38 -3.4e+38 -3.4e+38 -3.4e+38 -3.4e+38 -3.4e+38 95 95 101 111 122 118 124 122 117 110 105 104 108 105 102 101 101 -3.4e+38 -3.4e+38 -3.4e+38 100 103 108 105 107 106 102 104 104 102 105 110 108 106 105 103 101 104 104 104 103 103 -3.4e+38 -3.4e+38 -3.4e+38 -3.4e+38 -3.4e+38 -3.4e+38 -3.4e+38 -3.4e+38 -3.4e+38 -3.4e+38 -3.4e+38 -3.4e+38 -3.4e+38 -3.4e+38 -3.4e+38
115 118 117 115 112 102 109 107 103 96 94 -3.4e+38 -3.4e+38 -3.4e+38 -3.4e+38 -3.4e+38 -3.4e+38 96 102 107 115 121 119 119 118 121 116 105 104 103 102 102 101 -3.4e+38 -3.4e+38 -3.4e+38 -3.4e+38 -3.4e+38 106 104 102 102 103 104 104 105 105 107 109 110 107 108 105 103 102 103 105 104 103 -3.4e+38 -3.4e+38 -3.4e+38 -3.4e+38 -3.4e+38 -3.4e+38 -3.4e+38 -3.4e+38 -3.4e+38 -3.4e+38 -3.4e+38 -3.4e+38 -3.4e+38 -3.4e+38 -3.4e+38
114 112 112 113 105 107 111 110 104 98 96 -3.4e+38 -3.4e+38 -3.4e+38 -3.4e+38 -3.4e+38 97 105 109 114 114 122 119 122 114 112 114 110 105 101 102 -3.4e+38 -3.4e+38 -3.4e+38 -3.4e+38 -3.4e+38 -3.4e+38 102 103 104 106 105 104 103 104 107 108 110 111 113 110 105 104 103 102 103 105 -3.4e+38 -3.4e+38 -3.4e+38 -3.4e+38 -3.4e+38 -3.4e+38 -3.4e+38 -3.4e+38 -3.4e+38 -3.4e+38 -3.4e+38 -3.4e+38 -3.4e+38 -3.4e+38 -3.4e+38 -3.4e+38 -3.4e+38
113 109 109 113 108 110 120 106 106 100 97 -3.4e+38 -3.4e+38 -3.4e+38 -3.4e+38 -3.4e+38 98 105 108 113 114 117 119 120 120 110 109 110 105 102 100 -3.4e+38 -3.4e+38 -3.4e+38 -3.4e+38 -3.4e+38 -3.4e+38 102 107 108 107 107 105 109 110 108 112 116 115 111 109 105 105 104 -3.4e+38 -3.4e+38 -3.4e+38 -3.4e+38 -3.4e+38 -3.4e+38 -3.4e+38 -3.4e+38 -3.4e+38 -3.4e+38 -3.4e+38 -3.4e+38 -3.4e+38 -3.4e+38 -3.4e+38 -3.4e+38 -3.4e+38 -3.4e+38 -3.4e+38 -3.4e+38
107 107 109 114 109 110 113 114 103 98 96 -3.4e+38 -3.4e+38 -3.4e+38 -3.4e+38 -3.4e+38 98 105 106 113 116 116 116 113 109 112 110 102 102 101 -3.4e+38 -3.4e+38 -3.4e+38 -3.4e+38 -3.4e+38 -3.4e+38 -3.4e+38 103 105 106 107 108 108 109 113 113 117 118 114 111 107 107 105 102 -3.4e+38 -3.4e+38 -3.4e+38 -3.4e+38 -3.4e+38 -3.4e+38 -3.4e+38 -3.4e+38 -3.4e+38 -3.4e+38 -3.4e+38 -3.4e+38 -3.4e+38 -3.4e+38 -3.4e+38 -3.4e+38 -3.4e+38 -3.4e+38 -3.4e+38 -3.4e+38
106 108 113 110 114 114 111 106 100 99 95 -3.4e+38 -3.4e+38 -3.4e+38 -3.4e+38 -3.4e+38 97 106 111 112 113 120 119 115 109 109 111 110 106 -3.4e+38 -3.4e+38 -3.4e+38 -3.4e+38 -3.4e+38 -3.4e+38 -3.4e+38 -3.4e+38 103 103 105 107 108 112 114 113 115 121 119 117 111 109 107 105 104 -3.4e+38 -3.4e+38 -3.4e+38 -3.4e+38 -3.4e+38 -3.4e+38 -3.4e+38 -3.4e+38 -3.4e+38 -3.4e+38 -3.4e+38 -3.4e+38 -3.4e+38 -3.4e+38 -3.4e+38 -3.4e+38 -3.4e+38 -3.4e+38 -3.4e+38 -3.4e+38
110 112 115 119 122 115 107 106 101 104 97 -3.4e+38 -3.4e+38 -3.4e+38 -3.4e+38 -3.4e+38 98 106 105 108 118 119 122 118 112 112 107 106 103 -3.4e+38 -3.4e+38 -3.4e+38 -3.4e+38 -3.4e+38 -3.4e+38 -3.4e+38 -3.4e+38 102 102 109 112 114 118 117 117 116 121 120 116 112 109 108 104 106 104 -3.4e+38 -3.4e+38 -3.4e+38 -3.4e+38 -3.4e+38 -3.4e+38 -3.4e+38 -3.4e+38 -3.4e+38 -3.4e+38 -3.4e+38 -3.4e+38 -3.4e+38 -3.4e+38 -3.4e+38 -3.4e+38 -3.4e+38 -3.4e+38 -3.4e+38
115 116 115 124 127 118 115 108 106 102 101 -3.4e+38 -3.4e+38 -3.4e+38 -3.4e+38 -3.4e+38 98 103 106 105 108 114 116 119 115 110 107 103 102 -3.4e+38 -3.4e+38 -3.4e+38 -3.4e+38 -3.4e+38 -3.4e+38 -3.4e+38 -3.4e+38 103 105 109 115 117 125 123 117 120 124 120 113 109 108 107 107 108 106 -3.4e+38 -3.4e+38 -3.4e+38 -3.4e+38 -3.4e+38 -3.4e+38 -3.4e+38 -3.4e+38 -3.4e+38 -3.4e+38 -3.4e+38 -3.4e+38 -3.4e+38 -3.4e+38 -3.4e+38 -3.4e+38 -3.4e+38 -3.4e+38 -3.4e+38
114 116 119 126 128 121 117 114 109 102 99 99 -3.4e+38 -3.4e+38 -3.4e+38 -3.4e+38 98 100 101 103 104 108 116 118 116 110 105 103 102 -3.4e+38 -3.4e+38 -3.4e+38 -3.4e+38 -3.4e+38 -3.4e+38 -3.4e+38 -3.4e+38 103 105 109 113 116 121 126 122 121 118 116 114 112 110 107 108 112 108 106 -3.4e+38 -3.4e+38 -3.4e+38 -3.4e+38 -3.4e+38 -3.4e+38 -3.4e+38 -3.4e+38 -3.4e+38 -3.4e+38 -3.4e+38 -3.4e+38 -3.4e+38 -3.4e+38 -3.4e+38 -3.4e+38 -3.4e+38 -3.4e+38
111 117 120 128 133 121 111 111 110 108 99 97 -3.4e+38 -3.4e+38 -3.4e+38 -3.4e+38 101 101 101 106 113 115 114 116 113 111 108 104 -3.4e+38 -3.4e+38 -3.4e+38 -3.4e+38 -3.4e+38 -3.4e+38 -3.4e+38 -3.4e+38 -3.4e+38 105 106 106 109 112 122 125 129 122 118 117 114 110 107 107 109 112 108 106 -3.4e+38 -3.4e+38 -3.4e+38 -3.4e+38 -3.4e+38 -3.4e+38 -3.4e+38 -3.4e+38 -3.4e+38 -3.4e+38 -3.4e+38 -3.4e+38 -3.4e+38 -3.4e+38 -3.4e+38 -3.4e+38 -3.4e+38 -3.4e+38
119 121 142 128 123 120 111 107 103 100 105 103 99 -3.4e+38 -3.4e+38 -3.4e+38 101 104 106 110 113 117 116 112 113 110 107 104 -3.4e+38 -3.4e+38 -3.4e+38 -3.4e+38 -3.4e+38 -3.4e+38 -3.4e+38 -3.4e+38 103 105 106 111 114 118 123 125 127 124 123 119 114 109 109 109 112 107 108 106 -3.4e+38 -3.4e+38 -3.4e+38 -3.4e+38 -3.4e+38 -3.4e+38 -3.4e+38 -3.4e+38 -3.4e+38 -3.4e+38 -3.4e+38 -3.4e+38 -3.4e+38 -3.4e+38 -3.4e+38 -3.4e+38 -3.4e+38 -3.4e+38
121 132 134 124 119 117 112 110 104 103 109 109 99 -3.4e+38 -3.4e+38 -3.4e+38 99 103 108 111 117 117 114 114 113 110 104 101 -3.4e+38 -3.4e+38 -3.4e+38 -3.4e+38 -3.4e+38 -3.4e+38 -3.4e+38 102 105 109 112 118 117 121 123 128 125 125 123 122 116 110 116 115 107 106 108 106 -3.4e+38 -3.4e+38 -3.4e+38 -3.4e+38 -3.4e+38 -3.4e+38 -3.4e+38 -3.4e+38 -3.4e+38 -3.4e+38 -3.4e+38 -3.4e+38 -3.4e+38 -3.4e+38 -3.4e+38 -3.4e+38 -3.4e+38 -3.4e+38
120 124 119 117 117 113 113 109 105 104 106 104 99 -3.4e+38 -3.4e+38 -3.4e+38 99 101 101 104 112 118 115 111 109 107 104 101 -3.4e+38 -3.4e+38 -3.4e+38 -3.4e+38 -3.4e+38 -3.4e+38 -3.4e+38 102 104 107 117 116 123 124 127 127 127 124 123 119 115 113 118 114 111 109 107 107 -3.4e+38 -3.4e+38 -3.4e+38 -3.4e+38 -3.4e+38 -3.4e+38 -3.4e+38 -3.4e+38 -3.4e+38 -3.4e+38 -3.4e+38 -3.4e+38 -3.4e+38 -3.4e+38 -3.4e+38 -3.4e+38 -3.4e+38 -3.4e+38
