data/bioclim/PPT_sm1.asc
NCOLS 391 
NROWS 575 
XLLCORNER -1773000 
YLLCORNER 4368000 
CELLSIZE 1000 
NODATA_value -3.4e+38 
[rows 320 to 351 of 575, columns 219 to 291 of 391]
-3.4e+38 -3.4e+38 -3.4e+38 -3.4e+38 -3.4e+38 -3.4e+38 247 246 245 245 244 249 245 246 246 246 251 254 244 236 230 224 222 213 202 210 210 211 202 197 193 189 186 187 182 -3.4e+38 -3.4e+38 -3.4e+38 180 184 184 189 190 190 198 202 208 225 241 246 230 237 246 255 256 222 225 219 210 206 191 189 182 173 173 163 -3.4e+38 -3.4e+38 169 169 176 176 178
-3.4e+38 -3.4e+38 -3.4e+38 -3.4e+38 -3.4e+38 -3.4e+38 250 247 248 246 248 247 246 246 247 245 267 259 249 241 236 224 214 209 203 209 205 204 202 196 192 186 187 184 -3.4e+38 -3.4e+38 183 182 182 184 184 192 196 192 205 207 202 212 221 227 247 252 263 257 250 238 236 233 220 199 210 200 193 191 174 167 166 166 170 171 173 176 183
-3.4e+38 -3.4e+38 -3.4e+38 -3.4e+38 -3.4e+38 251 251 251 252 249 247 247 248 247 247 243 247 251 248 245 233 223 223 219 212 202 202 217 204 192 190 186 185 -3.4e+38 -3.4e+38 186 185 186 185 185 190 201 201 202 200 207 215 225 223 235 248 256 263 252 240 234 228 230 220 200 199 200 189 182 175 170 167 164 169 171 177 182 187
-3.4e+38 -3.4e+38 -3.4e+38 -3.4e+38 251 254 257 252 254 252 253 246 245 244 245 244 236 238 238 238 234 234 223 214 221 210 202 198 195 192 189 187 -3.4e+38 -3.4e+38 -3.4e+38 186 186 188 188 191 190 197 203 208 202 204 216 243 252 283 264 272 264 250 240 230 229 222 228 215 207 201 195 185 173 172 170 -3.4e+38 177 179 178 177 182
-3.4e+38 -3.4e+38 -3.4e+38 255 256 258 256 256 254 254 250 247 246 244 242 242 236 234 231 237 232 235 235 214 208 202 197 188 190 193 190 -3.4e+38 -3.4e+38 -3.4e+38 188 189 190 192 196 198 196 195 203 216 207 219 244 248 254 280 273 272 278 275 241 243 229 237 229 214 208 202 192 191 174 173 166 -3.4e+38 173 174 178 178 178
-3.4e+38 -3.4e+38 265 256 260 264 259 258 256 255 253 246 245 243 241 235 239 232 225 226 226 226 223 203 197 197 197 195 191 193 190 -3.4e+38 -3.4e+38 -3.4e+38 191 189 190 194 199 195 197 197 203 206 207 225 229 234 240 252 261 273 282 269 250 259 250 246 237 219 223 210 200 184 179 174 173 -3.4e+38 -3.4e+38 172 173 177 178
-3.4e+38 262 260 257 258 265 261 260 258 257 253 248 246 242 240 240 236 230 227 228 213 226 214 194 196 195 196 196 196 195 189 -3.4e+38 -3.4e+38 190 191 188 188 189 193 193 197 197 198 200 208 220 241 260 262 258 276 273 274 281 268 280 271 255 237 237 209 201 200 194 190 177 173 -3.4e+38 -3.4e+38 171 180 186 178
-3.4e+38 262 260 263 267 267 262 262 261 261 252 258 259 254 247 230 228 231 245 253 235 198 191 201 193 191 188 187 188 189 189 -3.4e+38 -3.4e+38 189 191 191 189 189 189 195 194 194 196 200 212 219 236 263 268 272 271 271 267 280 282 287 283 245 228 224 211 201 208 196 192 181 175 -3.4e+38 -3.4e+38 173 178 182 184
-3.4e+38 264 269 270 277 278 263 263 265 264 266 257 280 256 246 233 229 244 254 242 248 221 212 201 198 185 189 182 183 183 183 -3.4e+38 183 187 187 189 193 193 197 192 199 199 202 202 220 231 258 253 258 267 265 269 262 273 287 271 256 245 228 226 210 210 201 201 193 181 174 167 -3.4e+38 173 174 178 184
-3.4e+38 267 265 267 267 268 270 265 264 266 273 257 265 263 249 242 245 262 247 240 222 232 222 207 188 188 192 184 185 179 -3.4e+38 -3.4e+38 182 182 182 183 186 189 193 201 202 209 217 216 214 209 215 219 258 239 260 271 265 278 266 258 246 237 234 219 212 211 202 202 193 184 184 173 -3.4e+38 -3.4e+38 174 176 184
-3.4e+38 270 266 267 267 267 268 269 269 266 275 258 265 261 243 265 235 251 238 229 222 221 210 213 187 180 179 180 173 169 -3.4e+38 -3.4e+38 176 177 177 179 182 187 191 192 210 212 215 215 235 249 234 238 224 225 266 262 262 267 269 268 256 237 229 226 219 210 202 193 200 195 193 185 -3.4e+38 -3.4e+38 175 180 186
-3.4e+38 272 270 270 269 272 271 270 274 279 277 271 279 274 255 258 262 251 239 237 229 234 233 218 199 171 166 164 167 164 -3.4e+38 -3.4e+38 169 171 175 178 179 190 187 197 203 215 224 219 225 241 263 255 249 246 239 259 263 266 270 272 257 238 234 228 237 211 204 202 202 195 194 183 172 -3.4e+38 -3.4e+38 180 180
-3.4e+38 275 273 275 275 271 272 271 273 279 278 285 287 271 277 258 246 279 264 246 221 205 214 204 190 186 180 175 164 -3.4e+38 -3.4e+38 -3.4e+38 166 169 170 187 195 197 202 212 214 222 229 228 237 270 276 277 263 259 271 271 263 266 266 254 239 228 238 220 212 208 207 199 190 182 182 178 177 -3.4e+38 -3.4e+38 -3.4e+38 182
273 274 277 276 275 274 273 272 273 286 314 319 299 288 276 271 251 261 271 263 219 209 198 196 192 186 180 176 165 -3.4e+38 -3.4e+38 -3.4e+38 -3.4e+38 169 174 187 218 205 189 212 215 228 226 231 251 267 272 277 274 262 273 278 263 263 259 266 257 238 224 220 221 209 204 203 197 195 185 187 185 -3.4e+38 -3.4e+38 -3.4e+38 178
274 273 273 273 273 275 275 276 277 282 314 326 295 278 284 263 284 271 260 251 249 222 204 183 190 179 176 176 160 -3.4e+38 -3.4e+38 -3.4e+38 -3.4e+38 168 173 187 218 223 204 205 210 209 225 232 235 239 254 288 291 273 270 259 249 241 258 258 257 247 228 222 213 204 203 195 194 201 194 195 187 177 172 176 179
275 274 274 274 275 276 278 280 279 283 308 320 301 280 282 262 278 262 244 248 230 212 213 215 181 169 164 165 158 -3.4e+38 -3.4e+38 -3.4e+38 -3.4e+38 168 172 186 208 218 219 204 222 222 222 233 242 245 264 278 285 279 264 254 248 233 225 229 238 239 213 204 212 201 195 193 187 186 192 186 180 195 188 183 176
-3.4e+38 275 275 276 277 278 280 283 288 285 293 304 278 251 282 274 260 255 256 237 233 234 199 199 194 188 179 170 159 -3.4e+38 -3.4e+38 -3.4e+38 165 169 177 209 235 232 231 212 236 235 231 239 240 250 271 293 293 274 268 254 241 232 224 212 214 220 221 212 204 212 203 196 188 186 177 195 186 193 198 183 186
-3.4e+38 -3.4e+38 276 277 277 281 280 281 281 282 292 294 275 255 264 265 261 270 275 250 218 221 232 206 205 194 182 173 162 -3.4e+38 -3.4e+38 -3.4e+38 169 175 192 198 209 230 255 230 246 250 242 245 247 251 272 276 290 280 262 249 244 239 214 237 201 203 195 206 203 195 189 203 203 185 186 188 190 197 196 189 176
-3.4e+38 -3.4e+38 -3.4e+38 -3.4e+38 279 278 280 280 282 283 285 283 262 255 241 255 251 250 251 247 259 244 237 223 192 179 182 161 159 -3.4e+38 -3.4e+38 -3.4e+38 169 173 176 200 241 235 247 240 257 249 248 263 237 252 257 264 275 288 277 255 254 246 234 237 239 233 226 201 195 195 208 205 202 196 197 194 192 191 198 184 179
-3.4e+38 -3.4e+38 -3.4e+38 -3.4e+38 280 281 280 280 283 281 280 280 256 256 249 253 257 238 266 258 283 264 228 223 197 178 172 164 160 -3.4e+38 -3.4e+38 -3.4e+38 168 173 179 188 218 252 258 257 266 275 260 244 235 250 254 246 280 270 275 273 271 273 240 233 240 231 217 221 210 216 213 202 195 198 196 194 186 185 182 180 180
281 283 -3.4e+38 282 280 281 280 275 277 277 278 273 259 258 242 249 254 254 240 243 232 234 211 212 193 180 172 170 170 -3.4e+38 -3.4e+38 -3.4e+38 167 179 180 214 235 239 240 258 277 254 239 230 244 244 236 262 263 270 277 293 281 270 271 245 235 208 233 231 221 203 197 200 195 188 189 193 193 186 193 193 186
283 285 286 285 282 280 279 272 273 276 260 264 257 251 249 242 251 261 266 246 230 230 206 202 191 183 174 170 171 -3.4e+38 -3.4e+38 173 177 180 188 214 254 261 254 267 275 257 242 227 231 244 230 228 256 267 277 277 296 276 256 242 231 213 213 232 226 214 217 212 200 203 198 197 194 192 197 193 184
283 284 287 288 286 284 278 272 273 270 259 255 254 243 242 239 238 271 245 241 231 202 234 210 199 187 176 -3.4e+38 -3.4e+38 -3.4e+38 -3.4e+38 176 182 182 191 213 252 260 269 253 260 239 232 231 222 237 224 240 236 256 288 291 297 269 247 236 234 219 241 241 218 215 230 220 210 203 201 196 195 194 193 186 181
283 283 285 285 284 281 279 271 275 266 257 247 251 243 239 227 228 252 238 233 231 212 213 201 183 176 170 -3.4e+38 -3.4e+38 -3.4e+38 175 179 183 185 201 213 240 248 250 246 261 242 234 231 231 229 221 237 254 261 274 277 295 275 249 251 242 243 241 242 216 222 234 244 212 206 208 196 188 188 187 188 182
281 283 288 286 290 284 274 276 267 261 254 246 240 236 235 242 233 225 223 218 230 214 202 191 190 179 168 -3.4e+38 -3.4e+38 175 176 180 189 188 212 243 255 269 240 237 243 249 240 236 225 222 225 224 238 261 255 265 279 291 265 260 254 265 259 260 230 230 237 244 230 226 200 191 193 189 186 182 184
282 280 283 285 284 283 270 274 269 256 250 243 245 235 228 229 239 216 217 213 208 219 206 195 191 181 169 -3.4e+38 169 178 187 192 204 212 231 243 249 261 240 230 237 237 237 225 217 217 216 215 244 242 266 278 278 287 287 267 251 267 259 262 242 244 249 237 226 231 206 196 190 187 186 183 -3.4e+38
291 284 283 284 282 281 264 279 269 247 240 237 242 235 237 225 232 218 219 212 200 207 207 193 191 182 -3.4e+38 -3.4e+38 179 187 187 194 199 226 247 265 264 275 251 242 228 232 233 233 217 215 216 214 230 258 258 263 277 291 274 276 269 268 271 267 249 267 256 247 234 207 200 200 192 191 189 -3.4e+38 -3.4e+38
289 286 284 283 280 280 254 269 271 258 246 235 232 231 229 217 217 217 210 207 203 196 195 189 193 172 171 -3.4e+38 190 187 187 196 202 222 247 251 265 282 235 229 226 217 221 224 220 217 214 213 244 241 267 264 285 292 282 259 267 279 275 266 272 265 264 241 229 215 207 200 194 188 187 -3.4e+38 -3.4e+38
291 288 284 282 280 252 252 257 260 257 246 234 228 229 231 229 206 203 199 196 203 196 186 182 189 185 172 -3.4e+38 192 189 189 196 222 223 248 285 292 254 244 238 235 235 225 217 220 211 218 230 244 271 285 273 278 284 263 252 260 276 277 273 268 261 263 249 230 230 211 200 196 189 189 -3.4e+38 -3.4e+38
290 289 285 285 283 272 259 249 245 241 235 234 231 225 220 222 227 224 219 198 194 191 198 195 193 174 187 181 200 198 190 196 205 235 240 263 285 255 245 239 227 237 230 218 206 214 215 220 241 250 284 280 279 257 248 243 250 276 264 254 263 259 255 246 245 232 213 203 198 196 -3.4e+38 -3.4e+38 -3.4e+38
288 298 287 291 284 279 254 273 251 239 234 231 231 227 227 225 218 212 203 209 195 197 196 199 194 196 177 184 202 199 211 217 201 235 237 259 271 248 229 227 228 236 224 215 211 217 217 225 227 276 282 287 280 259 253 247 227 258 252 240 243 248 241 230 235 238 224 209 200 197 -3.4e+38 -3.4e+38 -3.4e+38
288 300 297 287 287 286 257 253 250 243 235 232 222 223 222 232 228 218 197 210 198 198 187 199 195 194 174 194 202 199 217 212 201 220 217 235 229 233 239 224 230 241 227 221 203 218 220 232 251 278 288 288 281 268 263 240 229 235 237 236 226 237 248 224 218 218 225 208 202 196 193 -3.4e+38 -3.4e+38
