data/bioclim/PPT_sm1.asc
NCOLS 391 
NROWS 575 
XLLCORNER -1773000 
YLLCORNER 4368000 
CELLSIZE 1000 
NODATA_value -3.4e+38 
[rows 160 to 191 of 575, columns 73 to 145 of 391]
-3.4e+38 -3.4e+38 -3.4e+38 -3.4e+38 -3.4e+38 -3.4e+38 -3.4e+38 -3.4e+38 -3.4e+38 -3.4e+38 -3.4e+38 -3.4e+38 -3.4e+38 -3.4e+38 -3.4e+38 -3.4e+38 -3.4e+38 -3.4e+38 -3.4e+38 -3.4e+38 -3.4e+38 -3.4e+38 -3.4e+38 -3.4e+38 228 229 236 247 217 -3.4e+38 -3.4e+38 -3.4e+38 -3.4e+38 -3.4e+38 -3.4e+38 -3.4e+38 -3.4e+38 -3.4e+38 -3.4e+38 -3.4e+38 -3.4e+38 -3.4e+38 -3.4e+38 -3.4e+38 221 229 232 238 258 245 264 321 377 314 340 357 377 434 389 332 320 321 304 291 286 274 287 273 259 258 244 240 -3.4e+38
-3.4e+38 -3.4e+38 -3.4e+38 -3.4e+38 -3.4e+38 -3.4e+38 -3.4e+38 -3.4e+38 -3.4e+38 -3.4e+38 -3.4e+38 -3.4e+38 -3.4e+38 -3.4e+38 -3.4e+38 -3.4e+38 -3.4e+38 -3.4e+38 -3.4e+38 -3.4e+38 -3.4e+38 -3.4e+38 -3.4e+38 223 230 230 231 217 218 211 -3.4e+38 -3.4e+38 -3.4e+38 -3.4e+38 -3.4e+38 -3.4e+38 -3.4e+38 -3.4e+38 -3.4e+38 -3.4e+38 -3.4e+38 -3.4e+38 -3.4e+38 -3.4e+38 222 225 237 238 240 271 310 327 392 349 352 358 398 398 367 336 325 309 291 288 287 273 267 258 256 250 252 246 242
-3.4e+38 -3.4e+38 -3.4e+38 -3.4e+38 -3.4e+38 -3.4e+38 -3.4e+38 -3.4e+38 -3.4e+38 -3.4e+38 -3.4e+38 -3.4e+38 -3.4e+38 -3.4e+38 -3.4e+38 -3.4e+38 -3.4e+38 -3.4e+38 -3.4e+38 -3.4e+38 -3.4e+38 -3.4e+38 -3.4e+38 219 224 230 231 215 211 -3.4e+38 -3.4e+38 -3.4e+38 -3.4e+38 -3.4e+38 -3.4e+38 -3.4e+38 -3.4e+38 -3.4e+38 -3.4e+38 -3.4e+38 -3.4e+38 -3.4e+38 -3.4e+38 -3.4e+38 221 227 233 244 256 261 284 330 389 370 336 367 388 393 365 354 330 300 297 286 282 270 258 256 257 249 242 237 237
-3.4e+38 -3.4e+38 -3.4e+38 -3.4e+38 -3.4e+38 -3.4e+38 -3.4e+38 -3.4e+38 -3.4e+38 -3.4e+38 -3.4e+38 -3.4e+38 -3.4e+38 -3.4e+38 -3.4e+38 -3.4e+38 -3.4e+38 -3.4e+38 -3.4e+38 -3.4e+38 -3.4e+38 -3.4e+38 218 223 224 217 218 215 210 -3.4e+38 -3.4e+38 -3.4e+38 -3.4e+38 -3.4e+38 -3.4e+38 -3.4e+38 -3.4e+38 -3.4e+38 -3.4e+38 -3.4e+38 -3.4e+38 -3.4e+38 -3.4e+38 -3.4e+38 226 238 239 249 255 266 275 292 360 319 317 332 382 364 338 320 313 284 286 276 280 269 268 264 257 -3.4e+38 -3.4e+38 -3.4e+38 -3.4e+38
217 -3.4e+38 -3.4e+38 -3.4e+38 -3.4e+38 -3.4e+38 -3.4e+38 -3.4e+38 -3.4e+38 -3.4e+38 -3.4e+38 -3.4e+38 -3.4e+38 -3.4e+38 -3.4e+38 -3.4e+38 -3.4e+38 -3.4e+38 -3.4e+38 -3.4e+38 -3.4e+38 -3.4e+38 224 236 230 224 230 224 218 210 209 -3.4e+38 -3.4e+38 -3.4e+38 -3.4e+38 -3.4e+38 -3.4e+38 -3.4e+38 -3.4e+38 -3.4e+38 -3.4e+38 -3.4e+38 -3.4e+38 -3.4e+38 222 226 230 232 255 248 267 289 321 292 293 313 385 382 320 311 297 301 270 262 256 266 255 253 253 252 -3.4e+38 -3.4e+38 -3.4e+38
-3.4e+38 -3.4e+38 -3.4e+38 -3.4e+38 -3.4e+38 -3.4e+38 -3.4e+38 -3.4e+38 -3.4e+38 -3.4e+38 -3.4e+38 -3.4e+38 -3.4e+38 -3.4e+38 -3.4e+38 -3.4e+38 -3.4e+38 -3.4e+38 -3.4e+38 -3.4e+38 -3.4e+38 -3.4e+38 222 224 228 230 234 228 217 211 205 -3.4e+38 -3.4e+38 -3.4e+38 -3.4e+38 -3.4e+38 -3.4e+38 -3.4e+38 -3.4e+38 -3.4e+38 -3.4e+38 -3.4e+38 -3.4e+38 -3.4e+38 222 225 228 230 238 261 285 285 317 274 279 301 369 328 294 280 282 288 267 257 255 260 256 238 242 246 -3.4e+38 -3.4e+38 -3.4e+38
218 217 -3.4e+38 -3.4e+38 -3.4e+38 -3.4e+38 -3.4e+38 -3.4e+38 -3.4e+38 -3.4e+38 -3.4e+38 -3.4e+38 -3.4e+38 -3.4e+38 -3.4e+38 -3.4e+38 -3.4e+38 -3.4e+38 -3.4e+38 -3.4e+38 -3.4e+38 224 223 224 230 235 230 218 211 211 210 -3.4e+38 -3.4e+38 -3.4e+38 -3.4e+38 -3.4e+38 -3.4e+38 -3.4e+38 -3.4e+38 -3.4e+38 -3.4e+38 -3.4e+38 -3.4e+38 -3.4e+38 222 223 238 240 266 250 255 276 271 295 294 306 328 313 297 270 303 291 265 266 251 265 256 254 243 242 241 -3.4e+38 -3.4e+38
219 218 -3.4e+38 -3.4e+38 -3.4e+38 -3.4e+38 -3.4e+38 -3.4e+38 -3.4e+38 -3.4e+38 -3.4e+38 -3.4e+38 -3.4e+38 -3.4e+38 -3.4e+38 -3.4e+38 -3.4e+38 -3.4e+38 -3.4e+38 -3.4e+38 -3.4e+38 227 229 230 237 260 236 221 217 211 210 205 -3.4e+38 -3.4e+38 -3.4e+38 -3.4e+38 -3.4e+38 -3.4e+38 -3.4e+38 -3.4e+38 -3.4e+38 -3.4e+38 -3.4e+38 -3.4e+38 223 228 233 232 252 245 249 254 269 289 304 309 317 287 273 261 257 242 231 244 250 236 246 254 243 239 236 -3.4e+38 -3.4e+38
219 222 211 -3.4e+38 -3.4e+38 -3.4e+38 -3.4e+38 -3.4e+38 -3.4e+38 -3.4e+38 -3.4e+38 -3.4e+38 -3.4e+38 -3.4e+38 -3.4e+38 -3.4e+38 -3.4e+38 -3.4e+38 -3.4e+38 -3.4e+38 -3.4e+38 230 228 237 243 250 230 224 217 214 212 204 -3.4e+38 -3.4e+38 -3.4e+38 -3.4e+38 -3.4e+38 -3.4e+38 -3.4e+38 -3.4e+38 -3.4e+38 -3.4e+38 -3.4e+38 -3.4e+38 223 226 227 232 238 249 250 257 282 273 301 310 307 289 264 239 260 243 233 233 251 255 240 235 242 235 -3.4e+38 -3.4e+38 -3.4e+38
220 224 -3.4e+38 -3.4e+38 -3.4e+38 -3.4e+38 -3.4e+38 -3.4e+38 -3.4e+38 -3.4e+38 -3.4e+38 -3.4e+38 -3.4e+38 -3.4e+38 -3.4e+38 -3.4e+38 -3.4e+38 -3.4e+38 -3.4e+38 -3.4e+38 230 230 232 235 247 261 255 226 224 211 210 205 -3.4e+38 -3.4e+38 -3.4e+38 -3.4e+38 -3.4e+38 -3.4e+38 -3.4e+38 -3.4e+38 -3.4e+38 -3.4e+38 -3.4e+38 -3.4e+38 223 227 232 233 237 242 241 249 254 277 294 288 283 274 263 240 252 254 233 229 253 246 238 228 236 234 -3.4e+38 -3.4e+38 -3.4e+38
231 252 221 -3.4e+38 -3.4e+38 -3.4e+38 -3.4e+38 -3.4e+38 -3.4e+38 210 209 -3.4e+38 -3.4e+38 -3.4e+38 -3.4e+38 -3.4e+38 -3.4e+38 -3.4e+38 -3.4e+38 -3.4e+38 231 232 233 237 241 263 231 241 247 231 213 205 -3.4e+38 -3.4e+38 -3.4e+38 -3.4e+38 -3.4e+38 -3.4e+38 -3.4e+38 -3.4e+38 -3.4e+38 -3.4e+38 222 220 227 222 225 231 237 230 232 241 268 277 272 287 291 281 270 245 240 252 240 237 238 246 240 237 233 -3.4e+38 -3.4e+38 -3.4e+38 -3.4e+38
226 243 238 221 -3.4e+38 -3.4e+38 -3.4e+38 -3.4e+38 -3.4e+38 -3.4e+38 210 212 -3.4e+38 -3.4e+38 -3.4e+38 -3.4e+38 -3.4e+38 -3.4e+38 -3.4e+38 231 231 236 239 246 255 266 243 222 223 217 213 205 -3.4e+38 -3.4e+38 -3.4e+38 -3.4e+38 -3.4e+38 -3.4e+38 -3.4e+38 -3.4e+38 -3.4e+38 218 222 223 223 222 220 226 226 225 229 251 268 277 291 264 266 261 248 237 241 240 243 230 235 238 238 237 -3.4e+38 235 239 233 233
232 233 240 233 219 -3.4e+38 -3.4e+38 -3.4e+38 -3.4e+38 -3.4e+38 215 217 225 225 220 -3.4e+38 -3.4e+38 -3.4e+38 230 235 246 238 248 252 255 261 231 218 215 209 210 205 -3.4e+38 -3.4e+38 -3.4e+38 -3.4e+38 -3.4e+38 -3.4e+38 -3.4e+38 212 214 217 222 223 219 232 223 225 226 230 230 240 254 263 275 296 268 247 245 228 235 237 246 238 228 232 232 -3.4e+38 -3.4e+38 231 233 234 234
227 233 241 232 229 -3.4e+38 -3.4e+38 221 219 218 222 231 217 232 227 228 228 234 236 255 244 244 243 253 267 257 224 222 219 209 206 205 -3.4e+38 -3.4e+38 -3.4e+38 -3.4e+38 -3.4e+38 211 211 214 220 221 220 218 222 221 227 232 229 228 233 237 248 260 279 279 259 245 237 232 230 237 239 236 228 228 -3.4e+38 -3.4e+38 -3.4e+38 230 235 236 240
224 227 233 234 224 -3.4e+38 -3.4e+38 217 227 218 216 225 218 232 252 235 236 234 240 253 239 236 249 256 248 238 252 242 218 209 208 205 -3.4e+38 -3.4e+38 -3.4e+38 -3.4e+38 -3.4e+38 212 216 218 226 225 215 221 223 227 240 249 238 232 232 246 240 243 253 255 256 245 238 247 226 239 237 236 232 -3.4e+38 -3.4e+38 -3.4e+38 228 233 243 242 242
224 227 227 237 232 219 -3.4e+38 -3.4e+38 223 231 222 238 220 245 256 251 235 241 244 238 245 244 246 234 229 238 253 227 223 209 210 205 204 -3.4e+38 -3.4e+38 -3.4e+38 -3.4e+38 212 217 222 238 228 220 219 222 222 230 227 243 241 232 233 232 239 254 239 253 255 234 229 233 233 238 237 232 -3.4e+38 -3.4e+38 -3.4e+38 234 244 244 247 243
217 222 223 232 240 232 -3.4e+38 222 234 224 232 230 225 228 241 239 236 236 241 245 236 238 236 231 223 231 235 238 216 210 211 208 207 -3.4e+38 -3.4e+38 -3.4e+38 211 217 222 230 242 228 224 226 226 226 225 239 236 237 231 233 230 228 239 231 241 247 234 232 239 233 233 232 -3.4e+38 -3.4e+38 -3.4e+38 227 230 237 250 248 250
217 214 229 231 248 242 224 232 231 224 233 239 226 224 228 232 233 236 238 235 232 228 233 226 225 224 227 224 217 214 212 211 212 207 -3.4e+38 209 213 219 226 234 249 234 227 227 232 229 237 232 231 237 231 228 227 233 231 228 233 233 234 230 235 234 233 -3.4e+38 -3.4e+38 -3.4e+38 -3.4e+38 227 228 233 251 253 259
212 222 223 235 242 236 232 241 231 227 231 240 232 233 234 227 232 234 230 227 224 223 227 224 223 223 222 223 218 215 215 212 213 209 -3.4e+38 209 214 219 228 235 250 237 225 227 228 237 236 233 232 232 232 231 231 239 233 230 229 233 234 232 230 231 -3.4e+38 -3.4e+38 -3.4e+38 -3.4e+38 224 226 241 235 258 262 256
211 222 224 229 255 239 232 238 226 223 229 233 234 235 235 236 232 234 232 237 220 222 219 218 218 219 219 220 219 218 216 213 211 212 -3.4e+38 211 214 220 225 241 235 231 230 229 229 229 232 231 232 229 230 230 231 232 232 234 229 239 231 225 231 -3.4e+38 -3.4e+38 -3.4e+38 -3.4e+38 -3.4e+38 227 240 236 244 250 262 261
220 222 214 223 238 240 232 227 220 233 227 235 241 235 234 235 236 237 237 235 236 235 222 218 218 217 215 220 217 216 214 214 213 212 -3.4e+38 212 216 221 226 234 229 228 229 228 227 227 227 228 229 229 229 229 231 232 230 230 230 233 229 228 226 -3.4e+38 -3.4e+38 -3.4e+38 -3.4e+38 225 228 241 239 239 247 253 254
213 214 222 221 232 235 232 217 221 217 245 247 241 236 230 236 236 237 238 243 244 235 226 222 217 221 220 220 220 218 217 218 216 214 -3.4e+38 212 217 221 225 231 230 228 230 228 228 227 228 229 228 227 228 228 229 231 230 229 229 229 229 226 -3.4e+38 -3.4e+38 -3.4e+38 -3.4e+38 226 226 229 243 232 239 242 247 247
211 212 214 222 223 224 229 218 218 215 226 240 241 234 229 235 236 237 240 247 238 235 229 223 223 221 220 225 221 220 221 218 218 217 -3.4e+38 -3.4e+38 217 221 224 227 227 227 227 227 227 227 227 227 228 226 228 226 228 229 228 226 226 226 227 226 -3.4e+38 -3.4e+38 -3.4e+38 -3.4e+38 226 228 228 225 229 236 239 244 245
206 211 213 221 215 222 224 218 211 218 231 240 233 227 232 234 235 237 242 250 243 238 235 231 228 224 223 224 223 222 221 219 219 -3.4e+38 -3.4e+38 -3.4e+38 219 222 224 225 225 226 226 226 227 228 228 227 227 226 226 226 226 227 228 226 225 226 224 -3.4e+38 226 225 -3.4e+38 227 225 226 235 245 237 236 240 244 242
201 210 212 220 222 209 215 211 208 224 224 234 231 225 229 232 237 243 246 249 240 242 234 231 228 223 224 224 222 221 221 -3.4e+38 -3.4e+38 -3.4e+38 -3.4e+38 -3.4e+38 -3.4e+38 224 225 226 226 228 228 227 228 227 227 226 227 225 224 224 224 225 226 220 223 223 -3.4e+38 226 226 227 230 230 228 230 239 237 236 234 237 238 241
202 209 210 214 212 213 222 211 206 220 220 232 226 227 229 230 233 238 254 242 236 230 229 224 226 225 224 224 224 224 -3.4e+38 -3.4e+38 -3.4e+38 -3.4e+38 -3.4e+38 -3.4e+38 -3.4e+38 -3.4e+38 -3.4e+38 -3.4e+38 -3.4e+38 -3.4e+38 228 228 228 228 227 226 225 223 222 223 221 223 218 218 217 -3.4e+38 223 224 234 234 239 245 228 227 233 233 239 235 234 235 239
201 202 201 213 211 210 211 208 206 214 219 219 219 227 226 229 232 238 243 238 236 238 235 230 226 225 -3.4e+38 225 -3.4e+38 -3.4e+38 -3.4e+38 -3.4e+38 -3.4e+38 -3.4e+38 -3.4e+38 -3.4e+38 -3.4e+38 -3.4e+38 -3.4e+38 -3.4e+38 -3.4e+38 -3.4e+38 -3.4e+38 -3.4e+38 -3.4e+38 -3.4e+38 -3.4e+38 228 227 226 225 223 222 222 218 219 -3.4e+38 225 221 223 231 244 264 279 246 235 229 244 240 248 243 238 238
199 197 203 210 209 205 212 204 211 217 213 213 221 223 226 229 230 237 235 235 234 232 231 228 224 225 -3.4e+38 -3.4e+38 -3.4e+38 -3.4e+38 -3.4e+38 -3.4e+38 -3.4e+38 -3.4e+38 -3.4e+38 -3.4e+38 -3.4e+38 -3.4e+38 -3.4e+38 -3.4e+38 231 231 231 231 231 231 231 230 229 229 227 225 225 224 221 -3.4e+38 226 225 225 264 226 256 277 298 252 229 247 238 249 252 246 240 239
196 195 203 207 204 204 206 206 212 217 212 213 218 225 226 227 231 234 235 234 233 230 228 227 223 225 226 -3.4e+38 -3.4e+38 -3.4e+38 -3.4e+38 -3.4e+38 -3.4e+38 -3.4e+38 -3.4e+38 -3.4e+38 -3.4e+38 -3.4e+38 -3.4e+38 -3.4e+38 231 232 232 233 233 234 234 233 232 230 228 228 228 -3.4e+38 -3.4e+38 223 226 240 250 248 245 235 263 249 269 231 240 244 242 243 244 241 240
196 200 201 203 199 201 207 206 208 207 208 227 222 224 224 226 230 232 236 235 234 230 229 228 224 228 -3.4e+38 -3.4e+38 -3.4e+38 -3.4e+38 -3.4e+38 -3.4e+38 -3.4e+38 -3.4e+38 -3.4e+38 -3.4e+38 -3.4e+38 -3.4e+38 -3.4e+38 -3.4e+38 -3.4e+38 233 233 234 235 236 236 235 -3.4e+38 -3.4e+38 -3.4e+38 -3.4e+38 -3.4e+38 228 234 220 226 240 249 248 244 238 254 257 241 235 242 246 245 245 243 243 241
192 194 198 195 197 206 206 205 213 213 215 221 223 224 227 225 229 231 232 236 234 232 228 227 228 228 -3.4e+38 -3.4e+38 -3.4e+38 -3.4e+38 -3.4e+38 -3.4e+38 -3.4e+38 -3.4e+38 -3.4e+38 -3.4e+38 -3.4e+38 -3.4e+38 -3.4e+38 -3.4e+38 -3.4e+38 -3.4e+38 -3.4e+38 235 236 -3.4e+38 -3.4e+38 -3.4e+38 -3.4e+38 -3.4e+38 -3.4e+38 -3.4e+38 -3.4e+38 228 233 225 232 267 287 273 258 249 264 258 249 245 239 248 248 249 247 243 242
-3.4e+38 -3.4e+38 -3.4e+38 195 196 197 205 210 212 211 219 219 222 223 225 229 232 232 232 230 229 229 230 229 230 230 233 -3.4e+38 -3.4e+38 -3.4e+38 -3.4e+38 -3.4e+38 -3.4e+38 -3.4e+38 -3.4e+38 -3.4e+38 -3.4e+38 -3.4e+38 -3.4e+38 -3.4e+38 -3.4e+38 -3.4e+38 -3.4e+38 -3.4e+38 -3.4e+38 -3.4e+38 -3.4e+38 -3.4e+38 -3.4e+38 -3.4e+38 -3.4e+38 -3.4e+38 233 228 233 232 254 261 278 291 271 277 259 249 258 250 248 250 250 254 -3.4e+38 -3.4e+38 -3.4e+38
