data/bioclim/PPT_wt1.asc
NCOLS 391 
NROWS 575 
XLLCORNER -1773000 
YLLCORNER 4368000 
CELLSIZE 1000 
NODATA_value -3.4e+38 
[rows 330 to 362 of 575, columns 148 to 221 of 391]
92 91 91 94 93 92 95 98 97 97 96 83 87 89 92 85 83 84 85 89 88 90 88 88 88 -3.4e+38 -3.4e+38 -3.4e+38 -3.4e+38 -3.4e+38 -3.4e+38 -3.4e+38 -3.4e+38 -3.4e+38 -3.4e+38 -3.4e+38 -3.4e+38 -3.4e+38 83 83 84 86 87 87 88 90 92 93 -3.4e+38 -3.4e+38 96 97 100 99 101 104 113 117 121 120 117 116 114 112 113 109 106 107 105 103 -3.4e+38 -3.4e+38 103 101
99 99 93 94 91 90 92 -3.4e+38 97 94 90 83 88 87 87 87 88 87 91 93 89 87 87 86 -3.4e+38 -3.4e+38 -3.4e+38 -3.4e+38 -3.4e+38 -3.4e+38 -3.4e+38 -3.4e+38 -3.4e+38 -3.4e+38 -3.4e+38 -3.4e+38 80 81 82 85 87 93 89 89 89 91 94 93 -3.4e+38 -3.4e+38 96 99 100 100 103 106 110 113 118 124 118 114 114 109 109 108 105 105 104 -3.4e+38 -3.4e+38 -3.4e+38 105 105
110 112 100 99 100 93 97 -3.4e+38 92 91 90 88 85 84 84 86 88 91 95 94 91 89 88 -3.4e+38 -3.4e+38 -3.4e+38 -3.4e+38 -3.4e+38 -3.4e+38 -3.4e+38 -3.4e+38 -3.4e+38 -3.4e+38 -3.4e+38 -3.4e+38 81 83 83 86 89 94 95 92 91 91 93 93 94 96 -3.4e+38 96 97 100 100 102 119 110 110 114 124 122 113 110 109 109 108 107 104 -3.4e+38 -3.4e+38 -3.4e+38 -3.4e+38 108 108
136 128 107 103 100 92 -3.4e+38 -3.4e+38 -3.4e+38 91 91 89 -3.4e+38 -3.4e+38 84 89 90 91 95 95 91 91 88 -3.4e+38 -3.4e+38 -3.4e+38 -3.4e+38 -3.4e+38 -3.4e+38 -3.4e+38 -3.4e+38 -3.4e+38 -3.4e+38 -3.4e+38 -3.4e+38 85 87 92 92 94 96 96 95 93 94 93 94 95 -3.4e+38 -3.4e+38 -3.4e+38 96 97 101 102 108 109 110 111 117 113 111 109 108 108 -3.4e+38 -3.4e+38 -3.4e+38 -3.4e+38 -3.4e+38 -3.4e+38 105 107 110
124 134 117 107 105 94 -3.4e+38 -3.4e+38 -3.4e+38 -3.4e+38 -3.4e+38 -3.4e+38 -3.4e+38 -3.4e+38 85 87 88 92 94 96 94 89 88 -3.4e+38 -3.4e+38 -3.4e+38 -3.4e+38 -3.4e+38 -3.4e+38 -3.4e+38 -3.4e+38 -3.4e+38 -3.4e+38 -3.4e+38 -3.4e+38 87 88 94 91 96 97 101 99 94 95 94 95 -3.4e+38 -3.4e+38 -3.4e+38 -3.4e+38 97 98 100 102 106 109 109 112 118 111 112 110 108 107 -3.4e+38 106 105 105 -3.4e+38 -3.4e+38 105 106 106
124 121 118 108 107 97 -3.4e+38 -3.4e+38 -3.4e+38 -3.4e+38 -3.4e+38 -3.4e+38 -3.4e+38 -3.4e+38 85 86 89 92 93 95 92 89 88 85 -3.4e+38 -3.4e+38 -3.4e+38 -3.4e+38 -3.4e+38 -3.4e+38 -3.4e+38 -3.4e+38 -3.4e+38 -3.4e+38 -3.4e+38 89 88 89 91 95 100 99 102 97 95 95 -3.4e+38 -3.4e+38 -3.4e+38 -3.4e+38 -3.4e+38 97 98 100 103 106 108 113 111 118 111 109 109 108 -3.4e+38 -3.4e+38 105 105 106 -3.4e+38 -3.4e+38 106 106 106
108 121 114 107 94 89 89 -3.4e+38 -3.4e+38 -3.4e+38 -3.4e+38 -3.4e+38 -3.4e+38 -3.4e+38 85 85 89 91 97 97 95 92 88 85 -3.4e+38 -3.4e+38 -3.4e+38 -3.4e+38 -3.4e+38 -3.4e+38 -3.4e+38 -3.4e+38 -3.4e+38 -3.4e+38 90 96 97 95 93 98 103 104 99 96 96 94 -3.4e+38 -3.4e+38 -3.4e+38 -3.4e+38 -3.4e+38 -3.4e+38 98 101 104 107 107 107 112 114 115 109 107 107 -3.4e+38 106 105 105 107 107 -3.4e+38 -3.4e+38 107 107
116 115 115 101 96 96 92 89 -3.4e+38 -3.4e+38 -3.4e+38 -3.4e+38 -3.4e+38 -3.4e+38 86 87 88 89 98 99 99 93 89 86 83 -3.4e+38 -3.4e+38 -3.4e+38 -3.4e+38 -3.4e+38 -3.4e+38 -3.4e+38 -3.4e+38 89 91 97 106 97 98 105 107 106 97 97 96 95 -3.4e+38 -3.4e+38 -3.4e+38 -3.4e+38 -3.4e+38 -3.4e+38 98 101 103 104 105 106 109 115 112 109 109 -3.4e+38 -3.4e+38 107 106 107 108 109 -3.4e+38 -3.4e+38 -3.4e+38 107
105 103 101 97 104 106 95 87 -3.4e+38 -3.4e+38 -3.4e+38 -3.4e+38 -3.4e+38 -3.4e+38 86 86 86 87 91 93 90 91 86 84 83 82 82 -3.4e+38 86 86 -3.4e+38 -3.4e+38 -3.4e+38 93 99 96 100 105 99 99 98 106 102 98 97 -3.4e+38 94 -3.4e+38 -3.4e+38 -3.4e+38 -3.4e+38 -3.4e+38 99 101 103 104 105 109 110 115 112 109 109 -3.4e+38 -3.4e+38 107 107 108 110 109 -3.4e+38 -3.4e+38 -3.4e+38 -3.4e+38
121 109 101 101 109 97 95 87 89 -3.4e+38 -3.4e+38 -3.4e+38 -3.4e+38 -3.4e+38 86 86 85 85 86 86 86 88 86 84 83 86 83 86 88 90 -3.4e+38 -3.4e+38 89 93 97 105 100 101 99 99 99 109 100 100 96 95 96 -3.4e+38 -3.4e+38 -3.4e+38 -3.4e+38 -3.4e+38 98 100 100 104 106 109 109 115 110 110 108 -3.4e+38 -3.4e+38 107 107 108 108 108 109 -3.4e+38 -3.4e+38 -3.4e+38
109 105 97 96 96 93 93 90 90 91 -3.4e+38 -3.4e+38 -3.4e+38 -3.4e+38 85 85 86 85 86 88 89 91 87 85 87 85 87 89 89 -3.4e+38 -3.4e+38 -3.4e+38 92 97 106 99 99 98 98 99 102 105 101 101 97 97 97 -3.4e+38 -3.4e+38 -3.4e+38 -3.4e+38 -3.4e+38 -3.4e+38 -3.4e+38 101 105 106 110 114 119 111 108 109 -3.4e+38 106 106 107 109 109 109 109 110 111 -3.4e+38
96 98 93 95 97 98 93 91 90 -3.4e+38 -3.4e+38 -3.4e+38 -3.4e+38 86 87 87 87 87 88 92 92 91 89 90 90 89 89 92 92 89 -3.4e+38 -3.4e+38 94 99 100 101 100 99 98 100 100 100 101 101 97 98 98 -3.4e+38 -3.4e+38 -3.4e+38 -3.4e+38 -3.4e+38 100 102 105 104 108 110 123 117 111 109 109 108 106 106 107 107 109 109 110 111 112 111
98 94 92 92 95 93 94 91 -3.4e+38 -3.4e+38 -3.4e+38 -3.4e+38 88 88 90 92 96 92 90 92 93 93 94 92 93 90 97 98 105 102 89 92 95 101 102 99 100 99 99 97 101 101 101 101 99 97 97 -3.4e+38 -3.4e+38 -3.4e+38 -3.4e+38 -3.4e+38 100 103 103 106 107 112 119 117 111 109 107 108 108 107 107 108 109 109 111 111 112 112
104 100 100 94 -3.4e+38 93 92 90 -3.4e+38 -3.4e+38 -3.4e+38 -3.4e+38 89 89 91 94 97 95 99 104 102 97 102 104 97 91 93 100 105 101 92 97 100 95 101 97 100 101 100 96 96 101 101 102 98 98 96 -3.4e+38 -3.4e+38 -3.4e+38 -3.4e+38 -3.4e+38 101 101 104 106 107 115 121 117 110 112 107 105 108 108 109 110 110 111 111 112 111 112
101 99 99 95 -3.4e+38 91 93 -3.4e+38 -3.4e+38 -3.4e+38 -3.4e+38 90 90 94 98 102 99 104 106 109 113 103 113 106 98 97 96 107 103 101 96 94 102 103 96 100 102 101 98 96 98 102 99 99 99 99 96 -3.4e+38 -3.4e+38 -3.4e+38 -3.4e+38 -3.4e+38 102 102 102 103 108 112 120 121 111 107 105 105 111 108 109 111 111 112 113 111 112 113
98 97 95 97 -3.4e+38 94 92 -3.4e+38 -3.4e+38 -3.4e+38 91 92 94 100 103 102 109 117 128 120 114 106 114 98 111 112 112 105 103 100 97 97 96 103 103 104 102 101 102 97 99 100 102 98 97 97 95 -3.4e+38 -3.4e+38 -3.4e+38 -3.4e+38 -3.4e+38 101 102 103 104 110 112 118 112 106 107 106 108 111 108 108 109 110 114 114 111 110 112
100 101 95 96 -3.4e+38 -3.4e+38 -3.4e+38 -3.4e+38 -3.4e+38 93 97 100 99 101 96 99 107 120 128 118 113 106 115 100 115 117 120 112 104 100 97 98 105 104 110 105 103 101 99 97 100 98 102 99 97 96 97 97 -3.4e+38 -3.4e+38 -3.4e+38 -3.4e+38 101 102 101 108 112 113 121 112 107 106 106 105 108 111 111 110 111 115 115 116 113 112
96 99 98 93 -3.4e+38 90 91 89 94 98 97 100 114 109 111 101 111 125 129 123 112 108 105 102 115 127 117 112 104 103 98 101 105 112 112 109 103 101 98 96 99 99 98 96 95 95 -3.4e+38 -3.4e+38 -3.4e+38 -3.4e+38 -3.4e+38 -3.4e+38 101 100 102 104 109 109 113 113 106 105 103 109 112 111 108 110 112 113 115 115 113 113
98 94 95 -3.4e+38 95 95 95 95 100 106 106 102 104 121 110 101 110 114 120 121 114 115 112 105 111 119 112 106 104 106 109 104 103 105 119 113 104 102 99 97 98 96 98 95 -3.4e+38 -3.4e+38 -3.4e+38 -3.4e+38 -3.4e+38 -3.4e+38 -3.4e+38 -3.4e+38 100 100 101 104 107 109 112 109 105 103 101 103 113 113 112 109 110 112 113 116 114 113
98 95 97 94 97 96 95 96 100 99 101 115 117 122 116 110 109 111 119 128 120 128 117 111 119 117 112 112 104 113 121 117 105 105 110 118 105 111 104 98 97 96 97 96 -3.4e+38 -3.4e+38 -3.4e+38 -3.4e+38 -3.4e+38 -3.4e+38 -3.4e+38 -3.4e+38 -3.4e+38 100 104 104 115 115 109 106 106 102 101 102 106 105 109 111 112 116 115 116 114 113
98 95 -3.4e+38 95 95 98 98 104 108 109 102 112 123 129 116 115 114 109 122 128 121 112 113 117 113 112 112 115 115 118 123 114 103 112 120 113 111 109 105 104 100 97 97 97 -3.4e+38 -3.4e+38 -3.4e+38 -3.4e+38 -3.4e+38 -3.4e+38 -3.4e+38 -3.4e+38 -3.4e+38 105 106 110 119 121 110 106 103 102 101 105 104 117 121 115 112 112 113 114 118 114
98 -3.4e+38 96 98 98 100 103 105 108 108 102 112 115 130 122 126 122 122 133 125 119 124 127 117 119 120 117 118 117 123 113 106 103 106 107 107 115 118 116 106 103 99 98 99 95 -3.4e+38 -3.4e+38 -3.4e+38 -3.4e+38 -3.4e+38 -3.4e+38 -3.4e+38 103 106 106 111 122 131 117 107 106 104 103 105 114 118 118 115 113 113 113 114 118 118
99 -3.4e+38 96 95 99 101 106 109 104 108 114 107 112 136 141 140 129 137 134 123 121 127 123 127 125 119 126 112 123 118 115 106 104 106 110 113 116 118 116 108 103 101 100 97 95 -3.4e+38 -3.4e+38 -3.4e+38 -3.4e+38 -3.4e+38 -3.4e+38 -3.4e+38 104 107 107 111 121 131 129 105 102 101 105 106 108 112 110 111 115 116 116 116 121 118
96 96 98 99 101 102 100 101 105 109 110 117 132 141 143 135 129 129 129 129 128 124 123 124 120 115 111 112 112 113 111 106 105 106 112 111 124 123 116 109 110 104 100 99 95 -3.4e+38 -3.4e+38 -3.4e+38 -3.4e+38 -3.4e+38 -3.4e+38 -3.4e+38 105 107 107 111 130 127 112 103 101 103 103 107 106 108 109 111 116 118 122 117 116 114
-3.4e+38 97 99 100 103 102 107 110 109 114 115 130 137 137 142 135 133 126 129 124 121 120 121 120 120 114 108 110 109 112 112 107 108 113 109 109 118 121 112 109 106 101 103 102 94 -3.4e+38 -3.4e+38 -3.4e+38 -3.4e+38 -3.4e+38 -3.4e+38 -3.4e+38 102 107 111 115 121 121 114 108 102 103 109 107 104 110 113 114 117 123 121 119 116 114
-3.4e+38 99 100 101 104 106 110 113 109 111 121 133 140 136 135 132 122 130 126 128 118 118 121 120 118 112 114 110 108 113 113 107 108 110 109 107 107 112 112 108 103 100 103 99 95 -3.4e+38 -3.4e+38 -3.4e+38 -3.4e+38 -3.4e+38 -3.4e+38 -3.4e+38 103 107 110 115 116 118 112 107 102 102 105 103 107 109 114 118 117 119 121 124 119 115
98 100 101 102 101 108 105 109 113 111 117 134 135 134 130 121 119 129 124 120 118 116 123 115 117 118 115 109 108 113 111 111 111 111 111 107 105 108 105 108 105 102 107 102 -3.4e+38 -3.4e+38 -3.4e+38 -3.4e+38 -3.4e+38 -3.4e+38 -3.4e+38 -3.4e+38 104 106 107 111 111 112 108 102 100 103 103 102 103 107 109 116 118 123 118 121 119 113
99 99 100 101 101 102 106 111 114 122 139 145 139 127 126 139 132 129 122 125 122 119 122 121 122 119 115 113 110 114 113 112 111 111 111 111 111 111 105 109 103 102 104 102 -3.4e+38 -3.4e+38 -3.4e+38 -3.4e+38 -3.4e+38 -3.4e+38 -3.4e+38 -3.4e+38 102 105 107 106 116 108 103 103 99 100 101 102 103 107 109 111 115 117 119 117 114 110
103 103 104 104 103 106 107 106 112 121 144 136 134 131 129 123 123 118 116 116 113 115 114 116 116 120 116 115 115 111 113 111 112 111 111 111 111 120 117 106 104 102 103 98 -3.4e+38 -3.4e+38 -3.4e+38 -3.4e+38 -3.4e+38 -3.4e+38 -3.4e+38 -3.4e+38 102 104 106 105 107 107 107 99 107 103 103 104 103 107 108 110 112 115 115 116 114 114
100 102 103 102 104 102 104 107 112 119 132 140 134 135 122 135 133 115 123 123 122 116 119 112 117 120 120 115 110 110 110 110 112 112 112 111 111 123 127 112 102 98 99 99 94 -3.4e+38 -3.4e+38 -3.4e+38 -3.4e+38 -3.4e+38 -3.4e+38 -3.4e+38 102 102 102 102 102 108 103 99 104 103 106 108 107 107 109 111 110 114 116 117 118 120
101 101 103 103 102 101 102 104 113 119 125 138 128 139 137 130 124 125 119 115 115 116 110 114 112 119 116 110 108 111 110 113 112 112 112 112 112 114 110 108 106 102 98 99 98 -3.4e+38 -3.4e+38 -3.4e+38 -3.4e+38 -3.4e+38 -3.4e+38 -3.4e+38 102 101 102 100 100 104 103 98 107 108 108 106 106 108 111 112 114 113 116 119 118 115
102 105 106 103 106 105 102 104 108 120 135 148 135 141 144 141 124 123 122 117 113 116 111 112 110 114 112 111 110 110 109 114 114 113 112 112 112 107 110 105 104 102 99 100 94 -3.4e+38 -3.4e+38 -3.4e+38 -3.4e+38 -3.4e+38 -3.4e+38 -3.4e+38 -3.4e+38 102 103 97 101 99 99 98 106 107 107 104 104 108 110 110 113 114 115 116 119 122
104 106 105 106 105 105 104 108 112 116 117 127 136 129 137 130 141 128 117 112 116 112 115 115 115 111 111 110 108 110 108 114 114 117 111 110 106 106 105 105 106 99 99 99 94 -3.4e+38 -3.4e+38 -3.4e+38 -3.4e+38 -3.4e+38 -3.4e+38 -3.4e+38 -3.4e+38 -3.4e+38 97 95 98 97 96 99 99 112 101 108 107 109 109 111 114 113 116 117 119 122
