data/bioclim/PPT_sm1.asc
NCOLS 391 
NROWS 575 
XLLCORNER -1773000 
YLLCORNER 4368000 
CELLSIZE 1000 
NODATA_value -3.4e+38 
[rows 352 to 383 of 575, columns 73 to 145 of 391]
-3.4e+38 -3.4e+38 -3.4e+38 -3.4e+38 -3.4e+38 -3.4e+38 -3.4e+38 -3.4e+38 -3.4e+38 -3.4e+38 -3.4e+38 -3.4e+38 -3.4e+38 -3.4e+38 -3.4e+38 -3.4e+38 291 292 297 298 302 297 297 296 -3.4e+38 296 294 295 296 302 305 315 317 319 319 321 322 324 327 326 330 333 334 330 328 328 328 329 331 331 329 332 328 327 323 325 329 325 323 321 322 321 320 322 318 316 314 -3.4e+38 -3.4e+38 -3.4e+38 312 307 305
-3.4e+38 -3.4e+38 -3.4e+38 -3.4e+38 -3.4e+38 -3.4e+38 -3.4e+38 -3.4e+38 -3.4e+38 -3.4e+38 -3.4e+38 -3.4e+38 -3.4e+38 -3.4e+38 -3.4e+38 -3.4e+38 290 294 299 309 302 296 296 297 -3.4e+38 295 296 297 297 302 305 310 313 319 324 321 323 326 328 330 331 334 334 331 330 327 327 326 329 330 330 328 327 328 329 326 326 328 323 323 323 323 323 319 315 315 -3.4e+38 -3.4e+38 -3.4e+38 -3.4e+38 -3.4e+38 -3.4e+38 -3.4e+38
-3.4e+38 -3.4e+38 -3.4e+38 -3.4e+38 -3.4e+38 -3.4e+38 -3.4e+38 -3.4e+38 -3.4e+38 -3.4e+38 -3.4e+38 -3.4e+38 -3.4e+38 -3.4e+38 -3.4e+38 -3.4e+38 292 299 307 304 306 297 295 295 -3.4e+38 293 295 294 295 300 304 307 313 317 317 320 319 326 326 325 324 334 339 342 333 327 328 325 328 329 331 329 327 325 330 330 326 326 327 326 326 325 322 320 313 314 313 -3.4e+38 -3.4e+38 -3.4e+38 -3.4e+38 -3.4e+38 -3.4e+38
-3.4e+38 -3.4e+38 -3.4e+38 -3.4e+38 -3.4e+38 -3.4e+38 -3.4e+38 -3.4e+38 -3.4e+38 -3.4e+38 -3.4e+38 -3.4e+38 -3.4e+38 -3.4e+38 -3.4e+38 298 293 300 298 299 306 302 297 295 -3.4e+38 292 292 296 295 302 305 314 312 312 314 316 317 319 324 325 329 327 331 334 330 328 328 328 327 329 331 332 329 324 325 327 330 326 323 326 323 322 322 317 317 314 316 311 -3.4e+38 -3.4e+38 -3.4e+38 -3.4e+38 -3.4e+38
-3.4e+38 -3.4e+38 -3.4e+38 -3.4e+38 -3.4e+38 -3.4e+38 -3.4e+38 -3.4e+38 -3.4e+38 -3.4e+38 -3.4e+38 -3.4e+38 -3.4e+38 -3.4e+38 -3.4e+38 298 297 306 298 300 298 297 297 -3.4e+38 292 290 295 298 305 308 310 313 315 317 319 324 316 318 321 325 336 330 334 335 331 328 329 329 327 327 330 329 327 326 327 327 323 322 322 327 322 323 322 312 312 307 316 311 -3.4e+38 -3.4e+38 -3.4e+38 -3.4e+38 -3.4e+38
-3.4e+38 -3.4e+38 -3.4e+38 -3.4e+38 -3.4e+38 -3.4e+38 -3.4e+38 -3.4e+38 -3.4e+38 -3.4e+38 -3.4e+38 -3.4e+38 -3.4e+38 300 313 305 306 308 313 292 296 302 302 -3.4e+38 -3.4e+38 -3.4e+38 296 298 306 311 315 313 320 327 323 327 320 319 323 328 336 335 335 335 336 332 332 331 328 325 328 327 324 330 331 329 327 322 324 318 319 316 312 309 308 308 311 311 -3.4e+38 -3.4e+38 -3.4e+38 -3.4e+38 -3.4e+38
-3.4e+38 -3.4e+38 -3.4e+38 -3.4e+38 -3.4e+38 -3.4e+38 -3.4e+38 -3.4e+38 -3.4e+38 -3.4e+38 -3.4e+38 -3.4e+38 302 309 305 305 306 295 297 283 293 295 294 288 -3.4e+38 -3.4e+38 289 302 304 318 319 324 322 327 323 329 328 321 321 321 328 333 335 339 336 335 330 332 330 327 323 327 323 327 331 328 326 323 323 323 326 316 315 313 311 308 308 308 -3.4e+38 -3.4e+38 -3.4e+38 -3.4e+38 -3.4e+38
-3.4e+38 -3.4e+38 -3.4e+38 -3.4e+38 -3.4e+38 -3.4e+38 -3.4e+38 -3.4e+38 -3.4e+38 -3.4e+38 -3.4e+38 287 293 292 303 300 299 295 295 284 290 290 291 289 -3.4e+38 287 288 297 311 318 311 327 326 327 323 326 331 325 327 329 324 328 339 336 336 334 333 330 330 329 325 322 323 331 330 331 328 327 326 323 322 325 321 317 312 308 307 307 -3.4e+38 -3.4e+38 -3.4e+38 -3.4e+38 -3.4e+38
-3.4e+38 -3.4e+38 -3.4e+38 -3.4e+38 -3.4e+38 -3.4e+38 -3.4e+38 -3.4e+38 -3.4e+38 -3.4e+38 -3.4e+38 -3.4e+38 -3.4e+38 -3.4e+38 -3.4e+38 294 294 300 295 293 293 292 291 -3.4e+38 -3.4e+38 288 289 302 302 305 310 325 327 319 322 326 327 335 329 330 331 336 337 334 336 336 333 330 329 328 328 328 323 328 328 331 332 327 327 323 323 323 313 314 310 308 308 307 -3.4e+38 -3.4e+38 -3.4e+38 -3.4e+38 -3.4e+38
-3.4e+38 -3.4e+38 -3.4e+38 -3.4e+38 -3.4e+38 -3.4e+38 -3.4e+38 -3.4e+38 -3.4e+38 -3.4e+38 -3.4e+38 -3.4e+38 -3.4e+38 -3.4e+38 -3.4e+38 -3.4e+38 301 302 304 295 292 291 288 -3.4e+38 -3.4e+38 286 288 294 305 306 307 318 315 316 318 323 327 327 331 331 335 335 335 337 332 333 333 333 329 324 323 323 320 324 328 331 332 327 323 328 328 316 323 325 322 310 309 308 -3.4e+38 -3.4e+38 -3.4e+38 -3.4e+38 -3.4e+38
-3.4e+38 -3.4e+38 -3.4e+38 -3.4e+38 -3.4e+38 -3.4e+38 -3.4e+38 -3.4e+38 -3.4e+38 -3.4e+38 -3.4e+38 -3.4e+38 -3.4e+38 -3.4e+38 290 292 293 295 304 293 292 289 287 -3.4e+38 -3.4e+38 282 288 291 295 298 305 311 318 318 322 325 326 322 327 334 338 339 339 338 333 327 325 328 326 324 323 324 320 320 320 324 329 322 317 319 328 321 332 328 323 313 311 308 -3.4e+38 -3.4e+38 -3.4e+38 -3.4e+38 -3.4e+38
-3.4e+38 -3.4e+38 -3.4e+38 -3.4e+38 -3.4e+38 -3.4e+38 -3.4e+38 -3.4e+38 -3.4e+38 -3.4e+38 -3.4e+38 -3.4e+38 -3.4e+38 -3.4e+38 290 286 283 282 290 292 289 286 287 281 -3.4e+38 283 285 289 305 317 310 313 315 317 322 319 319 330 334 333 337 339 348 338 336 335 334 327 328 327 328 324 328 324 320 323 328 323 317 318 322 320 322 328 321 313 312 311 -3.4e+38 -3.4e+38 -3.4e+38 -3.4e+38 -3.4e+38
-3.4e+38 -3.4e+38 -3.4e+38 -3.4e+38 -3.4e+38 -3.4e+38 -3.4e+38 -3.4e+38 -3.4e+38 -3.4e+38 -3.4e+38 -3.4e+38 -3.4e+38 -3.4e+38 287 297 304 282 288 287 288 292 286 284 -3.4e+38 285 293 298 310 307 318 313 311 317 322 325 322 327 338 342 342 339 341 343 336 337 341 336 342 334 332 336 335 332 328 322 328 322 318 313 324 323 315 319 312 313 312 311 -3.4e+38 -3.4e+38 -3.4e+38 -3.4e+38 304
-3.4e+38 -3.4e+38 -3.4e+38 -3.4e+38 -3.4e+38 -3.4e+38 -3.4e+38 -3.4e+38 -3.4e+38 -3.4e+38 -3.4e+38 -3.4e+38 -3.4e+38 -3.4e+38 293 308 306 297 291 292 297 286 283 -3.4e+38 -3.4e+38 282 292 298 306 302 307 305 305 305 317 322 322 322 338 331 339 346 350 344 337 332 333 342 336 331 329 336 336 332 332 320 316 316 314 318 318 318 320 313 316 310 310 311 -3.4e+38 -3.4e+38 -3.4e+38 -3.4e+38 306
-3.4e+38 -3.4e+38 -3.4e+38 -3.4e+38 -3.4e+38 -3.4e+38 -3.4e+38 -3.4e+38 -3.4e+38 -3.4e+38 -3.4e+38 -3.4e+38 -3.4e+38 -3.4e+38 296 297 292 289 291 296 296 291 284 279 -3.4e+38 282 287 293 301 300 299 298 308 311 318 312 326 330 330 332 340 345 350 344 337 337 337 339 335 335 331 328 329 328 328 324 324 319 316 319 313 314 318 316 311 310 309 308 -3.4e+38 -3.4e+38 -3.4e+38 -3.4e+38 306
-3.4e+38 -3.4e+38 -3.4e+38 -3.4e+38 -3.4e+38 -3.4e+38 -3.4e+38 -3.4e+38 -3.4e+38 -3.4e+38 -3.4e+38 -3.4e+38 -3.4e+38 -3.4e+38 -3.4e+38 290 294 293 294 295 296 291 287 283 -3.4e+38 280 287 291 290 292 296 303 302 306 312 319 323 322 334 333 343 339 345 337 336 334 329 331 335 331 331 335 331 323 322 323 324 326 319 310 314 314 317 316 313 312 308 -3.4e+38 -3.4e+38 -3.4e+38 -3.4e+38 -3.4e+38 306
-3.4e+38 -3.4e+38 -3.4e+38 -3.4e+38 -3.4e+38 -3.4e+38 -3.4e+38 -3.4e+38 -3.4e+38 -3.4e+38 -3.4e+38 -3.4e+38 -3.4e+38 -3.4e+38 -3.4e+38 300 294 294 296 295 291 289 284 280 -3.4e+38 285 284 285 294 298 302 297 299 306 312 312 321 327 329 334 329 332 347 339 337 330 336 335 331 324 335 336 329 328 321 321 323 323 323 317 312 312 314 316 313 313 309 -3.4e+38 -3.4e+38 -3.4e+38 -3.4e+38 -3.4e+38 305
-3.4e+38 -3.4e+38 -3.4e+38 -3.4e+38 -3.4e+38 -3.4e+38 -3.4e+38 -3.4e+38 -3.4e+38 -3.4e+38 -3.4e+38 -3.4e+38 -3.4e+38 -3.4e+38 -3.4e+38 295 301 298 299 295 288 290 287 281 -3.4e+38 280 281 284 290 300 296 294 298 305 313 312 314 328 319 324 332 332 336 343 337 334 330 329 329 323 328 328 324 326 326 323 323 319 314 313 308 308 309 314 313 310 309 -3.4e+38 -3.4e+38 -3.4e+38 -3.4e+38 -3.4e+38 305
-3.4e+38 -3.4e+38 -3.4e+38 -3.4e+38 -3.4e+38 -3.4e+38 -3.4e+38 -3.4e+38 -3.4e+38 -3.4e+38 -3.4e+38 -3.4e+38 -3.4e+38 -3.4e+38 -3.4e+38 293 307 299 302 296 293 291 287 281 -3.4e+38 281 281 282 289 289 294 303 310 308 317 322 321 320 324 326 329 333 338 331 332 330 331 331 328 324 320 324 323 322 318 325 325 322 314 313 313 310 308 310 312 311 -3.4e+38 -3.4e+38 -3.4e+38 -3.4e+38 -3.4e+38 -3.4e+38 306
-3.4e+38 -3.4e+38 -3.4e+38 -3.4e+38 -3.4e+38 -3.4e+38 -3.4e+38 -3.4e+38 -3.4e+38 -3.4e+38 -3.4e+38 -3.4e+38 -3.4e+38 -3.4e+38 -3.4e+38 -3.4e+38 304 295 298 300 296 292 289 286 -3.4e+38 281 280 284 289 286 296 307 310 307 308 317 315 315 321 319 322 331 330 329 328 333 327 331 325 324 324 327 326 322 314 317 322 318 314 312 311 308 308 308 309 308 -3.4e+38 -3.4e+38 -3.4e+38 -3.4e+38 -3.4e+38 303 306
-3.4e+38 -3.4e+38 -3.4e+38 -3.4e+38 -3.4e+38 -3.4e+38 -3.4e+38 -3.4e+38 -3.4e+38 -3.4e+38 -3.4e+38 -3.4e+38 -3.4e+38 -3.4e+38 -3.4e+38 -3.4e+38 -3.4e+38 -3.4e+38 297 299 294 301 287 284 -3.4e+38 -3.4e+38 286 280 283 290 299 301 309 304 305 314 315 319 324 323 328 325 329 333 334 326 330 329 330 328 325 325 322 322 321 322 318 313 319 315 313 312 307 306 305 -3.4e+38 -3.4e+38 -3.4e+38 -3.4e+38 -3.4e+38 -3.4e+38 302 305
-3.4e+38 -3.4e+38 -3.4e+38 -3.4e+38 -3.4e+38 -3.4e+38 -3.4e+38 -3.4e+38 -3.4e+38 -3.4e+38 -3.4e+38 -3.4e+38 -3.4e+38 -3.4e+38 -3.4e+38 -3.4e+38 -3.4e+38 -3.4e+38 296 297 294 295 287 284 -3.4e+38 -3.4e+38 280 282 284 290 299 295 302 300 300 305 312 323 334 329 329 329 338 335 343 329 329 326 321 323 321 323 321 321 325 320 316 318 318 318 316 313 310 307 307 -3.4e+38 -3.4e+38 -3.4e+38 -3.4e+38 -3.4e+38 -3.4e+38 -3.4e+38 303
-3.4e+38 -3.4e+38 -3.4e+38 -3.4e+38 -3.4e+38 -3.4e+38 -3.4e+38 -3.4e+38 -3.4e+38 -3.4e+38 -3.4e+38 -3.4e+38 -3.4e+38 -3.4e+38 -3.4e+38 -3.4e+38 -3.4e+38 -3.4e+38 294 298 292 291 288 -3.4e+38 -3.4e+38 -3.4e+38 278 282 287 291 296 294 297 296 305 316 312 322 323 320 324 330 328 332 336 328 330 323 317 317 326 326 326 319 319 315 312 314 318 317 317 314 313 310 -3.4e+38 -3.4e+38 -3.4e+38 -3.4e+38 -3.4e+38 -3.4e+38 -3.4e+38 -3.4e+38 -3.4e+38
-3.4e+38 -3.4e+38 -3.4e+38 -3.4e+38 -3.4e+38 -3.4e+38 -3.4e+38 -3.4e+38 -3.4e+38 -3.4e+38 -3.4e+38 -3.4e+38 -3.4e+38 -3.4e+38 -3.4e+38 -3.4e+38 -3.4e+38 -3.4e+38 294 292 286 285 284 -3.4e+38 -3.4e+38 -3.4e+38 279 281 285 290 288 293 294 298 303 308 311 316 322 322 321 329 323 327 338 332 323 323 317 316 321 327 323 320 316 311 312 312 313 312 315 314 313 310 -3.4e+38 -3.4e+38 -3.4e+38 -3.4e+38 -3.4e+38 -3.4e+38 -3.4e+38 -3.4e+38 -3.4e+38
-3.4e+38 -3.4e+38 -3.4e+38 -3.4e+38 -3.4e+38 -3.4e+38 -3.4e+38 -3.4e+38 271 -3.4e+38 -3.4e+38 -3.4e+38 -3.4e+38 -3.4e+38 -3.4e+38 288 -3.4e+38 -3.4e+38 -3.4e+38 289 287 285 291 281 279 -3.4e+38 277 279 283 285 286 288 294 298 303 307 313 312 310 314 316 317 317 320 332 334 329 321 314 314 322 325 322 318 314 313 311 308 311 312 312 312 311 -3.4e+38 -3.4e+38 -3.4e+38 -3.4e+38 -3.4e+38 -3.4e+38 -3.4e+38 -3.4e+38 -3.4e+38 -3.4e+38
-3.4e+38 -3.4e+38 -3.4e+38 -3.4e+38 -3.4e+38 -3.4e+38 -3.4e+38 -3.4e+38 263 263 269 -3.4e+38 -3.4e+38 -3.4e+38 -3.4e+38 284 288 288 -3.4e+38 287 290 287 290 294 287 -3.4e+38 278 279 281 282 287 292 295 294 295 301 302 303 306 313 310 315 320 327 331 326 319 317 314 313 314 318 323 313 313 311 311 306 308 309 310 312 310 -3.4e+38 -3.4e+38 -3.4e+38 -3.4e+38 -3.4e+38 -3.4e+38 -3.4e+38 -3.4e+38 -3.4e+38 -3.4e+38
-3.4e+38 -3.4e+38 -3.4e+38 -3.4e+38 -3.4e+38 -3.4e+38 -3.4e+38 -3.4e+38 258 263 272 270 -3.4e+38 -3.4e+38 -3.4e+38 -3.4e+38 293 295 287 292 294 286 297 299 286 278 -3.4e+38 279 282 285 287 292 291 294 302 300 304 304 305 307 315 320 326 332 332 329 328 321 316 312 311 312 314 311 311 311 308 304 305 305 306 309 -3.4e+38 -3.4e+38 -3.4e+38 -3.4e+38 -3.4e+38 -3.4e+38 -3.4e+38 -3.4e+38 -3.4e+38 -3.4e+38 -3.4e+38
-3.4e+38 -3.4e+38 -3.4e+38 -3.4e+38 -3.4e+38 -3.4e+38 -3.4e+38 -3.4e+38 255 262 274 271 -3.4e+38 -3.4e+38 -3.4e+38 -3.4e+38 289 296 289 291 295 293 283 281 277 -3.4e+38 -3.4e+38 278 278 279 286 285 285 295 302 301 300 306 314 312 313 316 321 324 335 335 332 321 313 311 308 312 310 310 310 308 309 305 -3.4e+38 -3.4e+38 -3.4e+38 -3.4e+38 -3.4e+38 -3.4e+38 -3.4e+38 -3.4e+38 -3.4e+38 -3.4e+38 -3.4e+38 -3.4e+38 -3.4e+38 -3.4e+38 -3.4e+38
-3.4e+38 -3.4e+38 -3.4e+38 -3.4e+38 -3.4e+38 -3.4e+38 -3.4e+38 -3.4e+38 -3.4e+38 275 266 270 272 -3.4e+38 -3.4e+38 -3.4e+38 -3.4e+38 296 296 288 285 290 282 281 -3.4e+38 -3.4e+38 -3.4e+38 -3.4e+38 -3.4e+38 -3.4e+38 -3.4e+38 -3.4e+38 288 302 300 303 300 304 314 311 312 315 316 322 334 335 330 324 318 315 308 306 307 307 306 307 306 -3.4e+38 -3.4e+38 -3.4e+38 -3.4e+38 -3.4e+38 -3.4e+38 -3.4e+38 -3.4e+38 -3.4e+38 -3.4e+38 -3.4e+38 -3.4e+38 -3.4e+38 -3.4e+38 -3.4e+38 -3.4e+38
-3.4e+38 -3.4e+38 -3.4e+38 -3.4e+38 -3.4e+38 -3.4e+38 -3.4e+38 -3.4e+38 -3.4e+38 264 266 268 277 275 277 282 296 293 289 287 284 290 282 282 -3.4e+38 -3.4e+38 -3.4e+38 -3.4e+38 -3.4e+38 -3.4e+38 -3.4e+38 293 298 297 304 312 311 310 305 308 309 315 316 326 335 337 339 328 324 321 317 304 306 -3.4e+38 -3.4e+38 -3.4e+38 -3.4e+38 -3.4e+38 -3.4e+38 -3.4e+38 -3.4e+38 -3.4e+38 -3.4e+38 -3.4e+38 -3.4e+38 -3.4e+38 -3.4e+38 -3.4e+38 -3.4e+38 -3.4e+38 -3.4e+38 -3.4e+38 -3.4e+38
-3.4e+38 -3.4e+38 -3.4e+38 -3.4e+38 -3.4e+38 -3.4e+38 -3.4e+38 -3.4e+38 -3.4e+38 -3.4e+38 267 270 269 277 290 288 293 299 287 285 289 281 280 282 281 -3.4e+38 -3.4e+38 -3.4e+38 -3.4e+38 -3.4e+38 -3.4e+38 292 296 297 300 312 312 317 312 316 317 321 320 326 333 342 338 334 328 324 320 309 303 -3.4e+38 -3.4e+38 -3.4e+38 -3.4e+38 -3.4e+38 -3.4e+38 -3.4e+38 -3.4e+38 -3.4e+38 -3.4e+38 -3.4e+38 -3.4e+38 -3.4e+38 -3.4e+38 -3.4e+38 -3.4e+38 -3.4e+38 -3.4e+38 -3.4e+38 -3.4e+38
-3.4e+38 -3.4e+38 -3.4e+38 -3.4e+38 -3.4e+38 -3.4e+38 -3.4e+38 -3.4e+38 -3.4e+38 -3.4e+38 268 268 277 286 284 288 293 292 289 290 288 291 280 276 276 273 -3.4e+38 -3.4e+38 -3.4e+38 -3.4e+38 286 286 287 297 298 298 310 314 321 328 330 324 323 328 340 342 342 334 327 326 315 309 303 -3.4e+38 -3.4e+38 -3.4e+38 -3.4e+38 -3.4e+38 -3.4e+38 -3.4e+38 -3.4e+38 -3.4e+38 -3.4e+38 -3.4e+38 -3.4e+38 -3.4e+38 -3.4e+38 -3.4e+38 -3.4e+38 -3.4e+38 -3.4e+38 -3.4e+38 -3.4e+38
