data/bioclim/PPT_sm1.asc
NCOLS 391 
NROWS 575 
XLLCORNER -1773000 
YLLCORNER 4368000 
CELLSIZE 1000 
NODATA_value -3.4e+38 
[rows 384 to 415 of 575, columns 146 to 218 of 391]
-3.4e+38 -3.4e+38 289 290 293 302 300 299 303 306 305 323 344 333 330 326 323 317 308 303 303 313 298 299 296 288 286 283 -3.4e+38 -3.4e+38 -3.4e+38 286 290 287 293 314 297 287 278 273 269 -3.4e+38 -3.4e+38 -3.4e+38 -3.4e+38 -3.4e+38 -3.4e+38 -3.4e+38 -3.4e+38 -3.4e+38 -3.4e+38 -3.4e+38 -3.4e+38 271 269 272 281 277 287 315 341 306 305 323 321 312 307 327 301 279 271 271 282
-3.4e+38 -3.4e+38 289 289 291 293 296 303 302 305 309 321 333 340 337 344 323 322 312 309 306 303 314 313 306 292 287 285 -3.4e+38 -3.4e+38 -3.4e+38 285 286 285 311 306 303 298 278 274 -3.4e+38 -3.4e+38 -3.4e+38 -3.4e+38 -3.4e+38 -3.4e+38 -3.4e+38 -3.4e+38 -3.4e+38 -3.4e+38 -3.4e+38 -3.4e+38 -3.4e+38 269 274 279 281 293 307 314 322 319 311 320 335 337 305 338 315 282 267 261 266
-3.4e+38 -3.4e+38 288 289 292 299 302 302 302 305 307 317 331 342 342 345 334 315 312 306 308 316 306 302 297 294 285 -3.4e+38 -3.4e+38 -3.4e+38 -3.4e+38 284 284 280 288 294 288 282 281 -3.4e+38 -3.4e+38 -3.4e+38 -3.4e+38 -3.4e+38 -3.4e+38 -3.4e+38 -3.4e+38 -3.4e+38 -3.4e+38 -3.4e+38 -3.4e+38 -3.4e+38 -3.4e+38 273 277 279 283 298 312 327 325 308 320 328 329 337 337 316 292 290 259 257 252
-3.4e+38 -3.4e+38 287 289 292 297 300 301 307 305 311 321 329 347 343 337 325 321 316 312 308 311 306 308 301 295 295 -3.4e+38 -3.4e+38 -3.4e+38 -3.4e+38 274 277 280 280 279 279 275 277 -3.4e+38 -3.4e+38 -3.4e+38 -3.4e+38 -3.4e+38 -3.4e+38 -3.4e+38 -3.4e+38 -3.4e+38 -3.4e+38 -3.4e+38 -3.4e+38 -3.4e+38 -3.4e+38 273 280 274 282 289 304 319 307 299 298 313 319 326 342 323 304 280 268 256 251
-3.4e+38 -3.4e+38 -3.4e+38 289 292 297 297 303 304 304 315 320 325 335 348 341 330 325 321 313 316 310 307 308 296 295 292 -3.4e+38 -3.4e+38 -3.4e+38 -3.4e+38 -3.4e+38 274 276 275 271 272 267 269 -3.4e+38 -3.4e+38 -3.4e+38 -3.4e+38 -3.4e+38 -3.4e+38 -3.4e+38 -3.4e+38 -3.4e+38 -3.4e+38 -3.4e+38 -3.4e+38 -3.4e+38 -3.4e+38 273 273 -3.4e+38 280 293 298 309 289 325 331 317 330 333 349 343 305 280 275 271 255
-3.4e+38 -3.4e+38 -3.4e+38 288 292 295 296 304 308 309 319 324 319 330 345 342 334 325 321 314 316 315 313 316 305 295 296 288 -3.4e+38 -3.4e+38 -3.4e+38 -3.4e+38 -3.4e+38 273 271 271 -3.4e+38 -3.4e+38 -3.4e+38 -3.4e+38 -3.4e+38 -3.4e+38 -3.4e+38 -3.4e+38 -3.4e+38 -3.4e+38 -3.4e+38 -3.4e+38 -3.4e+38 -3.4e+38 -3.4e+38 -3.4e+38 -3.4e+38 -3.4e+38 -3.4e+38 -3.4e+38 273 287 283 281 296 326 305 299 321 357 351 341 318 309 291 279 264
-3.4e+38 -3.4e+38 -3.4e+38 288 294 295 300 302 310 311 311 327 342 331 342 343 331 329 320 319 315 311 306 304 314 303 294 -3.4e+38 -3.4e+38 -3.4e+38 -3.4e+38 -3.4e+38 -3.4e+38 -3.4e+38 -3.4e+38 -3.4e+38 -3.4e+38 -3.4e+38 -3.4e+38 -3.4e+38 -3.4e+38 -3.4e+38 -3.4e+38 -3.4e+38 -3.4e+38 -3.4e+38 -3.4e+38 -3.4e+38 -3.4e+38 -3.4e+38 -3.4e+38 -3.4e+38 -3.4e+38 -3.4e+38 -3.4e+38 -3.4e+38 -3.4e+38 270 282 278 287 308 301 321 321 333 352 351 326 313 291 276 271
-3.4e+38 -3.4e+38 285 288 292 294 298 304 303 310 311 316 330 359 341 337 334 324 316 320 315 316 306 304 304 295 295 292 -3.4e+38 -3.4e+38 -3.4e+38 -3.4e+38 -3.4e+38 -3.4e+38 -3.4e+38 -3.4e+38 -3.4e+38 -3.4e+38 -3.4e+38 -3.4e+38 -3.4e+38 -3.4e+38 -3.4e+38 -3.4e+38 -3.4e+38 -3.4e+38 -3.4e+38 -3.4e+38 -3.4e+38 -3.4e+38 -3.4e+38 -3.4e+38 -3.4e+38 -3.4e+38 -3.4e+38 -3.4e+38 -3.4e+38 -3.4e+38 273 273 282 286 297 338 339 341 333 341 366 321 313 290 275
-3.4e+38 -3.4e+38 284 289 291 290 297 298 299 301 321 342 360 347 339 335 331 326 329 316 311 306 305 295 305 305 285 284 -3.4e+38 -3.4e+38 -3.4e+38 -3.4e+38 -3.4e+38 -3.4e+38 -3.4e+38 -3.4e+38 -3.4e+38 -3.4e+38 -3.4e+38 -3.4e+38 -3.4e+38 -3.4e+38 -3.4e+38 -3.4e+38 -3.4e+38 -3.4e+38 -3.4e+38 -3.4e+38 -3.4e+38 -3.4e+38 -3.4e+38 -3.4e+38 -3.4e+38 -3.4e+38 -3.4e+38 -3.4e+38 -3.4e+38 -3.4e+38 -3.4e+38 -3.4e+38 -3.4e+38 292 309 326 336 331 324 326 366 349 323 298 272
-3.4e+38 -3.4e+38 283 288 290 293 294 299 301 306 321 339 364 354 340 335 336 327 331 317 315 314 314 303 310 315 293 283 283 -3.4e+38 -3.4e+38 -3.4e+38 -3.4e+38 -3.4e+38 -3.4e+38 -3.4e+38 -3.4e+38 -3.4e+38 -3.4e+38 -3.4e+38 -3.4e+38 -3.4e+38 -3.4e+38 -3.4e+38 -3.4e+38 -3.4e+38 -3.4e+38 -3.4e+38 -3.4e+38 -3.4e+38 -3.4e+38 -3.4e+38 -3.4e+38 -3.4e+38 -3.4e+38 -3.4e+38 -3.4e+38 -3.4e+38 -3.4e+38 -3.4e+38 -3.4e+38 294 303 309 333 326 316 318 339 338 314 300 277
-3.4e+38 281 283 288 292 296 300 300 303 302 312 326 348 357 346 338 336 328 326 321 317 315 314 310 304 302 290 293 283 279 -3.4e+38 -3.4e+38 -3.4e+38 -3.4e+38 -3.4e+38 -3.4e+38 -3.4e+38 -3.4e+38 -3.4e+38 -3.4e+38 -3.4e+38 -3.4e+38 -3.4e+38 -3.4e+38 -3.4e+38 -3.4e+38 -3.4e+38 -3.4e+38 -3.4e+38 -3.4e+38 -3.4e+38 -3.4e+38 -3.4e+38 -3.4e+38 -3.4e+38 -3.4e+38 -3.4e+38 -3.4e+38 -3.4e+38 -3.4e+38 273 288 308 309 317 308 319 326 341 345 323 306 278
-3.4e+38 281 284 287 290 292 298 301 305 301 310 330 350 370 353 351 344 329 322 325 323 325 334 317 329 305 292 293 288 285 280 282 -3.4e+38 -3.4e+38 -3.4e+38 -3.4e+38 -3.4e+38 -3.4e+38 -3.4e+38 -3.4e+38 -3.4e+38 -3.4e+38 -3.4e+38 -3.4e+38 -3.4e+38 -3.4e+38 -3.4e+38 -3.4e+38 -3.4e+38 -3.4e+38 -3.4e+38 -3.4e+38 -3.4e+38 -3.4e+38 -3.4e+38 -3.4e+38 -3.4e+38 -3.4e+38 -3.4e+38 -3.4e+38 272 278 292 309 300 300 310 317 351 366 345 313 291
277 280 286 287 290 291 292 300 301 313 322 339 337 354 365 349 342 340 326 329 333 332 324 324 314 304 293 293 282 285 287 282 280 275 -3.4e+38 -3.4e+38 -3.4e+38 -3.4e+38 -3.4e+38 -3.4e+38 -3.4e+38 -3.4e+38 -3.4e+38 -3.4e+38 -3.4e+38 -3.4e+38 -3.4e+38 -3.4e+38 -3.4e+38 -3.4e+38 -3.4e+38 -3.4e+38 -3.4e+38 -3.4e+38 -3.4e+38 -3.4e+38 -3.4e+38 -3.4e+38 -3.4e+38 265 264 273 284 292 295 307 317 318 334 365 353 339 281
276 279 286 286 291 291 300 304 313 313 322 326 336 354 370 349 345 354 348 334 331 329 339 325 314 310 293 294 284 293 295 293 281 271 -3.4e+38 -3.4e+38 -3.4e+38 -3.4e+38 -3.4e+38 -3.4e+38 -3.4e+38 -3.4e+38 -3.4e+38 -3.4e+38 -3.4e+38 -3.4e+38 -3.4e+38 -3.4e+38 -3.4e+38 -3.4e+38 -3.4e+38 -3.4e+38 -3.4e+38 -3.4e+38 -3.4e+38 -3.4e+38 -3.4e+38 -3.4e+38 -3.4e+38 266 274 281 287 300 302 310 319 328 334 323 320 323 280
275 278 288 293 289 293 301 318 306 317 318 319 329 342 363 361 363 352 338 339 359 336 325 325 346 320 294 291 301 298 304 293 293 287 -3.4e+38 -3.4e+38 -3.4e+38 -3.4e+38 -3.4e+38 -3.4e+38 -3.4e+38 -3.4e+38 -3.4e+38 -3.4e+38 -3.4e+38 -3.4e+38 -3.4e+38 -3.4e+38 -3.4e+38 -3.4e+38 -3.4e+38 -3.4e+38 -3.4e+38 -3.4e+38 -3.4e+38 -3.4e+38 -3.4e+38 -3.4e+38 -3.4e+38 266 275 279 287 302 308 309 312 335 347 329 304 324 310
276 280 287 288 293 296 303 303 306 320 326 337 332 342 346 355 363 360 356 346 336 327 326 324 304 300 291 298 307 320 304 298 305 283 -3.4e+38 -3.4e+38 -3.4e+38 -3.4e+38 -3.4e+38 -3.4e+38 -3.4e+38 -3.4e+38 -3.4e+38 -3.4e+38 -3.4e+38 -3.4e+38 -3.4e+38 -3.4e+38 -3.4e+38 -3.4e+38 -3.4e+38 -3.4e+38 -3.4e+38 -3.4e+38 -3.4e+38 -3.4e+38 -3.4e+38 -3.4e+38 -3.4e+38 -3.4e+38 268 274 285 302 300 304 314 329 355 346 334 296 300
275 279 282 287 292 297 307 304 310 326 314 319 332 328 337 360 348 383 368 357 352 321 318 319 305 313 300 304 305 305 303 290 294 -3.4e+38 -3.4e+38 -3.4e+38 -3.4e+38 -3.4e+38 -3.4e+38 -3.4e+38 -3.4e+38 -3.4e+38 -3.4e+38 -3.4e+38 -3.4e+38 -3.4e+38 -3.4e+38 -3.4e+38 -3.4e+38 -3.4e+38 -3.4e+38 -3.4e+38 -3.4e+38 -3.4e+38 -3.4e+38 -3.4e+38 -3.4e+38 -3.4e+38 -3.4e+38 -3.4e+38 269 279 290 294 295 305 314 338 352 356 333 307 282
273 277 282 286 288 298 298 299 304 321 337 341 327 328 336 342 342 378 346 343 323 311 304 303 300 313 301 304 293 292 287 -3.4e+38 -3.4e+38 -3.4e+38 -3.4e+38 -3.4e+38 -3.4e+38 -3.4e+38 -3.4e+38 -3.4e+38 -3.4e+38 -3.4e+38 -3.4e+38 -3.4e+38 -3.4e+38 -3.4e+38 -3.4e+38 -3.4e+38 -3.4e+38 -3.4e+38 -3.4e+38 -3.4e+38 -3.4e+38 -3.4e+38 -3.4e+38 -3.4e+38 -3.4e+38 -3.4e+38 -3.4e+38 -3.4e+38 269 276 284 291 292 308 318 335 360 355 339 307 292
273 277 287 291 288 293 294 295 304 322 331 328 335 338 342 342 363 352 335 332 321 314 315 304 300 296 290 292 292 284 -3.4e+38 -3.4e+38 -3.4e+38 -3.4e+38 -3.4e+38 -3.4e+38 -3.4e+38 -3.4e+38 -3.4e+38 -3.4e+38 -3.4e+38 -3.4e+38 -3.4e+38 -3.4e+38 -3.4e+38 -3.4e+38 -3.4e+38 -3.4e+38 -3.4e+38 -3.4e+38 -3.4e+38 -3.4e+38 -3.4e+38 -3.4e+38 -3.4e+38 -3.4e+38 -3.4e+38 -3.4e+38 -3.4e+38 -3.4e+38 267 276 284 283 292 309 346 337 342 363 342 324 293
272 280 286 285 284 295 304 295 298 303 309 335 327 338 346 342 360 344 344 330 321 310 318 310 306 301 291 287 287 285 283 -3.4e+38 -3.4e+38 -3.4e+38 -3.4e+38 -3.4e+38 -3.4e+38 -3.4e+38 -3.4e+38 -3.4e+38 -3.4e+38 -3.4e+38 -3.4e+38 -3.4e+38 -3.4e+38 -3.4e+38 -3.4e+38 -3.4e+38 -3.4e+38 -3.4e+38 -3.4e+38 -3.4e+38 -3.4e+38 -3.4e+38 -3.4e+38 -3.4e+38 -3.4e+38 -3.4e+38 -3.4e+38 -3.4e+38 267 269 278 292 298 310 329 333 356 373 349 323 311
273 278 280 277 285 297 301 308 303 303 325 336 348 343 333 328 343 337 341 341 336 325 315 305 300 301 293 294 294 283 282 284 281 284 277 -3.4e+38 -3.4e+38 -3.4e+38 -3.4e+38 -3.4e+38 -3.4e+38 -3.4e+38 -3.4e+38 -3.4e+38 -3.4e+38 -3.4e+38 -3.4e+38 -3.4e+38 -3.4e+38 -3.4e+38 -3.4e+38 -3.4e+38 -3.4e+38 -3.4e+38 -3.4e+38 -3.4e+38 -3.4e+38 -3.4e+38 -3.4e+38 -3.4e+38 272 274 279 284 296 312 316 327 353 379 351 337 326
273 275 278 273 285 289 292 298 288 296 304 321 326 326 325 331 337 337 347 347 351 327 325 319 301 297 295 294 293 294 295 284 295 292 280 -3.4e+38 -3.4e+38 -3.4e+38 -3.4e+38 -3.4e+38 -3.4e+38 -3.4e+38 -3.4e+38 277 277 276 -3.4e+38 -3.4e+38 -3.4e+38 -3.4e+38 -3.4e+38 -3.4e+38 -3.4e+38 -3.4e+38 -3.4e+38 -3.4e+38 -3.4e+38 -3.4e+38 -3.4e+38 269 272 271 274 285 292 302 312 332 347 379 361 345 328
265 263 276 277 284 285 291 289 283 289 297 313 319 314 328 328 327 337 348 336 358 343 342 329 305 299 294 291 296 309 295 285 293 292 282 -3.4e+38 -3.4e+38 -3.4e+38 -3.4e+38 -3.4e+38 277 -3.4e+38 -3.4e+38 278 278 277 277 -3.4e+38 -3.4e+38 -3.4e+38 -3.4e+38 -3.4e+38 -3.4e+38 -3.4e+38 -3.4e+38 -3.4e+38 -3.4e+38 -3.4e+38 -3.4e+38 270 268 270 273 284 287 298 319 329 345 379 369 350 331
258 270 270 271 283 283 288 284 279 282 286 299 307 322 320 323 337 344 358 337 338 330 316 305 294 294 292 -3.4e+38 289 292 294 283 286 292 281 -3.4e+38 -3.4e+38 -3.4e+38 -3.4e+38 278 281 277 279 279 279 278 277 -3.4e+38 -3.4e+38 -3.4e+38 -3.4e+38 -3.4e+38 -3.4e+38 -3.4e+38 -3.4e+38 -3.4e+38 -3.4e+38 -3.4e+38 -3.4e+38 270 268 272 271 288 297 312 326 336 348 384 392 363 334
262 263 269 263 262 269 271 270 270 283 300 316 312 315 319 327 356 344 338 338 328 330 319 313 300 298 -3.4e+38 -3.4e+38 286 286 282 284 281 283 -3.4e+38 -3.4e+38 -3.4e+38 -3.4e+38 -3.4e+38 281 284 279 279 280 279 279 278 -3.4e+38 -3.4e+38 -3.4e+38 -3.4e+38 -3.4e+38 -3.4e+38 -3.4e+38 -3.4e+38 -3.4e+38 -3.4e+38 -3.4e+38 -3.4e+38 -3.4e+38 271 273 280 287 302 315 330 347 360 385 391 359 327
256 261 262 268 289 286 282 283 275 276 285 291 298 301 319 319 323 333 338 328 323 317 338 313 305 305 306 -3.4e+38 293 286 286 287 289 -3.4e+38 -3.4e+38 -3.4e+38 -3.4e+38 -3.4e+38 279 282 284 281 280 281 281 280 279 -3.4e+38 -3.4e+38 -3.4e+38 -3.4e+38 -3.4e+38 -3.4e+38 -3.4e+38 -3.4e+38 -3.4e+38 -3.4e+38 -3.4e+38 -3.4e+38 -3.4e+38 272 274 280 287 303 315 320 327 359 382 373 391 341
252 252 266 267 267 285 289 295 291 296 286 298 322 317 329 342 330 339 329 336 331 327 327 317 309 305 296 288 -3.4e+38 -3.4e+38 -3.4e+38 283 -3.4e+38 -3.4e+38 -3.4e+38 -3.4e+38 -3.4e+38 287 287 287 285 282 281 281 281 281 280 -3.4e+38 -3.4e+38 -3.4e+38 -3.4e+38 -3.4e+38 -3.4e+38 -3.4e+38 -3.4e+38 -3.4e+38 -3.4e+38 -3.4e+38 -3.4e+38 272 272 274 279 283 291 308 320 333 359 343 361 365 358
245 256 259 258 264 283 284 304 294 302 309 334 333 322 322 346 338 328 329 328 332 327 327 337 312 306 296 290 284 -3.4e+38 -3.4e+38 -3.4e+38 -3.4e+38 -3.4e+38 -3.4e+38 -3.4e+38 280 286 294 291 288 286 283 283 281 282 281 281 -3.4e+38 -3.4e+38 -3.4e+38 -3.4e+38 -3.4e+38 -3.4e+38 -3.4e+38 -3.4e+38 -3.4e+38 -3.4e+38 -3.4e+38 274 274 278 279 284 289 303 313 303 340 322 332 330 348
242 248 254 252 265 283 295 294 294 298 300 318 319 338 327 350 328 336 326 324 324 320 328 329 311 306 304 296 289 -3.4e+38 -3.4e+38 -3.4e+38 -3.4e+38 -3.4e+38 -3.4e+38 283 288 295 301 294 290 288 288 286 284 282 282 283 -3.4e+38 -3.4e+38 -3.4e+38 -3.4e+38 -3.4e+38 -3.4e+38 -3.4e+38 -3.4e+38 -3.4e+38 -3.4e+38 -3.4e+38 275 279 274 277 283 286 292 293 292 308 307 310 323 346
236 246 248 270 321 327 334 319 298 300 301 302 318 338 343 339 326 328 319 320 317 317 326 316 313 309 304 299 292 -3.4e+38 -3.4e+38 -3.4e+38 -3.4e+38 -3.4e+38 -3.4e+38 286 300 302 309 308 294 288 284 289 276 284 283 283 -3.4e+38 -3.4e+38 -3.4e+38 -3.4e+38 -3.4e+38 -3.4e+38 -3.4e+38 -3.4e+38 -3.4e+38 -3.4e+38 -3.4e+38 -3.4e+38 274 274 278 283 284 286 285 292 303 323 339 315 314
-3.4e+38 244 253 269 320 348 335 322 310 308 288 295 311 314 334 325 336 329 320 316 317 314 317 311 307 302 308 293 286 -3.4e+38 -3.4e+38 -3.4e+38 -3.4e+38 -3.4e+38 -3.4e+38 286 298 315 323 318 295 291 292 293 280 283 284 284 -3.4e+38 -3.4e+38 -3.4e+38 -3.4e+38 -3.4e+38 -3.4e+38 -3.4e+38 -3.4e+38 -3.4e+38 -3.4e+38 -3.4e+38 -3.4e+38 274 275 279 284 281 280 286 296 302 324 311 321 302
-3.4e+38 240 252 259 313 333 328 315 310 305 301 302 301 314 306 316 321 329 328 327 321 310 310 308 307 302 297 290 286 -3.4e+38 -3.4e+38 -3.4e+38 -3.4e+38 -3.4e+38 285 289 297 308 318 312 303 295 291 292 288 286 285 285 -3.4e+38 -3.4e+38 -3.4e+38 -3.4e+38 -3.4e+38 -3.4e+38 -3.4e+38 -3.4e+38 -3.4e+38 -3.4e+38 -3.4e+38 -3.4e+38 -3.4e+38 277 280 285 276 277 282 286 291 290 288 320 303
