data/bioclim/SHM1.asc
NCOLS 391 
NROWS 575 
XLLCORNER -1773000 
YLLCORNER 4368000 
CELLSIZE 1000 
NODATA_value -3.4e+38 
[rows 250 to 274 of 575, columns 165 to 219 of 391]
-3.4e+38 -3.4e+38 -3.4e+38 -3.4e+38 -3.4e+38 -3.4e+38 -3.4e+38 -3.4e+38 -3.4e+38 -3.4e+38 -3.4e+38 -3.4e+38 -3.4e+38 -3.4e+38 -3.4e+38 -3.4e+38 -3.4e+38 -3.4e+38 -3.4e+38 -3.4e+38 -3.4e+38 -3.4e+38 -3.4e+38 -3.4e+38 -3.4e+38 -3.4e+38 -3.4e+38 -3.4e+38 -3.4e+38 -3.4e+38 85 87.0999984741211 -3.4e+38 -3.4e+38 -3.4e+38 -3.4e+38 -3.4e+38 -3.4e+38 -3.4e+38 -3.4e+38 -3.4e+38 -3.4e+38 -3.4e+38 -3.4e+38 87.8000030517578 89.4000015258789 88.5999984741211 89.0999984741211 90.1999969482422 -3.4e+38 -3.4e+38 -3.4e+38 -3.4e+38 -3.4e+38 -3.4e+38
-3.4e+38 -3.4e+38 -3.4e+38 -3.4e+38 -3.4e+38 -3.4e+38 -3.4e+38 -3.4e+38 -3.4e+38 -3.4e+38 -3.4e+38 -3.4e+38 -3.4e+38 -3.4e+38 -3.4e+38 -3.4e+38 -3.4e+38 -3.4e+38 -3.4e+38 -3.4e+38 -3.4e+38 -3.4e+38 -3.4e+38 -3.4e+38 -3.4e+38 -3.4e+38 -3.4e+38 -3.4e+38 -3.4e+38 -3.4e+38 -3.4e+38 83.5999984741211 -3.4e+38 -3.4e+38 -3.4e+38 -3.4e+38 -3.4e+38 -3.4e+38 -3.4e+38 -3.4e+38 -3.4e+38 -3.4e+38 86.5999984741211 89.0999984741211 89 89.8000030517578 89.1999969482422 90.5999984741211 90.9000015258789 -3.4e+38 -3.4e+38 -3.4e+38 -3.4e+38 -3.4e+38 -3.4e+38
-3.4e+38 -3.4e+38 -3.4e+38 -3.4e+38 -3.4e+38 -3.4e+38 -3.4e+38 -3.4e+38 -3.4e+38 -3.4e+38 -3.4e+38 -3.4e+38 -3.4e+38 -3.4e+38 -3.4e+38 -3.4e+38 -3.4e+38 -3.4e+38 -3.4e+38 -3.4e+38 -3.4e+38 -3.4e+38 -3.4e+38 -3.4e+38 -3.4e+38 -3.4e+38 -3.4e+38 -3.4e+38 -3.4e+38 -3.4e+38 -3.4e+38 82.5 -3.4e+38 -3.4e+38 -3.4e+38 85.5 -3.4e+38 -3.4e+38 -3.4e+38 -3.4e+38 -3.4e+38 86.8000030517578 87 88.5 87.5999984741211 89.6999969482422 90.1999969482422 90.6999969482422 93 -3.4e+38 -3.4e+38 -3.4e+38 -3.4e+38 -3.4e+38 -3.4e+38
-3.4e+38 -3.4e+38 -3.4e+38 -3.4e+38 -3.4e+38 -3.4e+38 -3.4e+38 -3.4e+38 -3.4e+38 -3.4e+38 -3.4e+38 -3.4e+38 -3.4e+38 -3.4e+38 -3.4e+38 -3.4e+38 -3.4e+38 -3.4e+38 -3.4e+38 -3.4e+38 -3.4e+38 -3.4e+38 -3.4e+38 -3.4e+38 -3.4e+38 -3.4e+38 -3.4e+38 -3.4e+38 -3.4e+38 -3.4e+38 -3.4e+38 81.1999969482422 81.1999969482422 81.4000015258789 -3.4e+38 81.4000015258789 -3.4e+38 -3.4e+38 -3.4e+38 -3.4e+38 86.0999984741211 87.4000015258789 87.9000015258789 87.9000015258789 89.5 90.6999969482422 91.3000030517578 93 93.8000030517578 -3.4e+38 -3.4e+38 -3.4e+38 -3.4e+38 -3.4e+38 -3.4e+38
-3.4e+38 -3.4e+38 -3.4e+38 -3.4e+38 -3.4e+38 -3.4e+38 -3.4e+38 -3.4e+38 -3.4e+38 -3.4e+38 -3.4e+38 -3.4e+38 -3.4e+38 -3.4e+38 -3.4e+38 -3.4e+38 -3.4e+38 -3.4e+38 -3.4e+38 -3.4e+38 -3.4e+38 -3.4e+38 -3.4e+38 -3.4e+38 -3.4e+38 -3.4e+38 -3.4e+38 -3.4e+38 -3.4e+38 -3.4e+38 -3.4e+38 80.8000030517578 79.9000015258789 78.8000030517578 81.5 81.5999984741211 -3.4e+38 -3.4e+38 -3.4e+38 -3.4e+38 84.1999969482422 81.5999984741211 87.3000030517578 87.9000015258789 88.8000030517578 90.9000015258789 91.5999984741211 94.5999984741211 95.1999969482422 -3.4e+38 -3.4e+38 -3.4e+38 -3.4e+38 -3.4e+38 -3.4e+38
-3.4e+38 -3.4e+38 -3.4e+38 -3.4e+38 -3.4e+38 -3.4e+38 -3.4e+38 -3.4e+38 -3.4e+38 -3.4e+38 -3.4e+38 -3.4e+38 -3.4e+38 -3.4e+38 -3.4e+38 -3.4e+38 -3.4e+38 -3.4e+38 -3.4e+38 -3.4e+38 -3.4e+38 -3.4e+38 -3.4e+38 -3.4e+38 -3.4e+38 -3.4e+38 -3.4e+38 -3.4e+38 -3.4e+38 -3.4e+38 -3.4e+38 79.4000015258789 79.9000015258789 79.3000030517578 74.6999969482422 80.4000015258789 80.6999969482422 -3.4e+38 -3.4e+38 -3.4e+38 81.3000030517578 82.4000015258789 86.3000030517578 88.0999984741211 89.1999969482422 90.9000015258789 88.8000030517578 91.9000015258789 92.5 92.1999969482422 -3.4e+38 -3.4e+38 -3.4e+38 -3.4e+38 -3.4e+38
-3.4e+38 -3.4e+38 -3.4e+38 -3.4e+38 -3.4e+38 -3.4e+38 -3.4e+38 -3.4e+38 -3.4e+38 -3.4e+38 -3.4e+38 -3.4e+38 -3.4e+38 -3.4e+38 -3.4e+38 -3.4e+38 -3.4e+38 -3.4e+38 -3.4e+38 -3.4e+38 -3.4e+38 -3.4e+38 -3.4e+38 -3.4e+38 -3.4e+38 -3.4e+38 -3.4e+38 -3.4e+38 -3.4e+38 -3.4e+38 -3.4e+38 78.6999969482422 78.8000030517578 77.5999984741211 74.5 71.5999984741211 70.5999984741211 80.1999969482422 79.9000015258789 77.6999969482422 82.4000015258789 81.3000030517578 80.5 87.4000015258789 88.0999984741211 89.5999984741211 86 89.0999984741211 88.9000015258789 89 -3.4e+38 -3.4e+38 -3.4e+38 -3.4e+38 -3.4e+38
-3.4e+38 -3.4e+38 -3.4e+38 -3.4e+38 -3.4e+38 -3.4e+38 -3.4e+38 -3.4e+38 -3.4e+38 -3.4e+38 -3.4e+38 -3.4e+38 -3.4e+38 -3.4e+38 -3.4e+38 -3.4e+38 -3.4e+38 -3.4e+38 -3.4e+38 -3.4e+38 -3.4e+38 -3.4e+38 -3.4e+38 -3.4e+38 -3.4e+38 -3.4e+38 -3.4e+38 -3.4e+38 -3.4e+38 -3.4e+38 -3.4e+38 78.8000030517578 78.5999984741211 77.4000015258789 75.5 73.4000015258789 74 77.5999984741211 79.8000030517578 73.6999969482422 77.1999969482422 81.0999984741211 79.0999984741211 84.1999969482422 88.0999984741211 89.3000030517578 87.4000015258789 88.5 89.4000015258789 91.4000015258789 93 93.8000030517578 -3.4e+38 -3.4e+38 -3.4e+38
-3.4e+38 -3.4e+38 -3.4e+38 -3.4e+38 -3.4e+38 -3.4e+38 -3.4e+38 -3.4e+38 -3.4e+38 -3.4e+38 -3.4e+38 -3.4e+38 -3.4e+38 -3.4e+38 -3.4e+38 -3.4e+38 -3.4e+38 -3.4e+38 -3.4e+38 -3.4e+38 -3.4e+38 -3.4e+38 -3.4e+38 -3.4e+38 -3.4e+38 -3.4e+38 -3.4e+38 -3.4e+38 -3.4e+38 -3.4e+38 77.5999984741211 77.0999984741211 78.8000030517578 76.5 75.1999969482422 73.5999984741211 74 73.3000030517578 76.6999969482422 74.3000030517578 79.3000030517578 71.1999969482422 81.4000015258789 80.9000015258789 85.8000030517578 87.9000015258789 88.5 88 89 91.0999984741211 92.0999984741211 95.8000030517578 95.6999969482422 96.6999969482422 -3.4e+38
-3.4e+38 -3.4e+38 -3.4e+38 -3.4e+38 -3.4e+38 -3.4e+38 -3.4e+38 -3.4e+38 -3.4e+38 -3.4e+38 -3.4e+38 -3.4e+38 -3.4e+38 -3.4e+38 -3.4e+38 -3.4e+38 -3.4e+38 -3.4e+38 -3.4e+38 -3.4e+38 -3.4e+38 -3.4e+38 -3.4e+38 -3.4e+38 -3.4e+38 -3.4e+38 -3.4e+38 -3.4e+38 -3.4e+38 -3.4e+38 73.6999969482422 73.8000030517578 74.5 77.3000030517578 74.5999984741211 73.6999969482422 68.5 73.1999969482422 74.0999984741211 73.5 73.6999969482422 75.0999984741211 81 80.4000015258789 86.5 85.4000015258789 82 80.9000015258789 88 88.1999969482422 80.3000030517578 90.9000015258789 90.1999969482422 95 92.8000030517578
-3.4e+38 -3.4e+38 -3.4e+38 -3.4e+38 -3.4e+38 -3.4e+38 -3.4e+38 -3.4e+38 -3.4e+38 -3.4e+38 -3.4e+38 -3.4e+38 -3.4e+38 -3.4e+38 -3.4e+38 -3.4e+38 -3.4e+38 -3.4e+38 -3.4e+38 -3.4e+38 -3.4e+38 -3.4e+38 -3.4e+38 -3.4e+38 -3.4e+38 -3.4e+38 -3.4e+38 -3.4e+38 -3.4e+38 -3.4e+38 74.0999984741211 64.6999969482422 72.0999984741211 77.3000030517578 77 74.8000030517578 74 74 73 73.5999984741211 69.3000030517578 72.4000015258789 80.6999969482422 83.0999984741211 80.4000015258789 80.9000015258789 85.0999984741211 80.8000030517578 83 87.8000030517578 84 87.9000015258789 90.8000030517578 90.5999984741211 91
-3.4e+38 -3.4e+38 -3.4e+38 -3.4e+38 -3.4e+38 -3.4e+38 -3.4e+38 -3.4e+38 -3.4e+38 -3.4e+38 -3.4e+38 -3.4e+38 -3.4e+38 -3.4e+38 -3.4e+38 -3.4e+38 -3.4e+38 -3.4e+38 -3.4e+38 -3.4e+38 -3.4e+38 -3.4e+38 -3.4e+38 -3.4e+38 -3.4e+38 -3.4e+38 -3.4e+38 -3.4e+38 -3.4e+38 -3.4e+38 72.4000015258789 68.6999969482422 69.1999969482422 74.5999984741211 74.1999969482422 74.0999984741211 74.4000015258789 74 69.1999969482422 74.1999969482422 74.4000015258789 70.6999969482422 74.1999969482422 77.1999969482422 80.8000030517578 78.5 80.5 82.0999984741211 80.9000015258789 77.8000030517578 82.5999984741211 87.3000030517578 88.9000015258789 91 92.5999984741211
-3.4e+38 -3.4e+38 -3.4e+38 -3.4e+38 -3.4e+38 -3.4e+38 -3.4e+38 -3.4e+38 -3.4e+38 -3.4e+38 -3.4e+38 -3.4e+38 -3.4e+38 -3.4e+38 -3.4e+38 -3.4e+38 -3.4e+38 -3.4e+38 -3.4e+38 -3.4e+38 -3.4e+38 -3.4e+38 -3.4e+38 -3.4e+38 -3.4e+38 -3.4e+38 -3.4e+38 -3.4e+38 -3.4e+38 -3.4e+38 -3.4e+38 73 68.9000015258789 69.8000030517578 73.1999969482422 68.6999969482422 73.5 71.3000030517578 68.9000015258789 69.5999984741211 73.4000015258789 68.8000030517578 70.1999969482422 67.9000015258789 70.1999969482422 76.8000030517578 81.5999984741211 80.5999984741211 77.3000030517578 67.8000030517578 74.5 82.1999969482422 88.3000030517578 85.6999969482422 88.5999984741211
-3.4e+38 -3.4e+38 -3.4e+38 -3.4e+38 -3.4e+38 -3.4e+38 -3.4e+38 -3.4e+38 -3.4e+38 -3.4e+38 -3.4e+38 -3.4e+38 -3.4e+38 -3.4e+38 -3.4e+38 -3.4e+38 -3.4e+38 -3.4e+38 -3.4e+38 -3.4e+38 -3.4e+38 -3.4e+38 -3.4e+38 -3.4e+38 -3.4e+38 -3.4e+38 72.5 73.3000030517578 76.0999984741211 74.5999984741211 -3.4e+38 72.9000015258789 68.5 67.0999984741211 68.1999969482422 68.1999969482422 72.0999984741211 73.3000030517578 68.4000015258789 67.8000030517578 68.5 69.5999984741211 66.9000015258789 70.3000030517578 68.4000015258789 77.9000015258789 76.3000030517578 71.9000015258789 74.4000015258789 71 57.9000015258789 74.6999969482422 82.4000015258789 86.3000030517578 89.5
-3.4e+38 -3.4e+38 -3.4e+38 -3.4e+38 -3.4e+38 -3.4e+38 -3.4e+38 -3.4e+38 -3.4e+38 -3.4e+38 -3.4e+38 -3.4e+38 -3.4e+38 -3.4e+38 -3.4e+38 -3.4e+38 -3.4e+38 -3.4e+38 -3.4e+38 -3.4e+38 -3.4e+38 -3.4e+38 -3.4e+38 -3.4e+38 -3.4e+38 -3.4e+38 72.8000030517578 72.5 72.6999969482422 72.5999984741211 70.5 66.9000015258789 68.1999969482422 63.5999984741211 59.7000007629395 64.8000030517578 72 70.8000030517578 70.4000015258789 68 68.5999984741211 68.5 67.6999969482422 67.8000030517578 69.6999969482422 74.0999984741211 79 74.6999969482422 76.0999984741211 78.5 69.4000015258789 81.4000015258789 87.4000015258789 86.4000015258789 91.4000015258789
-3.4e+38 -3.4e+38 -3.4e+38 -3.4e+38 -3.4e+38 -3.4e+38 -3.4e+38 -3.4e+38 -3.4e+38 -3.4e+38 -3.4e+38 -3.4e+38 -3.4e+38 -3.4e+38 -3.4e+38 -3.4e+38 -3.4e+38 -3.4e+38 -3.4e+38 -3.4e+38 -3.4e+38 -3.4e+38 -3.4e+38 -3.4e+38 76.3000030517578 76.5999984741211 73.9000015258789 75.3000030517578 72.0999984741211 67.4000015258789 64.3000030517578 62.7999992370605 64.4000015258789 58.2999992370605 57.5999984741211 64.5 70.3000030517578 68.0999984741211 68.5 69.0999984741211 63.5999984741211 66 60.7000007629395 64.9000015258789 68.1999969482422 74 80.6999969482422 80.9000015258789 78.3000030517578 77 80.5 82.3000030517578 81.1999969482422 81.3000030517578 84.3000030517578
-3.4e+38 -3.4e+38 -3.4e+38 -3.4e+38 -3.4e+38 -3.4e+38 -3.4e+38 -3.4e+38 -3.4e+38 81.5999984741211 80.6999969482422 -3.4e+38 -3.4e+38 -3.4e+38 -3.4e+38 -3.4e+38 -3.4e+38 -3.4e+38 -3.4e+38 -3.4e+38 -3.4e+38 -3.4e+38 -3.4e+38 79.3000030517578 78.1999969482422 75 67.6999969482422 67.8000030517578 69.5 71.6999969482422 71.9000015258789 62.5999984741211 61.5 64 55.7999992370605 60.2999992370605 68.4000015258789 65.5999984741211 68.8000030517578 72.4000015258789 63.5 63.2000007629395 68.5 70.4000015258789 71.1999969482422 74.5 84.1999969482422 83 87 74.1999969482422 82.4000015258789 80.8000030517578 75.5999984741211 70.4000015258789 74.3000030517578
-3.4e+38 -3.4e+38 -3.4e+38 -3.4e+38 -3.4e+38 -3.4e+38 -3.4e+38 -3.4e+38 80.9000015258789 82.0999984741211 81.9000015258789 82.9000015258789 81.8000030517578 -3.4e+38 81.5999984741211 -3.4e+38 -3.4e+38 -3.4e+38 -3.4e+38 -3.4e+38 -3.4e+38 -3.4e+38 79.3000030517578 78.3000030517578 75.0999984741211 71 68.5999984741211 62.9000015258789 63.0999984741211 62.7000007629395 66.4000015258789 67.5 67.5999984741211 67.5999984741211 55.9000015258789 55.7999992370605 62.2999992370605 63.7000007629395 63.7000007629395 73.9000015258789 68.5 66.1999969482422 70.0999984741211 68.9000015258789 73.5999984741211 80.0999984741211 82.3000030517578 87.1999969482422 87.5 83.1999969482422 83.1999969482422 83.3000030517578 76.8000030517578 70.3000030517578 74.8000030517578
-3.4e+38 -3.4e+38 -3.4e+38 74.5999984741211 75.3000030517578 -3.4e+38 76.1999969482422 74 74.1999969482422 82 81.0999984741211 83.3000030517578 81.8000030517578 81.9000015258789 81.5999984741211 -3.4e+38 -3.4e+38 -3.4e+38 -3.4e+38 -3.4e+38 -3.4e+38 -3.4e+38 77.5999984741211 77.1999969482422 75.9000015258789 74.8000030517578 69.8000030517578 67.3000030517578 58.7000007629395 59.2999992370605 59.5999984741211 61.2000007629395 63 64.0999984741211 59.4000015258789 55.7999992370605 58.7999992370605 59.2000007629395 64.5999984741211 72.5999984741211 72.6999969482422 71 73.5 71.4000015258789 73.3000030517578 78.9000015258789 79.3000030517578 85 88.5999984741211 86.5 86.9000015258789 80.5 75.5999984741211 57.7000007629395 69.3000030517578
74 73.8000030517578 72.6999969482422 72 72.5 75.3000030517578 75.6999969482422 72.3000030517578 71.8000030517578 78.1999969482422 79.1999969482422 79.9000015258789 83.3000030517578 81.8000030517578 81.3000030517578 -3.4e+38 -3.4e+38 -3.4e+38 -3.4e+38 -3.4e+38 -3.4e+38 -3.4e+38 78.3000030517578 78.4000015258789 78.3000030517578 75.8000030517578 69.8000030517578 66.6999969482422 62.7999992370605 55.5 55.2999992370605 55.9000015258789 59.4000015258789 63 61.7999992370605 52.2000007629395 54.5999984741211 59.2000007629395 72.8000030517578 74.4000015258789 72.5999984741211 73.4000015258789 73.3000030517578 75.5999984741211 73.3000030517578 78.9000015258789 82.3000030517578 84.9000015258789 -3.4e+38 85.5 85.5 82.0999984741211 79.4000015258789 63.5999984741211 69.4000015258789
73.6999969482422 75.5999984741211 72.6999969482422 71.5999984741211 73.3000030517578 73.6999969482422 72.8000030517578 73 75.8000030517578 75.8000030517578 76.4000015258789 77.3000030517578 78.5 82.4000015258789 81.0999984741211 -3.4e+38 -3.4e+38 -3.4e+38 -3.4e+38 -3.4e+38 -3.4e+38 -3.4e+38 -3.4e+38 80.0999984741211 78.9000015258789 75.0999984741211 59.5999984741211 56.5 50.7000007629395 53.9000015258789 60.4000015258789 54.4000015258789 56.0999984741211 56.2999992370605 61.4000015258789 54.7999992370605 62.2000007629395 62.5999984741211 72.5999984741211 74.4000015258789 73 77.9000015258789 76.6999969482422 77.5 77.0999984741211 79.3000030517578 84.0999984741211 85.6999969482422 -3.4e+38 -3.4e+38 -3.4e+38 84.5 81.8000030517578 75.9000015258789 65.8000030517578
76.8000030517578 75.8000030517578 73 66.6999969482422 71.5 70.9000015258789 69.6999969482422 74.8000030517578 75.4000015258789 75.8000030517578 77.0999984741211 78.9000015258789 82.8000030517578 82.8000030517578 81.1999969482422 -3.4e+38 -3.4e+38 -3.4e+38 -3.4e+38 -3.4e+38 -3.4e+38 -3.4e+38 -3.4e+38 79 75.3000030517578 70.5999984741211 60.7000007629395 59.7000007629395 55.4000015258789 51.5 60.2000007629395 50.0999984741211 51.7999992370605 57.9000015258789 52.0999984741211 57.5 65.3000030517578 70.8000030517578 74.6999969482422 73.0999984741211 78.3000030517578 78.0999984741211 78.6999969482422 77.8000030517578 80.6999969482422 83.3000030517578 84.0999984741211 86.0999984741211 88.3000030517578 -3.4e+38 -3.4e+38 -3.4e+38 83.6999969482422 71 76.4000015258789
75.5999984741211 73.6999969482422 74 74 63.7999992370605 68.3000030517578 71.9000015258789 74.5 76.6999969482422 77.0999984741211 79.9000015258789 80.9000015258789 82.5 -3.4e+38 -3.4e+38 -3.4e+38 -3.4e+38 -3.4e+38 -3.4e+38 -3.4e+38 -3.4e+38 -3.4e+38 -3.4e+38 78.9000015258789 78.1999969482422 75.8000030517578 65.9000015258789 66 58.2999992370605 62.7000007629395 62.0999984741211 50.4000015258789 51.9000015258789 53 55.9000015258789 58.5 64.3000030517578 72.3000030517578 67.5999984741211 75.5999984741211 75.5999984741211 77.5999984741211 82.5 77.5999984741211 80.5 82.6999969482422 84.6999969482422 85 89.5999984741211 -3.4e+38 -3.4e+38 -3.4e+38 81.0999984741211 74.8000030517578 76
74.0999984741211 75.0999984741211 75.3000030517578 74.5999984741211 70.9000015258789 71 74.6999969482422 75.9000015258789 77.4000015258789 79.4000015258789 -3.4e+38 -3.4e+38 -3.4e+38 -3.4e+38 -3.4e+38 -3.4e+38 -3.4e+38 -3.4e+38 -3.4e+38 -3.4e+38 -3.4e+38 -3.4e+38 -3.4e+38 77.4000015258789 77 75.5 73.5999984741211 69 69 64.6999969482422 61.7000007629395 55.5 46.5 48.7000007629395 55.9000015258789 58.9000015258789 63 65.9000015258789 71.6999969482422 69.8000030517578 72.0999984741211 72.1999969482422 75.4000015258789 83.4000015258789 83.4000015258789 83.1999969482422 83.5999984741211 83.3000030517578 90.3000030517578 -3.4e+38 -3.4e+38 -3.4e+38 -3.4e+38 84.5999984741211 79.4000015258789
76.5 76.5999984741211 73.8000030517578 72 70.5 71.8000030517578 74 74.9000015258789 77.5 78.9000015258789 -3.4e+38 -3.4e+38 -3.4e+38 -3.4e+38 -3.4e+38 -3.4e+38 -3.4e+38 -3.4e+38 -3.4e+38 -3.4e+38 -3.4e+38 -3.4e+38 -3.4e+38 78.5 78.5 75.3000030517578 73.8000030517578 68.0999984741211 63 61.9000015258789 58.2999992370605 53.5 50.7000007629395 49.0999984741211 52.4000015258789 59 60.4000015258789 67.4000015258789 71.6999969482422 73.1999969482422 73.5999984741211 79.8000030517578 79.0999984741211 78.0999984741211 80.0999984741211 88.0999984741211 87 87.1999969482422 91.0999984741211 -3.4e+38 -3.4e+38 -3.4e+38 -3.4e+38 85.8000030517578 85.6999969482422
