data/bioclim/SHM1.asc
NCOLS 391 
NROWS 575 
XLLCORNER -1773000 
YLLCORNER 4368000 
CELLSIZE 1000 
NODATA_value -3.4e+38 
[rows 175 to 199 of 575, columns 110 to 164 of 391]
104.099998474121 100.800003051758 97.4000015258789 87.5999984741211 93.8000030517578 98.3000030517578 99 96.6999969482422 96.9000015258789 92.0999984741211 93.5999984741211 83.5999984741211 84.4000015258789 90 89 89 84 75.5999984741211 83.9000015258789 77 76.1999969482422 87.5 90.1999969482422 87.5 87.5 84.4000015258789 84.9000015258789 87.6999969482422 -3.4e+38 -3.4e+38 -3.4e+38 86.3000030517578 82 81.9000015258789 80.3000030517578 81.6999969482422 79.9000015258789 80.3000030517578 -3.4e+38 -3.4e+38 83.5999984741211 -3.4e+38 -3.4e+38 -3.4e+38 -3.4e+38 -3.4e+38 -3.4e+38 -3.4e+38 -3.4e+38 -3.4e+38 -3.4e+38 -3.4e+38 -3.4e+38 -3.4e+38 -3.4e+38
100.599998474121 97.5999984741211 92.5999984741211 85.5 93.6999969482422 96.0999984741211 94.4000015258789 94.3000030517578 94.6999969482422 94.6999969482422 86.8000030517578 87.6999969482422 87 90.4000015258789 88.3000030517578 89.6999969482422 90.3000030517578 83 87.8000030517578 82.6999969482422 80.4000015258789 87.5999984741211 89.1999969482422 84.5 87.8000030517578 87.5999984741211 87.8000030517578 -3.4e+38 -3.4e+38 -3.4e+38 89.5999984741211 88.1999969482422 84.8000030517578 79.5999984741211 80.3000030517578 79.1999969482422 79.3000030517578 80.0999984741211 81.0999984741211 80.5999984741211 81.4000015258789 -3.4e+38 -3.4e+38 -3.4e+38 -3.4e+38 -3.4e+38 -3.4e+38 -3.4e+38 -3.4e+38 -3.4e+38 -3.4e+38 -3.4e+38 -3.4e+38 -3.4e+38 -3.4e+38
99.3000030517578 95.1999969482422 90.1999969482422 82.3000030517578 90.4000015258789 94.3000030517578 93.5999984741211 91 92.0999984741211 87.9000015258789 90.3000030517578 90.9000015258789 87.0999984741211 90.6999969482422 92.1999969482422 92.0999984741211 87.6999969482422 88.3000030517578 90.5 87.5 88.3000030517578 88.3000030517578 90.6999969482422 87.3000030517578 87.5 87.8000030517578 -3.4e+38 -3.4e+38 -3.4e+38 -3.4e+38 89.5999984741211 88.9000015258789 86.9000015258789 79.4000015258789 78.3000030517578 75.5999984741211 77.6999969482422 78.4000015258789 80.3000030517578 80.6999969482422 81 -3.4e+38 -3.4e+38 -3.4e+38 -3.4e+38 -3.4e+38 -3.4e+38 -3.4e+38 -3.4e+38 -3.4e+38 -3.4e+38 -3.4e+38 -3.4e+38 -3.4e+38 -3.4e+38
99.4000015258789 93.8000030517578 89.9000015258789 82 88.5999984741211 95.3000030517578 93.1999969482422 92.8000030517578 87.9000015258789 88.1999969482422 87.9000015258789 90 89.6999969482422 89.3000030517578 90.0999984741211 89.9000015258789 84.1999969482422 87.3000030517578 89.5 90.3000030517578 88 88.3000030517578 89.0999984741211 90.0999984741211 89.3000030517578 -3.4e+38 -3.4e+38 -3.4e+38 -3.4e+38 91.0999984741211 89.8000030517578 83.1999969482422 86.0999984741211 76.1999969482422 74.5 77.0999984741211 77.5 78.4000015258789 79.6999969482422 -3.4e+38 -3.4e+38 -3.4e+38 -3.4e+38 -3.4e+38 -3.4e+38 -3.4e+38 -3.4e+38 -3.4e+38 -3.4e+38 -3.4e+38 -3.4e+38 -3.4e+38 -3.4e+38 -3.4e+38 -3.4e+38
99.0999984741211 95.9000015258789 86.1999969482422 90.0999984741211 92 92.5999984741211 92.5999984741211 92.5999984741211 92.1999969482422 90.3000030517578 90.3000030517578 89.4000015258789 92.0999984741211 91.5999984741211 91.9000015258789 90.3000030517578 88.8000030517578 89.0999984741211 87.3000030517578 90.5999984741211 85.0999984741211 90 93.1999969482422 89.6999969482422 -3.4e+38 -3.4e+38 -3.4e+38 -3.4e+38 -3.4e+38 89.5999984741211 83.6999969482422 85.5999984741211 82.5 79.9000015258789 75 75 75.5 78.4000015258789 78.9000015258789 -3.4e+38 -3.4e+38 -3.4e+38 -3.4e+38 -3.4e+38 -3.4e+38 -3.4e+38 -3.4e+38 -3.4e+38 -3.4e+38 -3.4e+38 -3.4e+38 -3.4e+38 -3.4e+38 -3.4e+38 -3.4e+38
98.3000030517578 95.4000015258789 90 93.5999984741211 93.9000015258789 92.9000015258789 93.5 93.9000015258789 93.5 93.4000015258789 93.5 92.6999969482422 92.5 92.4000015258789 92.1999969482422 90.5 88.9000015258789 90.4000015258789 90.3000030517578 90.4000015258789 88.5 90.9000015258789 91.1999969482422 92.0999984741211 -3.4e+38 -3.4e+38 -3.4e+38 -3.4e+38 91.0999984741211 89.4000015258789 83.4000015258789 84.3000030517578 84.6999969482422 81.9000015258789 80 79.5 75.6999969482422 77.5 78.4000015258789 79.1999969482422 -3.4e+38 -3.4e+38 -3.4e+38 -3.4e+38 -3.4e+38 -3.4e+38 -3.4e+38 -3.4e+38 -3.4e+38 -3.4e+38 -3.4e+38 -3.4e+38 -3.4e+38 -3.4e+38 -3.4e+38
98 95.6999969482422 91.9000015258789 93.1999969482422 94.1999969482422 92.8000030517578 93.5999984741211 93.4000015258789 93.4000015258789 93.5 92.3000030517578 93.1999969482422 93.5999984741211 92.3000030517578 92.3000030517578 92 89.6999969482422 90.9000015258789 91.6999969482422 90.6999969482422 90.5 90.3000030517578 92.8000030517578 -3.4e+38 -3.4e+38 -3.4e+38 -3.4e+38 91.6999969482422 90.9000015258789 89.1999969482422 83 87.5999984741211 84.6999969482422 83.5999984741211 82.3000030517578 81.5 79.8000030517578 77.1999969482422 77.3000030517578 78.5999984741211 81 -3.4e+38 -3.4e+38 -3.4e+38 -3.4e+38 -3.4e+38 -3.4e+38 -3.4e+38 -3.4e+38 -3.4e+38 -3.4e+38 -3.4e+38 -3.4e+38 -3.4e+38 -3.4e+38
98.6999969482422 96.4000015258789 95 94.6999969482422 95 94.3000030517578 94.3000030517578 94.0999984741211 94.1999969482422 93.8000030517578 93.4000015258789 93.1999969482422 94 92.5 93.8000030517578 92.1999969482422 91 91.5999984741211 92.6999969482422 92.5 92.5999984741211 92.0999984741211 92.4000015258789 -3.4e+38 -3.4e+38 -3.4e+38 -3.4e+38 91.3000030517578 90.3000030517578 90 91.0999984741211 89.3000030517578 85.9000015258789 84.9000015258789 82.5999984741211 82.0999984741211 79.4000015258789 77.8000030517578 78.0999984741211 79.5 81 -3.4e+38 -3.4e+38 -3.4e+38 -3.4e+38 -3.4e+38 -3.4e+38 -3.4e+38 -3.4e+38 -3.4e+38 -3.4e+38 -3.4e+38 -3.4e+38 -3.4e+38 -3.4e+38
98.0999984741211 97 96.5999984741211 96.1999969482422 95.3000030517578 95.0999984741211 94.9000015258789 94.0999984741211 93.3000030517578 93.1999969482422 93.5 93.8000030517578 93.8000030517578 93.8000030517578 93.3000030517578 92.6999969482422 91.4000015258789 91.3000030517578 92.1999969482422 92.9000015258789 92.5999984741211 94 -3.4e+38 91.9000015258789 92.5 -3.4e+38 91.0999984741211 91.6999969482422 91.0999984741211 86.9000015258789 82.0999984741211 85.3000030517578 86.1999969482422 84.0999984741211 82.3000030517578 82.9000015258789 80.9000015258789 80.3000030517578 78.5 80.3000030517578 81.5999984741211 -3.4e+38 -3.4e+38 -3.4e+38 -3.4e+38 -3.4e+38 -3.4e+38 91.3000030517578 93 94.8000030517578 96.1999969482422 -3.4e+38 -3.4e+38 -3.4e+38 -3.4e+38
97.1999969482422 96.9000015258789 96.4000015258789 96.0999984741211 94.5999984741211 94 94.5 93.1999969482422 93.9000015258789 93.9000015258789 94.4000015258789 93.3000030517578 94.6999969482422 94.8000030517578 94 94.0999984741211 92.9000015258789 91.6999969482422 95.3000030517578 94.4000015258789 94.1999969482422 -3.4e+38 92.0999984741211 91.5999984741211 90.9000015258789 89.3000030517578 89.5 90.5 89.3000030517578 85.1999969482422 85.6999969482422 85.4000015258789 86.5999984741211 85 84.4000015258789 82.9000015258789 81.5999984741211 80.8000030517578 80.1999969482422 80.6999969482422 82.5999984741211 81.5 82.5 84.8000030517578 -3.4e+38 -3.4e+38 -3.4e+38 91.1999969482422 91.4000015258789 94.9000015258789 96.1999969482422 96.5 97 -3.4e+38 -3.4e+38
-3.4e+38 -3.4e+38 -3.4e+38 -3.4e+38 -3.4e+38 94.3000030517578 94.1999969482422 93.5 93.5999984741211 93.8000030517578 94.5999984741211 94.3000030517578 95.0999984741211 95.5 94.5999984741211 95.5999984741211 94.4000015258789 96.1999969482422 96.1999969482422 96.6999969482422 -3.4e+38 93.0999984741211 92.4000015258789 87.3000030517578 87.0999984741211 85.0999984741211 82.0999984741211 90.0999984741211 90.9000015258789 88.0999984741211 87.3000030517578 84.0999984741211 85.6999969482422 85.6999969482422 85.1999969482422 82.6999969482422 81.8000030517578 81.5999984741211 81.3000030517578 81 80.5 81.4000015258789 82.9000015258789 83.5 86.0999984741211 -3.4e+38 -3.4e+38 90.6999969482422 92.5 94.5999984741211 93.5999984741211 93.5 93.5 -3.4e+38 -3.4e+38
-3.4e+38 -3.4e+38 -3.4e+38 -3.4e+38 -3.4e+38 -3.4e+38 -3.4e+38 -3.4e+38 -3.4e+38 -3.4e+38 93.6999969482422 93.8000030517578 93.5999984741211 92.9000015258789 93.4000015258789 94.0999984741211 94.6999969482422 96.3000030517578 95.6999969482422 -3.4e+38 92.1999969482422 93.8000030517578 92.5999984741211 88.5999984741211 83.0999984741211 75.5999984741211 71.6999969482422 82.1999969482422 87.0999984741211 89.6999969482422 82.4000015258789 83.5 79 80.6999969482422 83.5 83.9000015258789 81.9000015258789 81.9000015258789 80.5999984741211 80.5 80.0999984741211 80.1999969482422 81.6999969482422 82.8000030517578 82.3000030517578 86.1999969482422 -3.4e+38 89.3000030517578 92.1999969482422 92.9000015258789 91.1999969482422 91.5 94.5999984741211 95.8000030517578 95.6999969482422
-3.4e+38 -3.4e+38 -3.4e+38 93.1999969482422 92.8000030517578 92.6999969482422 92.6999969482422 92.6999969482422 93.0999984741211 92.4000015258789 92.5999984741211 92.4000015258789 91.6999969482422 92.1999969482422 92.8000030517578 92.9000015258789 93.9000015258789 94.6999969482422 -3.4e+38 91.9000015258789 92 91.8000030517578 75.5999984741211 90.4000015258789 78 71 66 80 89.1999969482422 81.9000015258789 84.8000030517578 79.5 77.1999969482422 79.6999969482422 82.3000030517578 83.5 82.8000030517578 82 81.4000015258789 81.0999984741211 78.9000015258789 78.1999969482422 80.0999984741211 81.3000030517578 79.1999969482422 83.8000030517578 87.8000030517578 89.9000015258789 90.3000030517578 90.6999969482422 90.0999984741211 91.5999984741211 94.3000030517578 94.5 92.3000030517578
-3.4e+38 -3.4e+38 -3.4e+38 93.0999984741211 92.6999969482422 92.4000015258789 91.5999984741211 91.3000030517578 90.8000030517578 89.9000015258789 91.0999984741211 90.6999969482422 90.9000015258789 91.5 91.1999969482422 90.9000015258789 -3.4e+38 -3.4e+38 93.5 91.9000015258789 85.3000030517578 81.1999969482422 81.3000030517578 82.0999984741211 86.0999984741211 75.6999969482422 80.9000015258789 74.1999969482422 88.0999984741211 84.3000030517578 82.9000015258789 83.5999984741211 82 80.6999969482422 82.4000015258789 82.6999969482422 82.0999984741211 82.5 82.4000015258789 81.5999984741211 81.3000030517578 79.5 79.5 81.1999969482422 82.3000030517578 85.3000030517578 86.3000030517578 88.5 89.8000030517578 90.4000015258789 87.6999969482422 90.6999969482422 91.0999984741211 91.4000015258789 89.8000030517578
-3.4e+38 -3.4e+38 -3.4e+38 -3.4e+38 92.5 92 91.5 90.4000015258789 90.1999969482422 90.1999969482422 90.3000030517578 -3.4e+38 -3.4e+38 -3.4e+38 -3.4e+38 -3.4e+38 91.1999969482422 88.0999984741211 94.8000030517578 91.8000030517578 85.0999984741211 81.3000030517578 81.5 82.5999984741211 85 79 78.0999984741211 83.9000015258789 86 83.5 82.1999969482422 82.9000015258789 81.8000030517578 82.3000030517578 81.3000030517578 82.3000030517578 82.0999984741211 82.1999969482422 82.1999969482422 83.3000030517578 83 79.9000015258789 81.5999984741211 81.5 82.4000015258789 84.9000015258789 85.9000015258789 87.3000030517578 87.5999984741211 89.6999969482422 88.6999969482422 90.0999984741211 90.5 89.1999969482422 88.0999984741211
-3.4e+38 -3.4e+38 -3.4e+38 -3.4e+38 -3.4e+38 -3.4e+38 91.0999984741211 90.9000015258789 -3.4e+38 -3.4e+38 -3.4e+38 -3.4e+38 -3.4e+38 -3.4e+38 -3.4e+38 -3.4e+38 91.0999984741211 88.4000015258789 92.0999984741211 88.8000030517578 74.8000030517578 68.6999969482422 72.9000015258789 77.8000030517578 80.6999969482422 75.5 77.5999984741211 80.6999969482422 82.0999984741211 84.5 81.9000015258789 81.0999984741211 79.9000015258789 79.5999984741211 80.8000030517578 81.8000030517578 82.0999984741211 82.3000030517578 82.1999969482422 82.1999969482422 -3.4e+38 81.5999984741211 81.3000030517578 82.4000015258789 83.9000015258789 86 86.1999969482422 87.3000030517578 88 85.6999969482422 87.1999969482422 89.3000030517578 89.0999984741211 86.8000030517578 84
-3.4e+38 -3.4e+38 -3.4e+38 -3.4e+38 -3.4e+38 -3.4e+38 -3.4e+38 -3.4e+38 -3.4e+38 -3.4e+38 -3.4e+38 -3.4e+38 -3.4e+38 -3.4e+38 -3.4e+38 89.5999984741211 91.1999969482422 88.3000030517578 88.5999984741211 79.5999984741211 77.3000030517578 71.8000030517578 67.8000030517578 73.6999969482422 71.4000015258789 77 80.5 77.1999969482422 80.0999984741211 80.5999984741211 81.3000030517578 79.5 75.1999969482422 -3.4e+38 -3.4e+38 -3.4e+38 -3.4e+38 -3.4e+38 -3.4e+38 -3.4e+38 -3.4e+38 82.5 81.8000030517578 82.5999984741211 83.6999969482422 85.1999969482422 83.5999984741211 85.8000030517578 87.0999984741211 85.5 85.5999984741211 88.8000030517578 87.9000015258789 86.3000030517578 81.5
-3.4e+38 -3.4e+38 -3.4e+38 -3.4e+38 -3.4e+38 -3.4e+38 -3.4e+38 -3.4e+38 -3.4e+38 -3.4e+38 -3.4e+38 -3.4e+38 -3.4e+38 90.9000015258789 91.0999984741211 89.3000030517578 89.0999984741211 88.3000030517578 85.1999969482422 77.8000030517578 66.0999984741211 66.3000030517578 63.0999984741211 69.5 73.5999984741211 77.0999984741211 76.5999984741211 80.3000030517578 78.8000030517578 77.6999969482422 79.5999984741211 81 80.8000030517578 -3.4e+38 -3.4e+38 -3.4e+38 -3.4e+38 -3.4e+38 -3.4e+38 -3.4e+38 -3.4e+38 -3.4e+38 83.0999984741211 82.0999984741211 81.8000030517578 83.3000030517578 83 84.6999969482422 85.3000030517578 85.3000030517578 84.5 87.5 85.4000015258789 84.0999984741211 82.5
-3.4e+38 -3.4e+38 -3.4e+38 -3.4e+38 -3.4e+38 -3.4e+38 -3.4e+38 -3.4e+38 -3.4e+38 -3.4e+38 -3.4e+38 -3.4e+38 -3.4e+38 90.8000030517578 89.6999969482422 90.3000030517578 90.3000030517578 88.1999969482422 83.9000015258789 76.9000015258789 63.2000007629395 65.5 65.4000015258789 66.9000015258789 74.0999984741211 68.0999984741211 73.4000015258789 76.5 76.8000030517578 77 77.5999984741211 77.9000015258789 78.6999969482422 -3.4e+38 -3.4e+38 -3.4e+38 -3.4e+38 -3.4e+38 -3.4e+38 -3.4e+38 -3.4e+38 -3.4e+38 -3.4e+38 83 79.5 82.6999969482422 82.9000015258789 84.1999969482422 84.6999969482422 83.5999984741211 85.3000030517578 84 84.3000030517578 83.4000015258789 81.5
-3.4e+38 -3.4e+38 -3.4e+38 -3.4e+38 -3.4e+38 -3.4e+38 -3.4e+38 -3.4e+38 -3.4e+38 -3.4e+38 -3.4e+38 -3.4e+38 91.0999984741211 90.3000030517578 89.0999984741211 90 91 88.3000030517578 84.5999984741211 68.0999984741211 70.8000030517578 58.7000007629395 60.7000007629395 67.5 71.1999969482422 68.1999969482422 70.5999984741211 73.3000030517578 76.3000030517578 76.5999984741211 80.8000030517578 77.5999984741211 78.5999984741211 -3.4e+38 -3.4e+38 -3.4e+38 -3.4e+38 -3.4e+38 -3.4e+38 -3.4e+38 -3.4e+38 -3.4e+38 -3.4e+38 -3.4e+38 82.1999969482422 81.5999984741211 82.8000030517578 82.5999984741211 84.5 82.4000015258789 83.5 83.1999969482422 83.1999969482422 82.3000030517578 80.5
-3.4e+38 -3.4e+38 -3.4e+38 -3.4e+38 -3.4e+38 -3.4e+38 -3.4e+38 -3.4e+38 -3.4e+38 -3.4e+38 -3.4e+38 91.0999984741211 90.5 90.3000030517578 90 89.8000030517578 87.4000015258789 85.5999984741211 77.5 65.5999984741211 72.0999984741211 68.5999984741211 58.4000015258789 63.5 67.9000015258789 65.1999969482422 69.3000030517578 73.0999984741211 75.1999969482422 76.4000015258789 77.3000030517578 77.9000015258789 -3.4e+38 -3.4e+38 -3.4e+38 -3.4e+38 -3.4e+38 -3.4e+38 -3.4e+38 -3.4e+38 -3.4e+38 -3.4e+38 -3.4e+38 -3.4e+38 82.1999969482422 80.5 82.0999984741211 82.0999984741211 84 81.5999984741211 81.0999984741211 83.4000015258789 81.8000030517578 80.1999969482422 78.5
-3.4e+38 -3.4e+38 -3.4e+38 -3.4e+38 -3.4e+38 -3.4e+38 -3.4e+38 -3.4e+38 -3.4e+38 -3.4e+38 -3.4e+38 -3.4e+38 90.4000015258789 88.9000015258789 88.5999984741211 87 88.1999969482422 85.8000030517578 77.3000030517578 73.5999984741211 76.1999969482422 72.8000030517578 68.4000015258789 67.6999969482422 67.6999969482422 65 70 72.0999984741211 71.8000030517578 74.8000030517578 75.8000030517578 -3.4e+38 -3.4e+38 -3.4e+38 -3.4e+38 -3.4e+38 -3.4e+38 -3.4e+38 -3.4e+38 -3.4e+38 -3.4e+38 -3.4e+38 -3.4e+38 -3.4e+38 -3.4e+38 82.6999969482422 80.5 81.6999969482422 81.8000030517578 82.1999969482422 80.8000030517578 81 80 77.0999984741211 76.0999984741211
-3.4e+38 -3.4e+38 -3.4e+38 -3.4e+38 -3.4e+38 -3.4e+38 -3.4e+38 -3.4e+38 -3.4e+38 -3.4e+38 -3.4e+38 -3.4e+38 89.5999984741211 89.5999984741211 89.3000030517578 89.0999984741211 88.1999969482422 86.9000015258789 79.0999984741211 75.6999969482422 60.4000015258789 69.0999984741211 66.4000015258789 64.9000015258789 66.5999984741211 67.6999969482422 67.9000015258789 70.5 -3.4e+38 -3.4e+38 -3.4e+38 -3.4e+38 -3.4e+38 -3.4e+38 -3.4e+38 -3.4e+38 -3.4e+38 -3.4e+38 -3.4e+38 -3.4e+38 -3.4e+38 -3.4e+38 -3.4e+38 -3.4e+38 84.3000030517578 83.3000030517578 79.1999969482422 80.8000030517578 79.5999984741211 79 78.9000015258789 81.4000015258789 79.8000030517578 77.1999969482422 75.8000030517578
-3.4e+38 -3.4e+38 -3.4e+38 -3.4e+38 -3.4e+38 -3.4e+38 -3.4e+38 -3.4e+38 -3.4e+38 -3.4e+38 -3.4e+38 -3.4e+38 90.5999984741211 89.0999984741211 88.5999984741211 90.5999984741211 87.4000015258789 84.5999984741211 77.1999969482422 73 60.2000007629395 60.0999984741211 64.1999969482422 65.9000015258789 63.7000007629395 67 68.5999984741211 70.9000015258789 -3.4e+38 -3.4e+38 -3.4e+38 -3.4e+38 -3.4e+38 -3.4e+38 -3.4e+38 -3.4e+38 -3.4e+38 -3.4e+38 -3.4e+38 -3.4e+38 -3.4e+38 -3.4e+38 -3.4e+38 -3.4e+38 84.0999984741211 83 81.3000030517578 79.5 76.1999969482422 75.1999969482422 80 77.5999984741211 77.8000030517578 76.0999984741211 75.3000030517578
-3.4e+38 -3.4e+38 -3.4e+38 -3.4e+38 -3.4e+38 -3.4e+38 -3.4e+38 -3.4e+38 -3.4e+38 -3.4e+38 -3.4e+38 -3.4e+38 91.1999969482422 90.1999969482422 91.5999984741211 89.8000030517578 83.9000015258789 84.9000015258789 83.3000030517578 78.5 71.4000015258789 66 65.1999969482422 64.5999984741211 63.5999984741211 67.5 68.5999984741211 71.6999969482422 -3.4e+38 -3.4e+38 -3.4e+38 -3.4e+38 -3.4e+38 -3.4e+38 -3.4e+38 -3.4e+38 -3.4e+38 -3.4e+38 -3.4e+38 -3.4e+38 -3.4e+38 -3.4e+38 -3.4e+38 -3.4e+38 83.9000015258789 82.6999969482422 81.1999969482422 79.1999969482422 75.8000030517578 76.1999969482422 74 75 75.6999969482422 75.5999984741211 73.9000015258789
