data/bioclim/SHM1.asc
NCOLS 391 
NROWS 575 
XLLCORNER -1773000 
YLLCORNER 4368000 
CELLSIZE 1000 
NODATA_value -3.4e+38 
[rows 300 to 324 of 575, columns 165 to 219 of 391]
72.0999984741211 69.9000015258789 72 70.1999969482422 66.5 69.6999969482422 69.8000030517578 69.5 69.5 72 73.5 77 78.4000015258789 76.5999984741211 78.9000015258789 82.3000030517578 83.0999984741211 83.6999969482422 83.6999969482422 -3.4e+38 -3.4e+38 -3.4e+38 -3.4e+38 -3.4e+38 -3.4e+38 -3.4e+38 -3.4e+38 -3.4e+38 -3.4e+38 -3.4e+38 -3.4e+38 -3.4e+38 -3.4e+38 -3.4e+38 -3.4e+38 85.0999984741211 76.8000030517578 69.0999984741211 62.9000015258789 61.2000007629395 65.5999984741211 76.8000030517578 -3.4e+38 -3.4e+38 -3.4e+38 -3.4e+38 -3.4e+38 -3.4e+38 -3.4e+38 -3.4e+38 -3.4e+38 -3.4e+38 -3.4e+38 -3.4e+38 -3.4e+38
75.0999984741211 69.6999969482422 67.5999984741211 68.0999984741211 66.5999984741211 69.4000015258789 69.5 72.0999984741211 72.5999984741211 72.9000015258789 73.5 77 80 79.1999969482422 79.4000015258789 83.9000015258789 85.0999984741211 86.5 86.5999984741211 -3.4e+38 -3.4e+38 -3.4e+38 -3.4e+38 -3.4e+38 -3.4e+38 -3.4e+38 -3.4e+38 -3.4e+38 -3.4e+38 -3.4e+38 -3.4e+38 -3.4e+38 -3.4e+38 -3.4e+38 -3.4e+38 -3.4e+38 76.5999984741211 72 65 59.7999992370605 55.0999984741211 68.6999969482422 76.1999969482422 74.9000015258789 80 83.1999969482422 -3.4e+38 -3.4e+38 -3.4e+38 -3.4e+38 -3.4e+38 -3.4e+38 -3.4e+38 -3.4e+38 -3.4e+38
72.8000030517578 68.9000015258789 70.6999969482422 68.6999969482422 65.9000015258789 69.0999984741211 71.3000030517578 72.5999984741211 73.5 72.8000030517578 76.1999969482422 79.9000015258789 82.1999969482422 83.0999984741211 81.6999969482422 81.8000030517578 82.8000030517578 83.1999969482422 86.5 -3.4e+38 -3.4e+38 -3.4e+38 -3.4e+38 -3.4e+38 -3.4e+38 -3.4e+38 -3.4e+38 -3.4e+38 -3.4e+38 -3.4e+38 -3.4e+38 -3.4e+38 -3.4e+38 -3.4e+38 -3.4e+38 -3.4e+38 77 70 64.4000015258789 57.7000007629395 53.0999984741211 71.1999969482422 72.8000030517578 77.4000015258789 78.5999984741211 82.5 -3.4e+38 -3.4e+38 -3.4e+38 -3.4e+38 -3.4e+38 -3.4e+38 -3.4e+38 -3.4e+38 -3.4e+38
74.5999984741211 72.0999984741211 68.5999984741211 65.9000015258789 65.8000030517578 66.0999984741211 69.4000015258789 72.1999969482422 73.5999984741211 75.1999969482422 77.5 79.0999984741211 80.0999984741211 78.9000015258789 82.8000030517578 83.3000030517578 83.4000015258789 87.5999984741211 86.1999969482422 89.3000030517578 -3.4e+38 -3.4e+38 -3.4e+38 -3.4e+38 -3.4e+38 -3.4e+38 -3.4e+38 -3.4e+38 -3.4e+38 -3.4e+38 -3.4e+38 -3.4e+38 -3.4e+38 -3.4e+38 -3.4e+38 -3.4e+38 80 75.1999969482422 66.6999969482422 52.2999992370605 60.9000015258789 67.5 70.0999984741211 73.5999984741211 79.5 82.6999969482422 -3.4e+38 -3.4e+38 -3.4e+38 -3.4e+38 -3.4e+38 -3.4e+38 -3.4e+38 -3.4e+38 -3.4e+38
75.9000015258789 74.5 72.0999984741211 68.3000030517578 66.5 68.5999984741211 69.3000030517578 71.3000030517578 71.9000015258789 74.5999984741211 77.1999969482422 78 77.8000030517578 80.5999984741211 81.4000015258789 82.9000015258789 83.8000030517578 85.1999969482422 88.5 88.6999969482422 89.9000015258789 -3.4e+38 -3.4e+38 -3.4e+38 -3.4e+38 -3.4e+38 -3.4e+38 -3.4e+38 -3.4e+38 -3.4e+38 -3.4e+38 -3.4e+38 -3.4e+38 -3.4e+38 -3.4e+38 -3.4e+38 78.5999984741211 70.0999984741211 62.9000015258789 55.9000015258789 56.5999984741211 66.0999984741211 72.0999984741211 70.4000015258789 76.6999969482422 82.5999984741211 83.0999984741211 -3.4e+38 -3.4e+38 -3.4e+38 -3.4e+38 -3.4e+38 -3.4e+38 -3.4e+38 -3.4e+38
75.8000030517578 73.9000015258789 71.3000030517578 67.3000030517578 68.5 68.1999969482422 69.9000015258789 71.3000030517578 72.8000030517578 74 77 77 77.8000030517578 80.1999969482422 80.3000030517578 80.8000030517578 82.1999969482422 82.9000015258789 87.9000015258789 83.6999969482422 87.9000015258789 89.6999969482422 -3.4e+38 -3.4e+38 -3.4e+38 -3.4e+38 -3.4e+38 -3.4e+38 -3.4e+38 -3.4e+38 -3.4e+38 -3.4e+38 -3.4e+38 -3.4e+38 -3.4e+38 -3.4e+38 81.6999969482422 75.3000030517578 63.9000015258789 61.9000015258789 55 62.7999992370605 71 74.1999969482422 79.5 81.8000030517578 83.0999984741211 -3.4e+38 -3.4e+38 -3.4e+38 -3.4e+38 -3.4e+38 -3.4e+38 -3.4e+38 -3.4e+38
74.5 73.3000030517578 72 71.0999984741211 68.4000015258789 68.8000030517578 70.8000030517578 70.9000015258789 73.4000015258789 73.5999984741211 72.6999969482422 75 77.3000030517578 78.1999969482422 78.6999969482422 79.9000015258789 82.6999969482422 82.8000030517578 86.5999984741211 84.0999984741211 88 88.9000015258789 -3.4e+38 -3.4e+38 -3.4e+38 -3.4e+38 -3.4e+38 -3.4e+38 -3.4e+38 -3.4e+38 -3.4e+38 -3.4e+38 -3.4e+38 -3.4e+38 -3.4e+38 -3.4e+38 -3.4e+38 79.5 76.4000015258789 72.8000030517578 60.5 67.1999969482422 73.6999969482422 76.1999969482422 80.5999984741211 81.5999984741211 84.5 -3.4e+38 -3.4e+38 -3.4e+38 -3.4e+38 -3.4e+38 -3.4e+38 -3.4e+38 -3.4e+38
72.0999984741211 74.0999984741211 74 71 69.5999984741211 70.3000030517578 70.6999969482422 72.9000015258789 72.8000030517578 73.5 74.5 73.9000015258789 73.0999984741211 74.8000030517578 73.4000015258789 75.4000015258789 78.8000030517578 84.8000030517578 82.6999969482422 83.1999969482422 83.9000015258789 88.9000015258789 -3.4e+38 -3.4e+38 -3.4e+38 -3.4e+38 -3.4e+38 -3.4e+38 -3.4e+38 -3.4e+38 -3.4e+38 -3.4e+38 -3.4e+38 -3.4e+38 -3.4e+38 -3.4e+38 -3.4e+38 85.1999969482422 78.5 67.8000030517578 60.7000007629395 64.3000030517578 70.9000015258789 75.9000015258789 76.3000030517578 79.6999969482422 82.6999969482422 -3.4e+38 -3.4e+38 -3.4e+38 -3.4e+38 -3.4e+38 -3.4e+38 -3.4e+38 -3.4e+38
73.1999969482422 77 73.8000030517578 73.9000015258789 71.6999969482422 72.0999984741211 73.4000015258789 73.5 72.8000030517578 76.0999984741211 76.5999984741211 76.5999984741211 76.5 76.5999984741211 73 77.4000015258789 78.5999984741211 82.6999969482422 -3.4e+38 -3.4e+38 -3.4e+38 -3.4e+38 -3.4e+38 -3.4e+38 -3.4e+38 -3.4e+38 -3.4e+38 -3.4e+38 -3.4e+38 -3.4e+38 -3.4e+38 -3.4e+38 -3.4e+38 -3.4e+38 -3.4e+38 -3.4e+38 -3.4e+38 81.3000030517578 76.1999969482422 69.5999984741211 61.2000007629395 60 64.1999969482422 69.3000030517578 76.4000015258789 81.0999984741211 -3.4e+38 -3.4e+38 -3.4e+38 -3.4e+38 -3.4e+38 -3.4e+38 -3.4e+38 -3.4e+38 -3.4e+38
75 75.1999969482422 75.0999984741211 73.9000015258789 73.8000030517578 73.5 74.1999969482422 73.5 74 74.6999969482422 75.6999969482422 76.6999969482422 76.4000015258789 75.6999969482422 72.3000030517578 77.1999969482422 78.4000015258789 -3.4e+38 -3.4e+38 -3.4e+38 -3.4e+38 -3.4e+38 -3.4e+38 -3.4e+38 -3.4e+38 -3.4e+38 -3.4e+38 -3.4e+38 -3.4e+38 -3.4e+38 -3.4e+38 -3.4e+38 -3.4e+38 -3.4e+38 -3.4e+38 -3.4e+38 -3.4e+38 82.9000015258789 79.5 65.8000030517578 64.3000030517578 59.5999984741211 55.9000015258789 69.0999984741211 77.5999984741211 -3.4e+38 -3.4e+38 -3.4e+38 -3.4e+38 -3.4e+38 -3.4e+38 -3.4e+38 -3.4e+38 -3.4e+38 -3.4e+38
76.8000030517578 76.5999984741211 76.5 73.8000030517578 76.1999969482422 73.6999969482422 75.5999984741211 74 71.5999984741211 73.4000015258789 74.5 76 78.9000015258789 79.8000030517578 77.1999969482422 77 -3.4e+38 -3.4e+38 -3.4e+38 -3.4e+38 -3.4e+38 -3.4e+38 -3.4e+38 -3.4e+38 -3.4e+38 -3.4e+38 -3.4e+38 -3.4e+38 -3.4e+38 -3.4e+38 -3.4e+38 -3.4e+38 -3.4e+38 -3.4e+38 -3.4e+38 -3.4e+38 -3.4e+38 -3.4e+38 82.9000015258789 73.4000015258789 68.1999969482422 57.4000015258789 61.5 71.4000015258789 76.1999969482422 -3.4e+38 -3.4e+38 -3.4e+38 -3.4e+38 -3.4e+38 -3.4e+38 -3.4e+38 -3.4e+38 -3.4e+38 -3.4e+38
76.6999969482422 76.5 77.8000030517578 74.3000030517578 76.3000030517578 76.5999984741211 71.5999984741211 72.4000015258789 69.5999984741211 71.4000015258789 73.3000030517578 71.8000030517578 77.0999984741211 79.8000030517578 81 80.3000030517578 81.6999969482422 -3.4e+38 -3.4e+38 -3.4e+38 -3.4e+38 -3.4e+38 -3.4e+38 -3.4e+38 -3.4e+38 -3.4e+38 -3.4e+38 -3.4e+38 -3.4e+38 -3.4e+38 -3.4e+38 -3.4e+38 -3.4e+38 -3.4e+38 -3.4e+38 -3.4e+38 -3.4e+38 -3.4e+38 76.0999984741211 73.0999984741211 63.7000007629395 57 53.7999992370605 68.5 75.3000030517578 -3.4e+38 -3.4e+38 -3.4e+38 -3.4e+38 -3.4e+38 -3.4e+38 -3.4e+38 -3.4e+38 -3.4e+38 -3.4e+38
76.6999969482422 76.1999969482422 78.5 76.6999969482422 77.5 76.6999969482422 74.0999984741211 72.5 72.0999984741211 70.5 66.9000015258789 73 76.0999984741211 79.4000015258789 84 81.3000030517578 82.8000030517578 -3.4e+38 -3.4e+38 -3.4e+38 -3.4e+38 -3.4e+38 -3.4e+38 -3.4e+38 -3.4e+38 -3.4e+38 -3.4e+38 -3.4e+38 -3.4e+38 -3.4e+38 -3.4e+38 -3.4e+38 -3.4e+38 -3.4e+38 -3.4e+38 -3.4e+38 -3.4e+38 -3.4e+38 -3.4e+38 78.3000030517578 70.4000015258789 64 57.7999992370605 66.5 74.4000015258789 -3.4e+38 -3.4e+38 -3.4e+38 -3.4e+38 -3.4e+38 -3.4e+38 -3.4e+38 -3.4e+38 -3.4e+38 -3.4e+38
77 79.0999984741211 79.4000015258789 77.5999984741211 78.3000030517578 77.1999969482422 75.6999969482422 73.5999984741211 71.8000030517578 71.3000030517578 74.0999984741211 74 75.3000030517578 75.9000015258789 78.3000030517578 85.9000015258789 80.5999984741211 81.9000015258789 85.5 -3.4e+38 -3.4e+38 -3.4e+38 -3.4e+38 -3.4e+38 -3.4e+38 -3.4e+38 -3.4e+38 -3.4e+38 -3.4e+38 -3.4e+38 -3.4e+38 -3.4e+38 -3.4e+38 -3.4e+38 -3.4e+38 -3.4e+38 -3.4e+38 -3.4e+38 -3.4e+38 78.6999969482422 75.9000015258789 71.3000030517578 57.7000007629395 71.5999984741211 74.9000015258789 -3.4e+38 -3.4e+38 -3.4e+38 -3.4e+38 -3.4e+38 -3.4e+38 -3.4e+38 -3.4e+38 -3.4e+38 -3.4e+38
78.4000015258789 79.3000030517578 79.5 78.3000030517578 79.5 77.9000015258789 77 74.3000030517578 74.0999984741211 75.5999984741211 76.6999969482422 74.5 75.3000030517578 76.6999969482422 79.8000030517578 84.3000030517578 79.8000030517578 80.5999984741211 84.4000015258789 -3.4e+38 -3.4e+38 -3.4e+38 -3.4e+38 -3.4e+38 -3.4e+38 -3.4e+38 -3.4e+38 -3.4e+38 -3.4e+38 -3.4e+38 -3.4e+38 -3.4e+38 -3.4e+38 -3.4e+38 -3.4e+38 -3.4e+38 -3.4e+38 -3.4e+38 82.8000030517578 81.0999984741211 78.1999969482422 73.8000030517578 60.9000015258789 69.6999969482422 73.6999969482422 -3.4e+38 -3.4e+38 -3.4e+38 -3.4e+38 -3.4e+38 -3.4e+38 -3.4e+38 -3.4e+38 -3.4e+38 -3.4e+38
79.8000030517578 79.5 79.1999969482422 78.8000030517578 79.5999984741211 77.9000015258789 77.0999984741211 74.5 73.9000015258789 76.5999984741211 76.9000015258789 77.1999969482422 79 79.3000030517578 81.6999969482422 83.5999984741211 80 83 85.4000015258789 86.4000015258789 -3.4e+38 -3.4e+38 -3.4e+38 -3.4e+38 -3.4e+38 -3.4e+38 -3.4e+38 -3.4e+38 -3.4e+38 -3.4e+38 -3.4e+38 -3.4e+38 -3.4e+38 -3.4e+38 -3.4e+38 -3.4e+38 86.5 84.4000015258789 82.3000030517578 81 78.6999969482422 75.8000030517578 69.1999969482422 70.8000030517578 74.3000030517578 -3.4e+38 -3.4e+38 -3.4e+38 -3.4e+38 -3.4e+38 -3.4e+38 -3.4e+38 -3.4e+38 -3.4e+38 -3.4e+38
-3.4e+38 -3.4e+38 79.4000015258789 80.5 80.3000030517578 79.3000030517578 77.0999984741211 75.6999969482422 74.1999969482422 76.5999984741211 77.5 77.5 78.6999969482422 83.5999984741211 86 83.6999969482422 80.1999969482422 80.4000015258789 85.3000030517578 86.0999984741211 88 -3.4e+38 -3.4e+38 -3.4e+38 -3.4e+38 -3.4e+38 -3.4e+38 -3.4e+38 -3.4e+38 -3.4e+38 -3.4e+38 -3.4e+38 -3.4e+38 -3.4e+38 -3.4e+38 86.0999984741211 86.1999969482422 83.3000030517578 81.5999984741211 79.3000030517578 78.1999969482422 77.6999969482422 74.0999984741211 70.6999969482422 74.6999969482422 -3.4e+38 -3.4e+38 -3.4e+38 -3.4e+38 -3.4e+38 -3.4e+38 -3.4e+38 -3.4e+38 -3.4e+38 -3.4e+38
79.9000015258789 -3.4e+38 80 -3.4e+38 -3.4e+38 79.9000015258789 77.1999969482422 75 74.1999969482422 72.5999984741211 78.4000015258789 77.9000015258789 80.9000015258789 84.4000015258789 86.6999969482422 84.3000030517578 80.1999969482422 81.9000015258789 84.9000015258789 85.8000030517578 87.6999969482422 89.5 -3.4e+38 -3.4e+38 -3.4e+38 -3.4e+38 -3.4e+38 -3.4e+38 -3.4e+38 -3.4e+38 -3.4e+38 -3.4e+38 -3.4e+38 -3.4e+38 86.8000030517578 85.9000015258789 85.6999969482422 84.9000015258789 83.5999984741211 80.1999969482422 75.3000030517578 77.6999969482422 74.5999984741211 70.5999984741211 73 75 -3.4e+38 -3.4e+38 -3.4e+38 -3.4e+38 -3.4e+38 -3.4e+38 -3.4e+38 -3.4e+38 -3.4e+38
80.4000015258789 -3.4e+38 -3.4e+38 -3.4e+38 -3.4e+38 80 76.9000015258789 70.1999969482422 70.3000030517578 71.5999984741211 75.0999984741211 77.4000015258789 79 83.4000015258789 86.6999969482422 86.5999984741211 83.0999984741211 81.4000015258789 82.1999969482422 89.6999969482422 89.5 -3.4e+38 -3.4e+38 -3.4e+38 -3.4e+38 -3.4e+38 -3.4e+38 -3.4e+38 -3.4e+38 -3.4e+38 -3.4e+38 -3.4e+38 85.8000030517578 85.8000030517578 86.4000015258789 85.6999969482422 85.3000030517578 84.6999969482422 81.9000015258789 77.5999984741211 72.5 69 72.8000030517578 68.6999969482422 70.6999969482422 63.7999992370605 75.0999984741211 -3.4e+38 -3.4e+38 -3.4e+38 -3.4e+38 -3.4e+38 -3.4e+38 -3.4e+38 -3.4e+38
81 -3.4e+38 -3.4e+38 -3.4e+38 78.9000015258789 74.8000030517578 74.5999984741211 72.1999969482422 68.6999969482422 73.4000015258789 73 75.1999969482422 79 83.5999984741211 86.9000015258789 88.4000015258789 83.1999969482422 84.4000015258789 85.8000030517578 85 85.8000030517578 -3.4e+38 -3.4e+38 -3.4e+38 -3.4e+38 -3.4e+38 -3.4e+38 -3.4e+38 -3.4e+38 -3.4e+38 -3.4e+38 85.6999969482422 85.5999984741211 84.8000030517578 85.3000030517578 84.5999984741211 85.0999984741211 83.1999969482422 78.1999969482422 79.0999984741211 75 70.1999969482422 66.8000030517578 66.4000015258789 68.5999984741211 63.5999984741211 72.5999984741211 -3.4e+38 -3.4e+38 -3.4e+38 -3.4e+38 -3.4e+38 -3.4e+38 -3.4e+38 -3.4e+38
80.0999984741211 -3.4e+38 -3.4e+38 -3.4e+38 79.9000015258789 74.6999969482422 75.8000030517578 73.0999984741211 71.8000030517578 74.5 75.5999984741211 75.0999984741211 78.8000030517578 87 88.4000015258789 83.8000030517578 82.5999984741211 84.3000030517578 85.6999969482422 89.3000030517578 85.9000015258789 -3.4e+38 -3.4e+38 -3.4e+38 -3.4e+38 -3.4e+38 -3.4e+38 -3.4e+38 -3.4e+38 -3.4e+38 85 84.4000015258789 83.1999969482422 82.5 81.5999984741211 81.9000015258789 84.0999984741211 81.5999984741211 80.5 76.6999969482422 74 71 70.0999984741211 66.5 65.4000015258789 62.2999992370605 72.5999984741211 -3.4e+38 -3.4e+38 -3.4e+38 -3.4e+38 -3.4e+38 -3.4e+38 -3.4e+38 -3.4e+38
-3.4e+38 -3.4e+38 -3.4e+38 -3.4e+38 80.0999984741211 77.4000015258789 75.0999984741211 74.1999969482422 69.0999984741211 74.4000015258789 77.8000030517578 80.8000030517578 82.9000015258789 87.5999984741211 87.9000015258789 82.8000030517578 84 84.1999969482422 85.5 90 87 -3.4e+38 -3.4e+38 -3.4e+38 -3.4e+38 -3.4e+38 -3.4e+38 -3.4e+38 -3.4e+38 -3.4e+38 85.5999984741211 84.0999984741211 82.5 82.4000015258789 78.0999984741211 78.0999984741211 82.0999984741211 81.5999984741211 78.4000015258789 74.1999969482422 73.9000015258789 73.9000015258789 73.1999969482422 62.0999984741211 59.2999992370605 66.5999984741211 71.9000015258789 -3.4e+38 -3.4e+38 -3.4e+38 -3.4e+38 -3.4e+38 -3.4e+38 -3.4e+38 -3.4e+38
81.6999969482422 -3.4e+38 -3.4e+38 -3.4e+38 80.0999984741211 76.4000015258789 75.9000015258789 72.8000030517578 72.8000030517578 75.8000030517578 77.6999969482422 82.8000030517578 83.1999969482422 87.3000030517578 86 77.8000030517578 83.8000030517578 84.9000015258789 84.3000030517578 89.5 -3.4e+38 -3.4e+38 -3.4e+38 -3.4e+38 -3.4e+38 -3.4e+38 -3.4e+38 -3.4e+38 -3.4e+38 -3.4e+38 84.3000030517578 84.4000015258789 82.4000015258789 81 79.1999969482422 78.5 77.9000015258789 77.9000015258789 77.0999984741211 76.1999969482422 69.5999984741211 66.1999969482422 64.4000015258789 57.9000015258789 57.9000015258789 66.5 72.1999969482422 -3.4e+38 -3.4e+38 -3.4e+38 -3.4e+38 -3.4e+38 -3.4e+38 -3.4e+38 -3.4e+38
81.6999969482422 -3.4e+38 -3.4e+38 -3.4e+38 80.3000030517578 76.0999984741211 73.0999984741211 73.9000015258789 74.9000015258789 76.6999969482422 78 81.0999984741211 84.5 86.8000030517578 88.6999969482422 85.5 88.5999984741211 88.5999984741211 89.5 85 -3.4e+38 -3.4e+38 -3.4e+38 -3.4e+38 -3.4e+38 -3.4e+38 -3.4e+38 -3.4e+38 -3.4e+38 -3.4e+38 81.6999969482422 84.3000030517578 83.4000015258789 82.1999969482422 81.0999984741211 78.0999984741211 79.0999984741211 77.3000030517578 73 72.6999969482422 69.9000015258789 62.7000007629395 59.7000007629395 54.2000007629395 57.7999992370605 62.7000007629395 70.0999984741211 -3.4e+38 -3.4e+38 -3.4e+38 -3.4e+38 -3.4e+38 -3.4e+38 -3.4e+38 -3.4e+38
81.6999969482422 -3.4e+38 82.1999969482422 -3.4e+38 -3.4e+38 78.5 74.4000015258789 73.5999984741211 75.4000015258789 77.3000030517578 80.4000015258789 81.8000030517578 86.5 86.9000015258789 -3.4e+38 -3.4e+38 89 88.4000015258789 -3.4e+38 -3.4e+38 -3.4e+38 -3.4e+38 -3.4e+38 -3.4e+38 -3.4e+38 -3.4e+38 -3.4e+38 -3.4e+38 -3.4e+38 -3.4e+38 82.3000030517578 80.6999969482422 79.6999969482422 81.0999984741211 81.4000015258789 80.5999984741211 79.3000030517578 78.0999984741211 76.4000015258789 72.0999984741211 69.0999984741211 65.8000030517578 57.2999992370605 46.9000015258789 54.7999992370605 66.1999969482422 69.3000030517578 72.4000015258789 -3.4e+38 -3.4e+38 -3.4e+38 -3.4e+38 -3.4e+38 -3.4e+38 -3.4e+38
