data/bioclim/SHM1.asc
NCOLS 391 
NROWS 575 
XLLCORNER -1773000 
YLLCORNER 4368000 
CELLSIZE 1000 
NODATA_value -3.4e+38 
[rows 450 to 474 of 575, columns 110 to 164 of 391]
-3.4e+38 -3.4e+38 -3.4e+38 -3.4e+38 -3.4e+38 -3.4e+38 -3.4e+38 -3.4e+38 -3.4e+38 -3.4e+38 -3.4e+38 -3.4e+38 -3.4e+38 -3.4e+38 -3.4e+38 -3.4e+38 -3.4e+38 84.5 86.6999969482422 85.5 83.0999984741211 84.6999969482422 84 82.4000015258789 79 75.9000015258789 79.5999984741211 78.4000015258789 83.8000030517578 84.5 86 86.1999969482422 87.5 86.4000015258789 86.6999969482422 84.5 83.0999984741211 85.6999969482422 81.9000015258789 76.1999969482422 71.6999969482422 62.9000015258789 68.8000030517578 72.9000015258789 75.3000030517578 75.5999984741211 76.0999984741211 75.1999969482422 77.5 72.0999984741211 76 84.6999969482422 76.4000015258789 79.0999984741211 81.8000030517578
-3.4e+38 -3.4e+38 -3.4e+38 -3.4e+38 -3.4e+38 -3.4e+38 -3.4e+38 -3.4e+38 -3.4e+38 -3.4e+38 -3.4e+38 -3.4e+38 -3.4e+38 -3.4e+38 -3.4e+38 -3.4e+38 -3.4e+38 84.3000030517578 85 86.3000030517578 84.6999969482422 81 79.5999984741211 78.5 76.5999984741211 75.6999969482422 74.1999969482422 74.4000015258789 83.0999984741211 84.1999969482422 83.4000015258789 86.5999984741211 87.3000030517578 86.9000015258789 86.6999969482422 85.9000015258789 86.3000030517578 83.8000030517578 82.5999984741211 75.5 70.6999969482422 67.6999969482422 76.0999984741211 73.0999984741211 74.9000015258789 76.9000015258789 76.3000030517578 78.9000015258789 72.0999984741211 76.5999984741211 80.5999984741211 80.5 84.3000030517578 81.4000015258789 81.9000015258789
-3.4e+38 -3.4e+38 -3.4e+38 -3.4e+38 -3.4e+38 -3.4e+38 -3.4e+38 -3.4e+38 -3.4e+38 -3.4e+38 -3.4e+38 -3.4e+38 -3.4e+38 -3.4e+38 -3.4e+38 -3.4e+38 -3.4e+38 -3.4e+38 85.5 85.3000030517578 84.9000015258789 82.1999969482422 80 79.4000015258789 73.5999984741211 69.4000015258789 75.5 78.5999984741211 82.3000030517578 83.6999969482422 85.1999969482422 85.4000015258789 86.5 86.9000015258789 86.3000030517578 87.4000015258789 86.5 85.8000030517578 80.8000030517578 74.6999969482422 73.8000030517578 74.5999984741211 75.5 75.1999969482422 75.5 76.9000015258789 78.5999984741211 77.5999984741211 75 75.6999969482422 81.5999984741211 80.3000030517578 78.5 83.6999969482422 82.8000030517578
-3.4e+38 -3.4e+38 -3.4e+38 -3.4e+38 -3.4e+38 -3.4e+38 -3.4e+38 -3.4e+38 -3.4e+38 -3.4e+38 -3.4e+38 -3.4e+38 -3.4e+38 -3.4e+38 -3.4e+38 -3.4e+38 -3.4e+38 -3.4e+38 -3.4e+38 84.3000030517578 85.3000030517578 79.5 80.6999969482422 79.0999984741211 75.9000015258789 69 71.9000015258789 76.9000015258789 80.3000030517578 83.1999969482422 83 85.8000030517578 85.9000015258789 85.5999984741211 87.0999984741211 86 85.8000030517578 83.1999969482422 79.3000030517578 75.4000015258789 77.5999984741211 76 76.9000015258789 80 78.5999984741211 78.3000030517578 78.6999969482422 78.5 77.6999969482422 81.6999969482422 83.8000030517578 82.5999984741211 82.5999984741211 79.6999969482422 78.9000015258789
-3.4e+38 -3.4e+38 -3.4e+38 -3.4e+38 -3.4e+38 -3.4e+38 -3.4e+38 -3.4e+38 -3.4e+38 -3.4e+38 -3.4e+38 -3.4e+38 -3.4e+38 -3.4e+38 -3.4e+38 -3.4e+38 -3.4e+38 -3.4e+38 -3.4e+38 83.5999984741211 81.8000030517578 80.3000030517578 80.8000030517578 79.5 74.9000015258789 69.9000015258789 71.3000030517578 73.3000030517578 77.5999984741211 80.4000015258789 82.4000015258789 84.6999969482422 84.5 86.1999969482422 87.0999984741211 85.3000030517578 85.3000030517578 83.9000015258789 80.3000030517578 80.4000015258789 80.8000030517578 77 77.0999984741211 80.0999984741211 82.6999969482422 81.5999984741211 82.6999969482422 82.6999969482422 81.4000015258789 81.6999969482422 82.4000015258789 82.5999984741211 81 81.5 79.6999969482422
-3.4e+38 -3.4e+38 -3.4e+38 -3.4e+38 -3.4e+38 -3.4e+38 -3.4e+38 -3.4e+38 -3.4e+38 -3.4e+38 -3.4e+38 -3.4e+38 -3.4e+38 -3.4e+38 -3.4e+38 -3.4e+38 -3.4e+38 -3.4e+38 -3.4e+38 -3.4e+38 -3.4e+38 -3.4e+38 -3.4e+38 79.3000030517578 75 70.1999969482422 66.5 75.1999969482422 77 78.8000030517578 79.6999969482422 81.6999969482422 81.6999969482422 85.0999984741211 85.5 85.1999969482422 83.4000015258789 83.4000015258789 81 80.5 78.3000030517578 78.9000015258789 80.5999984741211 82.9000015258789 84.6999969482422 82.5999984741211 82.8000030517578 78.5999984741211 81.3000030517578 83.1999969482422 84.8000030517578 84.4000015258789 83.0999984741211 83.6999969482422 82.4000015258789
-3.4e+38 -3.4e+38 -3.4e+38 -3.4e+38 -3.4e+38 -3.4e+38 -3.4e+38 -3.4e+38 -3.4e+38 -3.4e+38 -3.4e+38 -3.4e+38 -3.4e+38 -3.4e+38 -3.4e+38 -3.4e+38 -3.4e+38 -3.4e+38 -3.4e+38 -3.4e+38 -3.4e+38 -3.4e+38 80.3000030517578 78 72.8000030517578 67.3000030517578 70.1999969482422 74.4000015258789 76.5999984741211 76.4000015258789 77.5 78.6999969482422 80.5999984741211 82.6999969482422 84.0999984741211 85.3000030517578 83.4000015258789 83.3000030517578 81.4000015258789 81 80.9000015258789 79.0999984741211 80.5 81.8000030517578 82.9000015258789 86.5999984741211 82.9000015258789 83.3000030517578 79.9000015258789 81.8000030517578 84.5 83.8000030517578 84.8000030517578 83.9000015258789 82.0999984741211
-3.4e+38 -3.4e+38 -3.4e+38 -3.4e+38 -3.4e+38 -3.4e+38 -3.4e+38 -3.4e+38 -3.4e+38 -3.4e+38 -3.4e+38 -3.4e+38 -3.4e+38 -3.4e+38 -3.4e+38 -3.4e+38 -3.4e+38 -3.4e+38 -3.4e+38 -3.4e+38 -3.4e+38 82.1999969482422 78.1999969482422 77.6999969482422 72.6999969482422 66.8000030517578 64.1999969482422 72 73.3000030517578 73.8000030517578 75.6999969482422 78.3000030517578 79.5 82.1999969482422 84.8000030517578 84.9000015258789 84 82.6999969482422 82.5 82.6999969482422 82.5999984741211 79.5999984741211 79.8000030517578 82.4000015258789 80.3000030517578 81.0999984741211 85.0999984741211 83.0999984741211 84.3000030517578 83.5 85.9000015258789 83.4000015258789 80.5 86.4000015258789 83.9000015258789
-3.4e+38 -3.4e+38 -3.4e+38 -3.4e+38 -3.4e+38 -3.4e+38 -3.4e+38 -3.4e+38 -3.4e+38 -3.4e+38 -3.4e+38 -3.4e+38 -3.4e+38 -3.4e+38 -3.4e+38 -3.4e+38 -3.4e+38 -3.4e+38 -3.4e+38 -3.4e+38 -3.4e+38 81.5999984741211 80.3000030517578 77.4000015258789 74 71 69.8000030517578 73.1999969482422 72.5999984741211 73.0999984741211 76.1999969482422 77.8000030517578 81.5999984741211 83.5 84.8000030517578 84.3000030517578 84.8000030517578 82.6999969482422 83.0999984741211 -3.4e+38 82.9000015258789 80.5 79.9000015258789 79.5999984741211 84 82.3000030517578 85.0999984741211 84.8000030517578 83.9000015258789 84.0999984741211 84 83.0999984741211 83.3000030517578 83.4000015258789 83.5
-3.4e+38 -3.4e+38 -3.4e+38 -3.4e+38 -3.4e+38 -3.4e+38 -3.4e+38 -3.4e+38 -3.4e+38 -3.4e+38 -3.4e+38 -3.4e+38 -3.4e+38 -3.4e+38 -3.4e+38 -3.4e+38 -3.4e+38 -3.4e+38 -3.4e+38 -3.4e+38 84.4000015258789 81.8000030517578 81.0999984741211 78 72.5999984741211 75.1999969482422 74.6999969482422 72.3000030517578 74.4000015258789 76.0999984741211 78.5999984741211 80.0999984741211 82 83.4000015258789 80.5999984741211 82.3000030517578 84.9000015258789 84.9000015258789 84.0999984741211 -3.4e+38 -3.4e+38 79.8000030517578 82.3000030517578 83.9000015258789 85.3000030517578 82.1999969482422 85.3000030517578 85.5 86.5999984741211 86.0999984741211 85.6999969482422 84.5999984741211 84.0999984741211 85.1999969482422 86.6999969482422
-3.4e+38 -3.4e+38 -3.4e+38 -3.4e+38 -3.4e+38 -3.4e+38 -3.4e+38 -3.4e+38 -3.4e+38 -3.4e+38 -3.4e+38 -3.4e+38 -3.4e+38 -3.4e+38 -3.4e+38 -3.4e+38 -3.4e+38 -3.4e+38 -3.4e+38 -3.4e+38 84.0999984741211 83.5999984741211 81.4000015258789 77.8000030517578 78.5999984741211 78 75.5999984741211 72.1999969482422 74.8000030517578 76.1999969482422 79.0999984741211 80.4000015258789 81.5999984741211 78.6999969482422 80.8000030517578 80.9000015258789 83.6999969482422 82.5 83.6999969482422 -3.4e+38 -3.4e+38 83 83.5999984741211 80.6999969482422 82.5999984741211 85.9000015258789 84.1999969482422 84.8000030517578 85.5 85.9000015258789 86 85.1999969482422 85.3000030517578 85.4000015258789 86.4000015258789
-3.4e+38 -3.4e+38 -3.4e+38 -3.4e+38 -3.4e+38 -3.4e+38 -3.4e+38 -3.4e+38 -3.4e+38 -3.4e+38 -3.4e+38 -3.4e+38 -3.4e+38 -3.4e+38 -3.4e+38 -3.4e+38 -3.4e+38 -3.4e+38 -3.4e+38 83.9000015258789 83.6999969482422 83 79.3000030517578 80.4000015258789 81.0999984741211 79.5999984741211 78.8000030517578 73.8000030517578 75.0999984741211 76.3000030517578 77.8000030517578 80.3000030517578 79.5999984741211 79.4000015258789 79.6999969482422 82.5999984741211 82.4000015258789 82.6999969482422 -3.4e+38 -3.4e+38 -3.4e+38 80.8000030517578 81.8000030517578 79.1999969482422 79.3000030517578 84.5999984741211 83.5999984741211 82.6999969482422 83.4000015258789 84.9000015258789 86.9000015258789 85.9000015258789 86.1999969482422 86.3000030517578 85.6999969482422
-3.4e+38 -3.4e+38 -3.4e+38 -3.4e+38 -3.4e+38 -3.4e+38 -3.4e+38 -3.4e+38 -3.4e+38 -3.4e+38 -3.4e+38 -3.4e+38 -3.4e+38 -3.4e+38 -3.4e+38 -3.4e+38 -3.4e+38 -3.4e+38 -3.4e+38 84.1999969482422 84.8000030517578 83.4000015258789 82.3000030517578 82 81.8000030517578 81.8000030517578 82.5999984741211 76.6999969482422 77 77.5999984741211 -3.4e+38 -3.4e+38 78.5 79.4000015258789 81.0999984741211 81.4000015258789 82.6999969482422 -3.4e+38 -3.4e+38 -3.4e+38 -3.4e+38 81.3000030517578 79.9000015258789 78.3000030517578 79.5999984741211 81.5999984741211 82.0999984741211 82.6999969482422 83.4000015258789 85.4000015258789 84.6999969482422 84.5999984741211 84.1999969482422 85.8000030517578 85.4000015258789
-3.4e+38 -3.4e+38 -3.4e+38 -3.4e+38 -3.4e+38 -3.4e+38 -3.4e+38 -3.4e+38 -3.4e+38 -3.4e+38 -3.4e+38 -3.4e+38 -3.4e+38 -3.4e+38 -3.4e+38 -3.4e+38 -3.4e+38 -3.4e+38 84.6999969482422 83.6999969482422 85.5999984741211 83.0999984741211 83.0999984741211 82.6999969482422 83.1999969482422 82.3000030517578 82.0999984741211 80.0999984741211 80.1999969482422 79.9000015258789 -3.4e+38 -3.4e+38 79.0999984741211 79.5 81.4000015258789 81.3000030517578 83.0999984741211 -3.4e+38 -3.4e+38 -3.4e+38 -3.4e+38 -3.4e+38 78.6999969482422 76.4000015258789 79.5999984741211 81.1999969482422 81.6999969482422 82.5 81.3000030517578 82.5 82.3000030517578 83 83.5999984741211 85 84.4000015258789
-3.4e+38 -3.4e+38 -3.4e+38 -3.4e+38 -3.4e+38 -3.4e+38 -3.4e+38 -3.4e+38 -3.4e+38 -3.4e+38 -3.4e+38 -3.4e+38 -3.4e+38 -3.4e+38 -3.4e+38 -3.4e+38 84.0999984741211 84.0999984741211 84.9000015258789 84.5 85.4000015258789 84.8000030517578 84.8000030517578 84.5 84 -3.4e+38 80.9000015258789 81.5 80.5 79 -3.4e+38 -3.4e+38 -3.4e+38 79 80.4000015258789 82.3000030517578 80.1999969482422 -3.4e+38 -3.4e+38 -3.4e+38 -3.4e+38 -3.4e+38 79.8000030517578 78.6999969482422 77.5 79.5999984741211 81 82.0999984741211 81 81.5 82 81.9000015258789 83.3000030517578 83.5 -3.4e+38
-3.4e+38 -3.4e+38 -3.4e+38 -3.4e+38 -3.4e+38 -3.4e+38 -3.4e+38 -3.4e+38 -3.4e+38 -3.4e+38 -3.4e+38 -3.4e+38 -3.4e+38 -3.4e+38 -3.4e+38 -3.4e+38 84.1999969482422 84.8000030517578 85.1999969482422 -3.4e+38 85.3000030517578 84.5999984741211 84.0999984741211 -3.4e+38 -3.4e+38 -3.4e+38 81 79.8000030517578 80.0999984741211 78.3000030517578 78.6999969482422 77.9000015258789 77.6999969482422 -3.4e+38 79.3000030517578 78.6999969482422 80.6999969482422 -3.4e+38 -3.4e+38 -3.4e+38 -3.4e+38 -3.4e+38 -3.4e+38 79.8000030517578 77.3000030517578 77 78.9000015258789 80.5999984741211 81.3000030517578 81.6999969482422 81.6999969482422 83.3000030517578 82.6999969482422 83.0999984741211 -3.4e+38
-3.4e+38 -3.4e+38 -3.4e+38 -3.4e+38 -3.4e+38 -3.4e+38 -3.4e+38 -3.4e+38 -3.4e+38 -3.4e+38 -3.4e+38 -3.4e+38 -3.4e+38 -3.4e+38 -3.4e+38 83.6999969482422 85 84.3000030517578 -3.4e+38 -3.4e+38 -3.4e+38 -3.4e+38 85.0999984741211 82.4000015258789 83 -3.4e+38 81.0999984741211 77.9000015258789 76.9000015258789 74.1999969482422 74.1999969482422 73.9000015258789 76.4000015258789 77 -3.4e+38 79.6999969482422 79.4000015258789 80.6999969482422 -3.4e+38 -3.4e+38 -3.4e+38 -3.4e+38 -3.4e+38 -3.4e+38 78.9000015258789 79.3000030517578 80.6999969482422 80.3000030517578 80.4000015258789 81.6999969482422 81.4000015258789 83 82.3000030517578 82.1999969482422 -3.4e+38
-3.4e+38 -3.4e+38 -3.4e+38 -3.4e+38 -3.4e+38 -3.4e+38 -3.4e+38 -3.4e+38 -3.4e+38 -3.4e+38 -3.4e+38 -3.4e+38 -3.4e+38 -3.4e+38 -3.4e+38 84.3000030517578 84.8000030517578 -3.4e+38 -3.4e+38 -3.4e+38 -3.4e+38 84.5999984741211 84.1999969482422 83 82.1999969482422 -3.4e+38 79 77.9000015258789 75.3000030517578 76.1999969482422 75.9000015258789 76.5 77.6999969482422 79.1999969482422 -3.4e+38 80.4000015258789 80.5999984741211 79.3000030517578 -3.4e+38 -3.4e+38 -3.4e+38 -3.4e+38 -3.4e+38 -3.4e+38 -3.4e+38 -3.4e+38 -3.4e+38 -3.4e+38 76.0999984741211 79.5999984741211 77.5 80.9000015258789 82.5999984741211 83 81.0999984741211
-3.4e+38 -3.4e+38 -3.4e+38 -3.4e+38 -3.4e+38 -3.4e+38 -3.4e+38 -3.4e+38 -3.4e+38 -3.4e+38 -3.4e+38 -3.4e+38 -3.4e+38 -3.4e+38 -3.4e+38 -3.4e+38 -3.4e+38 -3.4e+38 -3.4e+38 -3.4e+38 -3.4e+38 84.0999984741211 82.4000015258789 79 81.1999969482422 -3.4e+38 -3.4e+38 76.5999984741211 73.8000030517578 76.0999984741211 77.0999984741211 77.8000030517578 79 79.1999969482422 -3.4e+38 80.4000015258789 81.5999984741211 81.0999984741211 -3.4e+38 -3.4e+38 -3.4e+38 -3.4e+38 -3.4e+38 -3.4e+38 -3.4e+38 -3.4e+38 -3.4e+38 -3.4e+38 76.5999984741211 77 77 79.9000015258789 80.9000015258789 83 -3.4e+38
-3.4e+38 -3.4e+38 -3.4e+38 -3.4e+38 -3.4e+38 -3.4e+38 -3.4e+38 -3.4e+38 -3.4e+38 -3.4e+38 -3.4e+38 -3.4e+38 -3.4e+38 -3.4e+38 -3.4e+38 -3.4e+38 -3.4e+38 -3.4e+38 -3.4e+38 -3.4e+38 -3.4e+38 82.3000030517578 79.9000015258789 75.3000030517578 79 -3.4e+38 -3.4e+38 80 77.8000030517578 76.1999969482422 76.5 77.3000030517578 78.5999984741211 80.6999969482422 81.0999984741211 -3.4e+38 81.5999984741211 81.6999969482422 -3.4e+38 -3.4e+38 -3.4e+38 -3.4e+38 -3.4e+38 -3.4e+38 -3.4e+38 -3.4e+38 -3.4e+38 77.1999969482422 70.9000015258789 74.1999969482422 73.4000015258789 79.6999969482422 82.1999969482422 82 82.8000030517578
-3.4e+38 -3.4e+38 -3.4e+38 -3.4e+38 -3.4e+38 -3.4e+38 -3.4e+38 -3.4e+38 -3.4e+38 -3.4e+38 -3.4e+38 -3.4e+38 -3.4e+38 -3.4e+38 -3.4e+38 -3.4e+38 -3.4e+38 -3.4e+38 -3.4e+38 -3.4e+38 83.0999984741211 82.5999984741211 80 74.1999969482422 78.8000030517578 79.5999984741211 81.0999984741211 82.8000030517578 77.6999969482422 77.4000015258789 78.1999969482422 79.4000015258789 80.0999984741211 -3.4e+38 -3.4e+38 -3.4e+38 -3.4e+38 -3.4e+38 -3.4e+38 -3.4e+38 -3.4e+38 -3.4e+38 -3.4e+38 -3.4e+38 -3.4e+38 -3.4e+38 -3.4e+38 76.5 71.8000030517578 70.8000030517578 73.8000030517578 74.5 80.1999969482422 81.5999984741211 81.3000030517578
-3.4e+38 -3.4e+38 -3.4e+38 -3.4e+38 -3.4e+38 -3.4e+38 -3.4e+38 -3.4e+38 -3.4e+38 -3.4e+38 -3.4e+38 -3.4e+38 -3.4e+38 -3.4e+38 -3.4e+38 -3.4e+38 -3.4e+38 -3.4e+38 -3.4e+38 -3.4e+38 82.6999969482422 82.4000015258789 80.5999984741211 76.3000030517578 77.3000030517578 78.3000030517578 82.5999984741211 80.5 75.8000030517578 78.5999984741211 78.8000030517578 79.4000015258789 80.1999969482422 -3.4e+38 -3.4e+38 -3.4e+38 -3.4e+38 -3.4e+38 -3.4e+38 -3.4e+38 -3.4e+38 -3.4e+38 -3.4e+38 -3.4e+38 -3.4e+38 -3.4e+38 -3.4e+38 76.0999984741211 70.9000015258789 71 72.1999969482422 74.5 75.6999969482422 80 81.6999969482422
-3.4e+38 -3.4e+38 -3.4e+38 -3.4e+38 -3.4e+38 -3.4e+38 -3.4e+38 -3.4e+38 -3.4e+38 -3.4e+38 -3.4e+38 -3.4e+38 -3.4e+38 -3.4e+38 -3.4e+38 -3.4e+38 -3.4e+38 -3.4e+38 -3.4e+38 -3.4e+38 82.8000030517578 82.5 79.8000030517578 76.6999969482422 79.6999969482422 81.3000030517578 -3.4e+38 83 75.6999969482422 79.3000030517578 79.6999969482422 80.0999984741211 -3.4e+38 -3.4e+38 -3.4e+38 -3.4e+38 -3.4e+38 -3.4e+38 -3.4e+38 -3.4e+38 -3.4e+38 -3.4e+38 -3.4e+38 -3.4e+38 -3.4e+38 -3.4e+38 -3.4e+38 75.5 73.9000015258789 71.9000015258789 69.9000015258789 75.5999984741211 76.9000015258789 80.9000015258789 81.5
-3.4e+38 -3.4e+38 -3.4e+38 -3.4e+38 -3.4e+38 -3.4e+38 -3.4e+38 -3.4e+38 -3.4e+38 -3.4e+38 -3.4e+38 -3.4e+38 -3.4e+38 -3.4e+38 -3.4e+38 -3.4e+38 -3.4e+38 -3.4e+38 -3.4e+38 -3.4e+38 82.4000015258789 82.3000030517578 82.5999984741211 81.9000015258789 80.6999969482422 82.4000015258789 -3.4e+38 -3.4e+38 78.3000030517578 79.4000015258789 80.5999984741211 80.4000015258789 -3.4e+38 -3.4e+38 -3.4e+38 -3.4e+38 -3.4e+38 -3.4e+38 -3.4e+38 -3.4e+38 -3.4e+38 -3.4e+38 -3.4e+38 -3.4e+38 -3.4e+38 -3.4e+38 -3.4e+38 76.1999969482422 75.6999969482422 74 72.5999984741211 73.5999984741211 75.4000015258789 78.0999984741211 81
-3.4e+38 -3.4e+38 -3.4e+38 -3.4e+38 -3.4e+38 -3.4e+38 -3.4e+38 -3.4e+38 -3.4e+38 -3.4e+38 -3.4e+38 -3.4e+38 -3.4e+38 -3.4e+38 -3.4e+38 -3.4e+38 -3.4e+38 -3.4e+38 -3.4e+38 -3.4e+38 -3.4e+38 -3.4e+38 -3.4e+38 81.8000030517578 81.8000030517578 83.4000015258789 -3.4e+38 -3.4e+38 82 80.5999984741211 80.6999969482422 81.6999969482422 -3.4e+38 -3.4e+38 -3.4e+38 -3.4e+38 -3.4e+38 -3.4e+38 -3.4e+38 -3.4e+38 -3.4e+38 -3.4e+38 -3.4e+38 -3.4e+38 -3.4e+38 -3.4e+38 -3.4e+38 77.0999984741211 75.9000015258789 75.5 73.1999969482422 75.0999984741211 75.0999984741211 75.0999984741211 80.8000030517578
