data/bioclim/Tave_sm1.asc
NCOLS 391 
NROWS 575 
XLLCORNER -1773000 
YLLCORNER 4368000 
CELLSIZE 1000 
NODATA_value -3.4e+38 
[rows 400 to 424 of 575, columns 110 to 164 of 391]
28.2999992370605 28.2999992370605 28.3999996185303 28.2000007629395 28 27.1000003814697 27.1000003814697 26.2999992370605 27.2999992370605 25.2999992370605 26.2000007629395 25.2000007629395 24.1000003814697 22.5 21.2000007629395 21.7999992370605 22.8999996185303 23.2000007629395 23.1000003814697 24.1000003814697 25 26 28.5 29.3999996185303 29.7999992370605 -3.4e+38 -3.4e+38 -3.4e+38 -3.4e+38 -3.4e+38 -3.4e+38 -3.4e+38 -3.4e+38 -3.4e+38 -3.4e+38 29.2000007629395 29 28.7999992370605 28.6000003814697 28.2999992370605 27.8999996185303 27.6000003814697 26.8999996185303 27.2000007629395 26.7999992370605 25.6000003814697 26.5 26.2000007629395 25.2000007629395 25.5 24.7999992370605 23.2000007629395 24 21.6000003814697 22.6000003814697
28.6000003814697 28.3999996185303 28.2999992370605 28.1000003814697 28.1000003814697 28.1000003814697 27.7999992370605 27.6000003814697 28 27.1000003814697 26.3999996185303 25.2000007629395 24.7000007629395 22.6000003814697 21.8999996185303 22.7000007629395 24.2999992370605 23.2000007629395 22.2000007629395 22.7000007629395 24.6000003814697 26 27.2999992370605 28.8999996185303 -3.4e+38 -3.4e+38 -3.4e+38 -3.4e+38 -3.4e+38 -3.4e+38 -3.4e+38 -3.4e+38 -3.4e+38 -3.4e+38 -3.4e+38 29.2999992370605 29.1000003814697 29 28.6000003814697 28.2999992370605 28.2000007629395 27.3999996185303 27.6000003814697 27.5 27.2000007629395 26 24.7999992370605 24.6000003814697 25.6000003814697 25.6000003814697 24.8999996185303 24.5 24.3999996185303 22 24.2000007629395
28.7000007629395 28.6000003814697 28.6000003814697 28.5 28.7000007629395 28.3999996185303 28.5 28.3999996185303 28 28.1000003814697 25.5 24.2999992370605 23.1000003814697 22.8999996185303 23.8999996185303 24 24.1000003814697 24.7000007629395 24.2999992370605 23.5 23.6000003814697 26.3999996185303 28.1000003814697 29.2000007629395 -3.4e+38 -3.4e+38 -3.4e+38 -3.4e+38 -3.4e+38 -3.4e+38 -3.4e+38 -3.4e+38 -3.4e+38 -3.4e+38 -3.4e+38 29.3999996185303 29 28.8999996185303 28.2999992370605 27.8999996185303 28.2000007629395 27.8999996185303 27.8999996185303 27.7999992370605 27.2000007629395 25.8999996185303 25.2000007629395 25.5 25 24.7999992370605 24.5 24.5 23 23.7999992370605 25
28.7999992370605 28.7000007629395 28.8999996185303 28.8999996185303 28.3999996185303 28.7000007629395 28.3999996185303 27.6000003814697 27.1000003814697 25.8999996185303 25.7000007629395 25.2999992370605 23.1000003814697 23.1000003814697 24.5 25.1000003814697 25.2000007629395 25.1000003814697 26 25 25.3999996185303 26.3999996185303 28.7999992370605 29.5 -3.4e+38 -3.4e+38 -3.4e+38 -3.4e+38 -3.4e+38 -3.4e+38 -3.4e+38 -3.4e+38 -3.4e+38 -3.4e+38 29.6000003814697 29.2000007629395 29 28.7000007629395 28.2999992370605 28.2999992370605 28.3999996185303 27.7999992370605 27.2000007629395 27.7999992370605 27.6000003814697 27.2999992370605 26.8999996185303 25 25.6000003814697 24.7999992370605 24.2000007629395 24.5 23.2000007629395 24.3999996185303 24.3999996185303
28.8999996185303 28.7999992370605 29.1000003814697 27.8999996185303 27.7000007629395 26.6000003814697 27.7000007629395 27.7999992370605 27.1000003814697 26.7999992370605 26.3999996185303 26 24.5 23.3999996185303 24.2000007629395 24.6000003814697 25.3999996185303 25.8999996185303 26.2999992370605 26.8999996185303 26.1000003814697 28.1000003814697 28.2000007629395 29.3999996185303 -3.4e+38 -3.4e+38 -3.4e+38 -3.4e+38 -3.4e+38 -3.4e+38 -3.4e+38 -3.4e+38 -3.4e+38 -3.4e+38 29.5 29.3999996185303 29 28.7000007629395 28.6000003814697 28.7999992370605 28.2999992370605 27.6000003814697 27.3999996185303 27 27.2999992370605 27.2999992370605 25.7000007629395 25 24.1000003814697 24.5 25.2000007629395 25.5 24.5 24.8999996185303 24.6000003814697
29.1000003814697 28.6000003814697 28.3999996185303 27.8999996185303 26.8999996185303 27.6000003814697 27.5 27.7999992370605 27.5 27.2999992370605 26.8999996185303 26.2999992370605 25.1000003814697 24.3999996185303 24.3999996185303 24.7999992370605 26.8999996185303 27.3999996185303 28.2000007629395 28.5 27.5 26.7000007629395 28.2000007629395 29.5 -3.4e+38 -3.4e+38 -3.4e+38 -3.4e+38 -3.4e+38 -3.4e+38 -3.4e+38 -3.4e+38 -3.4e+38 -3.4e+38 29.6000003814697 29.3999996185303 28.8999996185303 28.7999992370605 28.6000003814697 29 28.2999992370605 28 27.8999996185303 27.6000003814697 28.2999992370605 27.7000007629395 27.2000007629395 26 25.6000003814697 25.7000007629395 25.7000007629395 25.2999992370605 24.8999996185303 24.8999996185303 24.2000007629395
28.8999996185303 28.7000007629395 28.3999996185303 27.7999992370605 27.8999996185303 27.3999996185303 27.2000007629395 27.6000003814697 27.2999992370605 27.2999992370605 27 26.1000003814697 25.2999992370605 24.7999992370605 24.7999992370605 26 26.7000007629395 26.8999996185303 26.1000003814697 27.2999992370605 27.5 28.6000003814697 29.6000003814697 29.3999996185303 29.8999996185303 -3.4e+38 -3.4e+38 -3.4e+38 -3.4e+38 -3.4e+38 -3.4e+38 -3.4e+38 -3.4e+38 29.7999992370605 29.7000007629395 29.2999992370605 29.3999996185303 29.5 28.7000007629395 28.7000007629395 28.2999992370605 28.2999992370605 27.8999996185303 28.1000003814697 28.5 28.2000007629395 27.6000003814697 26.5 26.1000003814697 26.5 25.5 25.5 25.6000003814697 24.8999996185303 24.2000007629395
28.7000007629395 28.3999996185303 28.7000007629395 28.3999996185303 28.2000007629395 27.7000007629395 27.8999996185303 27.6000003814697 27.3999996185303 27.3999996185303 27.2999992370605 27 26.7000007629395 25.7999992370605 25.8999996185303 25.1000003814697 25.8999996185303 25.7999992370605 26.3999996185303 27.7000007629395 28.7999992370605 28.1000003814697 28.7999992370605 29.2999992370605 29.5 -3.4e+38 -3.4e+38 -3.4e+38 -3.4e+38 -3.4e+38 -3.4e+38 -3.4e+38 -3.4e+38 29.8999996185303 29.6000003814697 29.5 29.7000007629395 29.1000003814697 29 29 28.2999992370605 28.3999996185303 28.1000003814697 28.2999992370605 28.7000007629395 28.6000003814697 28.2999992370605 27.3999996185303 26.8999996185303 26 26.1000003814697 25.8999996185303 25 24.5 23.6000003814697
29 28.8999996185303 28.5 27.6000003814697 27.8999996185303 27.6000003814697 27.7000007629395 27.7000007629395 27.7000007629395 27.3999996185303 27.6000003814697 27.2999992370605 27 26.5 26.7000007629395 26.7000007629395 25.1000003814697 26 27.2000007629395 27 28.2999992370605 27.6000003814697 28.5 29.2999992370605 29.6000003814697 -3.4e+38 -3.4e+38 -3.4e+38 -3.4e+38 -3.4e+38 -3.4e+38 -3.4e+38 -3.4e+38 29.7999992370605 29.7000007629395 29.7999992370605 29.3999996185303 29.3999996185303 29.1000003814697 29.3999996185303 29.3999996185303 29.1000003814697 29 29 29 28.5 27.2999992370605 26.2000007629395 26.6000003814697 26.3999996185303 26.2000007629395 25.6000003814697 23.7000007629395 24.5 24.8999996185303
28.6000003814697 28.6000003814697 28.7000007629395 28 27.3999996185303 27.2000007629395 27.7000007629395 27.5 27.7000007629395 27.6000003814697 27.6000003814697 27.7000007629395 27.2999992370605 27.3999996185303 27.3999996185303 25.7999992370605 26.1000003814697 26.3999996185303 27.2000007629395 27.7999992370605 27.7999992370605 27.5 29 28.5 29.3999996185303 29.6000003814697 -3.4e+38 -3.4e+38 -3.4e+38 -3.4e+38 -3.4e+38 -3.4e+38 -3.4e+38 29.7999992370605 30 29.7999992370605 29.7000007629395 29.3999996185303 29.3999996185303 29.1000003814697 28 28.1000003814697 28.3999996185303 28.2999992370605 28.7000007629395 28.7000007629395 28.2000007629395 27.8999996185303 27.3999996185303 27.2999992370605 26.2000007629395 26.1000003814697 25.8999996185303 25.2000007629395 24.8999996185303
28.5 28.5 28.1000003814697 27.7000007629395 27.8999996185303 27.8999996185303 27.5 27.8999996185303 27.8999996185303 27.6000003814697 27.7999992370605 27.2999992370605 28 27.7000007629395 27 26.5 26.1000003814697 26.6000003814697 26.6000003814697 27.7999992370605 28.2999992370605 28.6000003814697 28.2999992370605 27.7000007629395 29.3999996185303 29.7000007629395 30 30.2999992370605 -3.4e+38 -3.4e+38 -3.4e+38 -3.4e+38 -3.4e+38 -3.4e+38 30 30.1000003814697 29.7999992370605 29.7999992370605 29.1000003814697 29.1000003814697 29.1000003814697 28.2000007629395 28 27.7000007629395 27.7999992370605 27.5 28.2000007629395 27.3999996185303 25.8999996185303 26.2999992370605 25.5 24.6000003814697 25.5 24.8999996185303 25.5
28.7000007629395 28.7000007629395 28.5 28.3999996185303 28.2999992370605 28.2000007629395 28.1000003814697 28.5 28.7000007629395 28.6000003814697 27.8999996185303 28 28.1000003814697 27.6000003814697 27.3999996185303 26.7000007629395 26.5 26.2999992370605 26 27.3999996185303 27.7999992370605 27.3999996185303 26.7999992370605 28.1000003814697 29.2000007629395 29.3999996185303 29.2999992370605 29.2999992370605 -3.4e+38 -3.4e+38 -3.4e+38 -3.4e+38 -3.4e+38 -3.4e+38 -3.4e+38 30.3999996185303 30.1000003814697 29.5 29.3999996185303 29.5 29.2000007629395 28.2000007629395 28.2000007629395 27.2000007629395 27.6000003814697 27.2000007629395 26.7999992370605 25.2999992370605 25.2999992370605 25.8999996185303 25.8999996185303 24.3999996185303 24.8999996185303 25.6000003814697 25.5
29 28.7000007629395 28.6000003814697 28.5 28.5 28.5 28.5 28.6000003814697 28.8999996185303 28.7999992370605 28.3999996185303 28.6000003814697 27.7000007629395 27.7000007629395 27.2999992370605 27.1000003814697 26.3999996185303 26 27.3999996185303 27.8999996185303 27.7999992370605 27.8999996185303 26.3999996185303 28.1000003814697 28.8999996185303 29.2999992370605 29.6000003814697 30 -3.4e+38 -3.4e+38 -3.4e+38 -3.4e+38 -3.4e+38 -3.4e+38 -3.4e+38 -3.4e+38 30.1000003814697 29.8999996185303 29.6000003814697 29.7000007629395 29.1000003814697 28.2000007629395 27.6000003814697 27.7000007629395 27.6000003814697 27.3999996185303 27.3999996185303 26.2999992370605 26.1000003814697 24.8999996185303 25.7000007629395 24.1000003814697 25.6000003814697 25.1000003814697 25.7999992370605
-3.4e+38 -3.4e+38 28.7999992370605 28.7999992370605 28.7999992370605 28.7999992370605 28.7999992370605 28.7999992370605 29.2000007629395 29.2000007629395 28.8999996185303 28 28.2999992370605 28 26.7999992370605 26.7999992370605 26.2000007629395 26.2999992370605 27.3999996185303 26.8999996185303 27.2999992370605 27.5 27 27.8999996185303 29.1000003814697 28.7000007629395 28.6000003814697 30 30.6000003814697 -3.4e+38 -3.4e+38 -3.4e+38 -3.4e+38 -3.4e+38 -3.4e+38 -3.4e+38 30.2999992370605 29.8999996185303 29.8999996185303 28.7999992370605 26.6000003814697 26.2999992370605 26 26.7000007629395 27.3999996185303 27.2999992370605 27.2999992370605 27.2999992370605 26.2000007629395 24.8999996185303 24.6000003814697 24.8999996185303 25.7000007629395 25.6000003814697 26.2999992370605
-3.4e+38 -3.4e+38 -3.4e+38 29 29.1000003814697 -3.4e+38 -3.4e+38 -3.4e+38 29.2000007629395 29.2000007629395 29.1000003814697 27.6000003814697 26.6000003814697 27 26.7000007629395 26.5 26.5 26.1000003814697 25.8999996185303 26.5 26.1000003814697 26.7999992370605 28.2000007629395 28 28.2999992370605 26.8999996185303 27.6000003814697 29.2999992370605 29.8999996185303 30.3999996185303 -3.4e+38 -3.4e+38 -3.4e+38 -3.4e+38 -3.4e+38 -3.4e+38 -3.4e+38 29.8999996185303 29.5 28.8999996185303 26.7000007629395 25.2999992370605 25.8999996185303 26.2000007629395 26.8999996185303 27 28 27.6000003814697 26.7000007629395 26.5 25.2000007629395 25.7999992370605 25.1000003814697 25.6000003814697 26.2000007629395
-3.4e+38 -3.4e+38 -3.4e+38 -3.4e+38 -3.4e+38 -3.4e+38 -3.4e+38 29.2000007629395 28.8999996185303 29 28.2999992370605 27.3999996185303 27.3999996185303 26.8999996185303 27.1000003814697 26.7000007629395 26.5 26 25.3999996185303 26.1000003814697 26.7999992370605 26.7000007629395 26.7999992370605 27.6000003814697 27.8999996185303 28.5 28.7000007629395 29 30.1000003814697 30 30.5 -3.4e+38 -3.4e+38 -3.4e+38 -3.4e+38 -3.4e+38 -3.4e+38 30.1000003814697 29.6000003814697 29.2999992370605 26.8999996185303 26 26.2000007629395 26.6000003814697 26.8999996185303 27.1000003814697 27.2999992370605 27.2000007629395 27.3999996185303 26.6000003814697 27 26.3999996185303 26.1000003814697 25.6000003814697 25.6000003814697
-3.4e+38 -3.4e+38 -3.4e+38 -3.4e+38 -3.4e+38 -3.4e+38 -3.4e+38 29.5 29.2999992370605 28.6000003814697 27.7000007629395 27.7000007629395 27.2000007629395 26.8999996185303 26.6000003814697 26.1000003814697 26.1000003814697 26 25.6000003814697 26.2000007629395 26.5 26.7999992370605 26.3999996185303 27 27.1000003814697 28 28.7000007629395 28.2000007629395 29.7000007629395 30.5 -3.4e+38 -3.4e+38 -3.4e+38 -3.4e+38 -3.4e+38 -3.4e+38 -3.4e+38 -3.4e+38 29.8999996185303 29.3999996185303 28 27.5 27.6000003814697 28.6000003814697 28.5 28.5 28.3999996185303 27.7000007629395 27.8999996185303 27.5 27 26.6000003814697 26.2999992370605 24.5 24.2999992370605
-3.4e+38 -3.4e+38 -3.4e+38 -3.4e+38 -3.4e+38 -3.4e+38 -3.4e+38 29.6000003814697 29.6000003814697 29 27.5 28 27.1000003814697 26.5 26.7999992370605 26.3999996185303 25.3999996185303 26 25.7000007629395 26.2000007629395 26.7000007629395 27.3999996185303 26.6000003814697 27.5 27.7000007629395 28.7999992370605 27.1000003814697 27.2000007629395 29.2999992370605 30.2000007629395 -3.4e+38 -3.4e+38 -3.4e+38 -3.4e+38 -3.4e+38 -3.4e+38 -3.4e+38 30.2999992370605 29.5 29.1000003814697 28.7000007629395 28.8999996185303 28.7000007629395 29.2000007629395 29.1000003814697 28.5 28.7999992370605 28.5 27.8999996185303 26.6000003814697 26.1000003814697 25.6000003814697 25 24.5 25.6000003814697
-3.4e+38 -3.4e+38 -3.4e+38 -3.4e+38 -3.4e+38 -3.4e+38 -3.4e+38 29.6000003814697 29.7000007629395 28.3999996185303 28.2999992370605 26.8999996185303 26.6000003814697 27.2999992370605 26.1000003814697 26.1000003814697 24.3999996185303 25.8999996185303 25.7999992370605 26.3999996185303 27.2000007629395 27.6000003814697 27.5 27.7999992370605 28.7999992370605 28.8999996185303 28.8999996185303 27.2000007629395 29 29.7999992370605 -3.4e+38 -3.4e+38 -3.4e+38 -3.4e+38 -3.4e+38 -3.4e+38 -3.4e+38 30 30 29.5 29.7000007629395 29.6000003814697 29.6000003814697 29.6000003814697 29.2000007629395 29.2000007629395 28.5 27.5 26.7000007629395 25.8999996185303 26.1000003814697 25.5 25 25 24.7000007629395
-3.4e+38 -3.4e+38 -3.4e+38 -3.4e+38 -3.4e+38 -3.4e+38 -3.4e+38 29.7999992370605 29.5 29.2999992370605 28.2000007629395 27.7999992370605 27.2999992370605 27.7999992370605 26.7000007629395 26.3999996185303 25.7999992370605 25.8999996185303 26.1000003814697 26.6000003814697 26.6000003814697 27.1000003814697 27.1000003814697 27.2000007629395 27.5 29 29.7999992370605 29.6000003814697 29.7999992370605 30.5 30.7000007629395 -3.4e+38 -3.4e+38 -3.4e+38 -3.4e+38 -3.4e+38 -3.4e+38 30.1000003814697 30 30 30.1000003814697 30 29.8999996185303 29.6000003814697 29.2999992370605 28.5 28.5 27.7000007629395 27.6000003814697 26.2999992370605 25 24.8999996185303 24.8999996185303 25.5 24.7999992370605
-3.4e+38 -3.4e+38 -3.4e+38 -3.4e+38 -3.4e+38 -3.4e+38 -3.4e+38 29.7999992370605 29.6000003814697 29.1000003814697 28.3999996185303 27.8999996185303 27.2999992370605 27.1000003814697 27.1000003814697 26.5 25.2999992370605 24.7000007629395 25.5 26.1000003814697 26.3999996185303 26.6000003814697 27.7999992370605 28.2000007629395 27.8999996185303 28.2999992370605 28.5 29.7999992370605 30.1000003814697 29.7999992370605 31 -3.4e+38 -3.4e+38 -3.4e+38 -3.4e+38 -3.4e+38 -3.4e+38 30.2999992370605 30 30 29.6000003814697 29.7000007629395 29.7000007629395 29.2999992370605 28.8999996185303 28.8999996185303 28.2000007629395 27.7999992370605 27.6000003814697 26.8999996185303 25.5 25.7999992370605 24.8999996185303 25 25
-3.4e+38 -3.4e+38 -3.4e+38 -3.4e+38 -3.4e+38 -3.4e+38 29.8999996185303 30 29.7000007629395 28.7000007629395 28.1000003814697 28.3999996185303 28 28.1000003814697 27.7000007629395 27.5 26.2999992370605 26.1000003814697 25.3999996185303 26.1000003814697 26.3999996185303 27.7999992370605 28.2999992370605 28.2999992370605 29.3999996185303 28.2999992370605 28.2000007629395 29.6000003814697 29.8999996185303 29.7999992370605 30.3999996185303 -3.4e+38 -3.4e+38 -3.4e+38 -3.4e+38 -3.4e+38 -3.4e+38 30.3999996185303 30 29.7000007629395 29.8999996185303 29.2999992370605 28.8999996185303 29.6000003814697 29.2999992370605 28.5 28.3999996185303 28.2000007629395 27.7000007629395 27.5 27.1000003814697 25.7999992370605 25.6000003814697 26 25.7000007629395
-3.4e+38 -3.4e+38 -3.4e+38 -3.4e+38 -3.4e+38 -3.4e+38 -3.4e+38 30 29.2999992370605 29.2999992370605 29 28 28 26.6000003814697 27.5 27.1000003814697 26.7999992370605 26.2000007629395 25.8999996185303 26.1000003814697 26 27.6000003814697 28.7000007629395 28.3999996185303 29.1000003814697 29.3999996185303 29.3999996185303 29.6000003814697 29.3999996185303 30.1000003814697 30.2000007629395 -3.4e+38 -3.4e+38 -3.4e+38 -3.4e+38 -3.4e+38 -3.4e+38 30.5 30.2000007629395 30.2000007629395 29.8999996185303 29.7000007629395 28.8999996185303 29 28.8999996185303 28.7999992370605 28.2999992370605 27.7999992370605 26.3999996185303 26.2999992370605 25.6000003814697 25.7999992370605 26.5 26.2999992370605 25.7000007629395
-3.4e+38 -3.4e+38 -3.4e+38 -3.4e+38 -3.4e+38 -3.4e+38 29.8999996185303 29.7000007629395 29.7000007629395 29.6000003814697 28.6000003814697 28 27.3999996185303 26.7999992370605 26.2999992370605 27.1000003814697 25.7000007629395 25.2000007629395 26.2000007629395 26 25.7000007629395 27.2999992370605 28.2000007629395 28.7999992370605 29.1000003814697 29.3999996185303 29.3999996185303 29.8999996185303 30.2000007629395 29.2000007629395 29.5 31.2000007629395 -3.4e+38 -3.4e+38 -3.4e+38 -3.4e+38 30.5 30.2000007629395 30.3999996185303 30 29.7000007629395 29.7999992370605 28.8999996185303 28.7000007629395 27.8999996185303 28 27.3999996185303 26.2000007629395 26.2999992370605 26.3999996185303 26.7999992370605 26.8999996185303 27.2999992370605 26.8999996185303 26.2000007629395
-3.4e+38 -3.4e+38 -3.4e+38 -3.4e+38 -3.4e+38 -3.4e+38 30.1000003814697 -3.4e+38 29.8999996185303 29 28.2000007629395 26.7999992370605 26.2000007629395 26 26.8999996185303 26.3999996185303 25.8999996185303 25.7999992370605 25.8999996185303 26.2000007629395 25.6000003814697 27 28.5 28.6000003814697 29.2000007629395 29.7000007629395 29.8999996185303 29.8999996185303 29.5 30.1000003814697 30.6000003814697 31 -3.4e+38 -3.4e+38 -3.4e+38 30.6000003814697 30.3999996185303 30.2000007629395 30.1000003814697 30.2999992370605 29.7000007629395 29.5 28.8999996185303 28.2000007629395 28.1000003814697 27.1000003814697 27.3999996185303 26.7999992370605 25.6000003814697 26.3999996185303 27.1000003814697 27.1000003814697 27.2999992370605 26.7000007629395 26.2999992370605
