data/bioclim/Tave_sm1.asc
NCOLS 391 
NROWS 575 
XLLCORNER -1773000 
YLLCORNER 4368000 
CELLSIZE 1000 
NODATA_value -3.4e+38 
[rows 250 to 274 of 575, columns 110 to 164 of 391]
25.5 25.2999992370605 24.1000003814697 24.2999992370605 23.7999992370605 23.2000007629395 22.7000007629395 22.2999992370605 22.1000003814697 22.6000003814697 22.7000007629395 23.2000007629395 23.2999992370605 24.2999992370605 24.7000007629395 25 25.1000003814697 25.2000007629395 24.3999996185303 25 25.6000003814697 24.8999996185303 25.2000007629395 25.7000007629395 -3.4e+38 -3.4e+38 -3.4e+38 -3.4e+38 -3.4e+38 -3.4e+38 -3.4e+38 -3.4e+38 25.6000003814697 25.5 25.1000003814697 -3.4e+38 -3.4e+38 -3.4e+38 24.8999996185303 24.3999996185303 24.2000007629395 24 23.8999996185303 23.6000003814697 23.2999992370605 22.8999996185303 21.2000007629395 19.1000003814697 19.2000007629395 20.6000003814697 21.7999992370605 22.7000007629395 22.7999992370605 -3.4e+38 -3.4e+38
25.3999996185303 25.1000003814697 24.8999996185303 24.8999996185303 24.2999992370605 23.7000007629395 22.8999996185303 22 22 22.7999992370605 22.6000003814697 22.6000003814697 24.1000003814697 24.7000007629395 25 25.2000007629395 25.1000003814697 24.8999996185303 25.5 25 25.6000003814697 25.2000007629395 25.6000003814697 25.7000007629395 -3.4e+38 -3.4e+38 -3.4e+38 -3.4e+38 -3.4e+38 -3.4e+38 -3.4e+38 -3.4e+38 25.2999992370605 25 25.1000003814697 25.2999992370605 -3.4e+38 -3.4e+38 25 24.7999992370605 24.7000007629395 24.5 23.7999992370605 24 23.6000003814697 23.1000003814697 22.2999992370605 19.8999996185303 19 20.5 21.7999992370605 22.7000007629395 22.8999996185303 -3.4e+38 -3.4e+38
25.5 25.5 25.7000007629395 25.7000007629395 24.7000007629395 24.2000007629395 22.7000007629395 20.7999992370605 21.7999992370605 21 21.7000007629395 23.1000003814697 23.8999996185303 24.1000003814697 24.5 24.8999996185303 25.1000003814697 24.3999996185303 25.1000003814697 25.6000003814697 25.6000003814697 25.5 25.6000003814697 25.7000007629395 -3.4e+38 -3.4e+38 -3.4e+38 -3.4e+38 -3.4e+38 -3.4e+38 -3.4e+38 -3.4e+38 24.7000007629395 24 25.2000007629395 25.1000003814697 -3.4e+38 -3.4e+38 24.5 24.2000007629395 23.7999992370605 24.1000003814697 23.8999996185303 24 23.7000007629395 23.2000007629395 22.2999992370605 21 20.8999996185303 21.7000007629395 22.2999992370605 22.7000007629395 22.8999996185303 -3.4e+38 -3.4e+38
26.2000007629395 25.7999992370605 24.8999996185303 24.8999996185303 24.7000007629395 24.1000003814697 23.3999996185303 22 21.3999996185303 21.5 21.1000003814697 22.2000007629395 23.5 22.7000007629395 23.6000003814697 23.7999992370605 25.2000007629395 25 24.6000003814697 25 25.6000003814697 25.6000003814697 25.6000003814697 25.7999992370605 -3.4e+38 -3.4e+38 26 25.7000007629395 25.5 25.6000003814697 25.6000003814697 25.2999992370605 25.1000003814697 24 24.5 -3.4e+38 -3.4e+38 -3.4e+38 24.5 24.2999992370605 23.8999996185303 23.8999996185303 23.8999996185303 23.8999996185303 23.7000007629395 22.3999996185303 22.2000007629395 21.6000003814697 21.5 21.5 22.2999992370605 22.7000007629395 23 -3.4e+38 -3.4e+38
25.6000003814697 25 24.8999996185303 24 23.6000003814697 24 23.7999992370605 23.1000003814697 22.2000007629395 23 21.8999996185303 22 21.8999996185303 22.6000003814697 23 24.1000003814697 24.2999992370605 24.8999996185303 25.6000003814697 25.2999992370605 -3.4e+38 -3.4e+38 -3.4e+38 -3.4e+38 -3.4e+38 -3.4e+38 26 25.3999996185303 24.7000007629395 25.7000007629395 25.6000003814697 25.2999992370605 24.5 23.3999996185303 24.7999992370605 -3.4e+38 -3.4e+38 -3.4e+38 24.5 24.1000003814697 23.8999996185303 23.8999996185303 23.2999992370605 23.1000003814697 22.7000007629395 21.7000007629395 21.5 22 22.2000007629395 22.1000003814697 22.1000003814697 22.7000007629395 22.8999996185303 -3.4e+38 -3.4e+38
25.5 25 24.6000003814697 24 22.7000007629395 22.6000003814697 22.6000003814697 23.1000003814697 23.5 23.7000007629395 22.8999996185303 21.6000003814697 21.8999996185303 21.7999992370605 22.7000007629395 23.8999996185303 24.5 25 25.2000007629395 -3.4e+38 -3.4e+38 -3.4e+38 -3.4e+38 -3.4e+38 -3.4e+38 -3.4e+38 26.1000003814697 25.6000003814697 24.6000003814697 24.7999992370605 25.5 25.2000007629395 25 23.3999996185303 24.5 -3.4e+38 -3.4e+38 -3.4e+38 24.5 24 23.2999992370605 23.2999992370605 23.2000007629395 21.7000007629395 21.5 21.5 21.5 21.5 21.8999996185303 22.1000003814697 22.7000007629395 22.7999992370605 -3.4e+38 -3.4e+38 -3.4e+38
25.5 25 23.7000007629395 23.7000007629395 22.6000003814697 21 23.1000003814697 24.3999996185303 23.7000007629395 23.7000007629395 23.2999992370605 23.2999992370605 23.7999992370605 23.2000007629395 23.2999992370605 23.8999996185303 24.2999992370605 25.5 25.7000007629395 -3.4e+38 -3.4e+38 -3.4e+38 -3.4e+38 -3.4e+38 -3.4e+38 26.2999992370605 25.6000003814697 25.1000003814697 24.3999996185303 24.3999996185303 25.1000003814697 25.2000007629395 25 24.5 24.3999996185303 -3.4e+38 -3.4e+38 -3.4e+38 24.2000007629395 23.8999996185303 23.5 23.2999992370605 22.3999996185303 21.1000003814697 20.2999992370605 21.5 20.8999996185303 21.5 21.7000007629395 22.1000003814697 22.6000003814697 22.7999992370605 -3.4e+38 -3.4e+38 -3.4e+38
25.5 24.8999996185303 24.2999992370605 21.8999996185303 20.7999992370605 20.7000007629395 21.8999996185303 24.2999992370605 25.1000003814697 24.7999992370605 24.2999992370605 22 23.1000003814697 24.2000007629395 25 24.3999996185303 25 25.6000003814697 26.2000007629395 -3.4e+38 -3.4e+38 -3.4e+38 -3.4e+38 -3.4e+38 26.2999992370605 25.6000003814697 25.2000007629395 24.6000003814697 24.3999996185303 24.5 24.5 24.7000007629395 25 24.2000007629395 24.7999992370605 -3.4e+38 -3.4e+38 -3.4e+38 24.3999996185303 24 23.8999996185303 23.2000007629395 22.1000003814697 21.6000003814697 19.3999996185303 20 20.2000007629395 20.8999996185303 21.2999992370605 22.1000003814697 22.7000007629395 22.7000007629395 23.1000003814697 -3.4e+38 -3.4e+38
25.5 24.2999992370605 22.8999996185303 21.8999996185303 22.1000003814697 21.7999992370605 21.5 23.7000007629395 24.5 25.5 24.2000007629395 23.2000007629395 23.3999996185303 24.3999996185303 25.3999996185303 25.3999996185303 25 25.6000003814697 -3.4e+38 -3.4e+38 -3.4e+38 -3.4e+38 -3.4e+38 26.2999992370605 25.8999996185303 25.2999992370605 25.1000003814697 24.7999992370605 24.5 24.5 24.3999996185303 23.8999996185303 23.8999996185303 24.5 24.5 25 -3.4e+38 -3.4e+38 24.5 24.1000003814697 23.7999992370605 23.5 21.2000007629395 20.7000007629395 19.3999996185303 18.7000007629395 20.2999992370605 20.2999992370605 21 21.7999992370605 22.3999996185303 22.2000007629395 23.2000007629395 23.2999992370605 -3.4e+38
25.6000003814697 24.7000007629395 22.8999996185303 22.7000007629395 22.7999992370605 23.2000007629395 21.5 24.1000003814697 25.2000007629395 25.6000003814697 25.2000007629395 24.1000003814697 24.1000003814697 23.8999996185303 24.8999996185303 25 25.5 25.8999996185303 -3.4e+38 -3.4e+38 -3.4e+38 -3.4e+38 26.2999992370605 26.2999992370605 26 25.6000003814697 25.6000003814697 25.3999996185303 24.6000003814697 23.7999992370605 23 23.6000003814697 23.8999996185303 24.2000007629395 24.3999996185303 24.7000007629395 -3.4e+38 -3.4e+38 24.5 23.8999996185303 23.2999992370605 23 22.1000003814697 21.5 20 19.8999996185303 19.7999992370605 20.7000007629395 21.5 21.5 22.2999992370605 22.7999992370605 23.1000003814697 23.3999996185303 -3.4e+38
26.1000003814697 25.6000003814697 24.3999996185303 24.2000007629395 23.6000003814697 23.7999992370605 22.2999992370605 23.2000007629395 25 25.7999992370605 25.2000007629395 25 25 24.5 25.1000003814697 25.6000003814697 25.6000003814697 26.2000007629395 -3.4e+38 -3.4e+38 -3.4e+38 -3.4e+38 26.2999992370605 26.2000007629395 25.8999996185303 25.5 24.7000007629395 24.8999996185303 24.5 23.8999996185303 23.3999996185303 23.3999996185303 23.8999996185303 24 24.3999996185303 -3.4e+38 -3.4e+38 -3.4e+38 24.2999992370605 23.8999996185303 23.5 23.2999992370605 22.7999992370605 21.5 20.2999992370605 19.8999996185303 21.1000003814697 21.8999996185303 22.2000007629395 22.1000003814697 22.3999996185303 22.7000007629395 22.7999992370605 23.3999996185303 -3.4e+38
26.1000003814697 25.6000003814697 25 24.3999996185303 24.3999996185303 24.2000007629395 23.6000003814697 23.7999992370605 24.5 26 25.3999996185303 25.7000007629395 25.3999996185303 25.5 25.6000003814697 26.1000003814697 25.6000003814697 26.2000007629395 -3.4e+38 -3.4e+38 -3.4e+38 26.5 26.2999992370605 26 25.6000003814697 25.1000003814697 24.7000007629395 23.7000007629395 23.2000007629395 24.2000007629395 23.7999992370605 23.3999996185303 23.7999992370605 24.5 24.5 -3.4e+38 -3.4e+38 -3.4e+38 -3.4e+38 24 23.7000007629395 23.2999992370605 23.3999996185303 22.7000007629395 20.3999996185303 20.8999996185303 22 22.1000003814697 22.7000007629395 22.1000003814697 20.8999996185303 21.5 22.7999992370605 23.1000003814697 -3.4e+38
26.1000003814697 25.7999992370605 25.6000003814697 24.8999996185303 24.6000003814697 24.8999996185303 24.3999996185303 24.8999996185303 25.2999992370605 25.6000003814697 25 25.6000003814697 26.2999992370605 25.6000003814697 25.6000003814697 26.1000003814697 26.5 26.3999996185303 -3.4e+38 -3.4e+38 26.3999996185303 26.2000007629395 25.8999996185303 25.5 25.1000003814697 25.1000003814697 24.5 23.3999996185303 22.5 23.1000003814697 23.2000007629395 23.8999996185303 23.7999992370605 23.7999992370605 24.2999992370605 24.6000003814697 -3.4e+38 -3.4e+38 -3.4e+38 24.2999992370605 23.8999996185303 23.2999992370605 23.2000007629395 21.8999996185303 20.8999996185303 21.5 22 22.5 22.7000007629395 22.1000003814697 20.7999992370605 22.5 23 23.3999996185303 -3.4e+38
26.3999996185303 25.7999992370605 26.2000007629395 25.7000007629395 25.5 24.8999996185303 24.8999996185303 25.6000003814697 26.2999992370605 25.6000003814697 25.1000003814697 25 25.7000007629395 26.3999996185303 25.6000003814697 26.2000007629395 26.2999992370605 -3.4e+38 -3.4e+38 26.6000003814697 26.2999992370605 25.7000007629395 25.8999996185303 25.6000003814697 25.2000007629395 25.1000003814697 24.5 23.8999996185303 22.7999992370605 22.6000003814697 23.2000007629395 23.3999996185303 23.7999992370605 23.7999992370605 24.2999992370605 24.5 -3.4e+38 -3.4e+38 -3.4e+38 24.2000007629395 23.8999996185303 23.5 23.2999992370605 22.7999992370605 22.2000007629395 22.1000003814697 22.2999992370605 22.7999992370605 22.5 22.2999992370605 22.2999992370605 22.7000007629395 23.1000003814697 23.3999996185303 -3.4e+38
26.5 26.2000007629395 26.2999992370605 25.6000003814697 25.6000003814697 24.8999996185303 25 25.5 25.8999996185303 25.6000003814697 25.5 25.5 25.6000003814697 26.3999996185303 25.7000007629395 26.7000007629395 -3.4e+38 -3.4e+38 26.6000003814697 26.3999996185303 26.2999992370605 26 25.6000003814697 25.2999992370605 25.2000007629395 24.1000003814697 24 23.2000007629395 22.5 22.7000007629395 23.2999992370605 23.7000007629395 23.8999996185303 24.1000003814697 24.5 24.6000003814697 -3.4e+38 -3.4e+38 -3.4e+38 24.2000007629395 24 23.7000007629395 23.2999992370605 23.3999996185303 22.6000003814697 22.2000007629395 22.8999996185303 23.1000003814697 22.8999996185303 23 22.7000007629395 22.7999992370605 22.7999992370605 23.3999996185303 -3.4e+38
26.2999992370605 26.2000007629395 25.6000003814697 26.1000003814697 26.3999996185303 25.3999996185303 25 25.5 26.1000003814697 25.7000007629395 25.5 25.6000003814697 26.3999996185303 26.6000003814697 -3.4e+38 -3.4e+38 -3.4e+38 -3.4e+38 26.3999996185303 26.1000003814697 25.7000007629395 26 25.7000007629395 25.6000003814697 24.7000007629395 25.1000003814697 23 23.5 22.7000007629395 22.1000003814697 22.6000003814697 23.7999992370605 24 24.2000007629395 24.3999996185303 -3.4e+38 -3.4e+38 -3.4e+38 -3.4e+38 24.2999992370605 23.8999996185303 23.8999996185303 23.7000007629395 23.2000007629395 22.7000007629395 23.2000007629395 22.7999992370605 23.2999992370605 23.1000003814697 23.2999992370605 23.2999992370605 23.2999992370605 23.2000007629395 23.5 -3.4e+38
26.5 26.2000007629395 26.1000003814697 26.7999992370605 26 25.5 24.7000007629395 25.3999996185303 25.8999996185303 25.6000003814697 25.6000003814697 26.2999992370605 26.7999992370605 -3.4e+38 -3.4e+38 -3.4e+38 -3.4e+38 -3.4e+38 26.2999992370605 26.2000007629395 25.7000007629395 25.2000007629395 26 25.7000007629395 24.6000003814697 24.2999992370605 24.1000003814697 23.8999996185303 22.8999996185303 22.2000007629395 23.6000003814697 23.7999992370605 23.7000007629395 23.7999992370605 24.2999992370605 -3.4e+38 -3.4e+38 -3.4e+38 -3.4e+38 -3.4e+38 24 23.8999996185303 23.8999996185303 23.3999996185303 23.6000003814697 23.5 23.2999992370605 23.2999992370605 23.2999992370605 23.5 23.2999992370605 23.3999996185303 23.5 23.7000007629395 -3.4e+38
26.5 26.3999996185303 26.5 26.7999992370605 26.2000007629395 25 25.7999992370605 26.2000007629395 26.2999992370605 26.2999992370605 25.7000007629395 -3.4e+38 -3.4e+38 -3.4e+38 -3.4e+38 -3.4e+38 -3.4e+38 26.2999992370605 26.1000003814697 25.8999996185303 25.7999992370605 25.2000007629395 25.1000003814697 24.3999996185303 24.7000007629395 24.7000007629395 23.8999996185303 23.6000003814697 23.6000003814697 22.7000007629395 23.3999996185303 23.2999992370605 23.7000007629395 23.8999996185303 24.2999992370605 -3.4e+38 -3.4e+38 -3.4e+38 -3.4e+38 -3.4e+38 24.3999996185303 24.2000007629395 24 23.7999992370605 24 23.8999996185303 23.3999996185303 23.2999992370605 23.2999992370605 23.8999996185303 23.3999996185303 23.3999996185303 23.7999992370605 23.8999996185303 -3.4e+38
26.7999992370605 26.7999992370605 27 26.7999992370605 25.6000003814697 25.2000007629395 26.2000007629395 26.3999996185303 26.2999992370605 26.7999992370605 -3.4e+38 -3.4e+38 -3.4e+38 -3.4e+38 -3.4e+38 -3.4e+38 26.3999996185303 26.6000003814697 26.5 26.3999996185303 26.2999992370605 25.7000007629395 25.3999996185303 23.8999996185303 24.1000003814697 24.5 23.2999992370605 22.6000003814697 22.6000003814697 22.6000003814697 23.1000003814697 23.5 23.7000007629395 23.8999996185303 24.2000007629395 24 -3.4e+38 -3.4e+38 -3.4e+38 -3.4e+38 -3.4e+38 -3.4e+38 24.3999996185303 23.8999996185303 24.2999992370605 23.8999996185303 23.7999992370605 23.7999992370605 23.8999996185303 23.7999992370605 23.8999996185303 23.5 24 24 -3.4e+38
27.2000007629395 27.2999992370605 27.3999996185303 27.3999996185303 26.7999992370605 26.5 26.8999996185303 26.7999992370605 -3.4e+38 -3.4e+38 -3.4e+38 -3.4e+38 -3.4e+38 -3.4e+38 26.2999992370605 26.2999992370605 25.8999996185303 26.2999992370605 26.1000003814697 26.2999992370605 25.7000007629395 25.5 24.3999996185303 22.7000007629395 22.7000007629395 24.5 23.7999992370605 22.2000007629395 21.6000003814697 22.2000007629395 23.2000007629395 23.2000007629395 23.6000003814697 23.8999996185303 23.8999996185303 24 -3.4e+38 -3.4e+38 -3.4e+38 -3.4e+38 -3.4e+38 -3.4e+38 24.2000007629395 24.5 23.8999996185303 23.8999996185303 23.8999996185303 23.8999996185303 24 23.8999996185303 24.2000007629395 23.7000007629395 24.2999992370605 -3.4e+38 -3.4e+38
-3.4e+38 -3.4e+38 27.3999996185303 26.8999996185303 26.7999992370605 27.1000003814697 26.7999992370605 27.1000003814697 -3.4e+38 -3.4e+38 -3.4e+38 -3.4e+38 -3.4e+38 26.2000007629395 26 25.8999996185303 25.8999996185303 25.7999992370605 26.1000003814697 25.7000007629395 25.6000003814697 25.1000003814697 25.2999992370605 24.3999996185303 23.5 23.7000007629395 23.8999996185303 23.2000007629395 23.2000007629395 22.7999992370605 23.2000007629395 23.2999992370605 23.2999992370605 23.8999996185303 23.8999996185303 24.5 -3.4e+38 -3.4e+38 -3.4e+38 -3.4e+38 -3.4e+38 -3.4e+38 -3.4e+38 24.5 24.3999996185303 24.5 23.8999996185303 23.8999996185303 24.5 24 24.3999996185303 24 24.3999996185303 -3.4e+38 24.6000003814697
27.2999992370605 27.2000007629395 27.2000007629395 26.7999992370605 26.6000003814697 26.7999992370605 27 -3.4e+38 -3.4e+38 -3.4e+38 -3.4e+38 -3.4e+38 26.5 26.3999996185303 26.2999992370605 26.2000007629395 25.7000007629395 25.2999992370605 25.5 25.6000003814697 24.7000007629395 24.5 25 25.1000003814697 24.2999992370605 22.8999996185303 22.7000007629395 23.3999996185303 23 22.7000007629395 23.2000007629395 23.2000007629395 23.6000003814697 23.8999996185303 24.5 24.6000003814697 -3.4e+38 -3.4e+38 -3.4e+38 -3.4e+38 -3.4e+38 -3.4e+38 -3.4e+38 24.7000007629395 24.6000003814697 24.6000003814697 24.2000007629395 24.5 24.3999996185303 24.3999996185303 24.5 24.3999996185303 -3.4e+38 -3.4e+38 24.6000003814697
26.7999992370605 26.7999992370605 26.7000007629395 26.3999996185303 26.2000007629395 26.7999992370605 26.8999996185303 -3.4e+38 -3.4e+38 -3.4e+38 26.3999996185303 26.2999992370605 26.1000003814697 26.1000003814697 26 26 25.7000007629395 25.1000003814697 25.1000003814697 24.3999996185303 24.7000007629395 24.1000003814697 23.8999996185303 24.6000003814697 23.8999996185303 23.2000007629395 22.7999992370605 22.1000003814697 22.7000007629395 23 22.8999996185303 23 23.2999992370605 23.7999992370605 24.5 24.3999996185303 24.7999992370605 -3.4e+38 -3.4e+38 -3.4e+38 -3.4e+38 -3.4e+38 -3.4e+38 -3.4e+38 24.8999996185303 24.7000007629395 24.6000003814697 24.6000003814697 24.6000003814697 24.6000003814697 24.6000003814697 24.7000007629395 -3.4e+38 -3.4e+38 24.6000003814697
26.2000007629395 26.2999992370605 25.3999996185303 25.7999992370605 26 26.3999996185303 -3.4e+38 -3.4e+38 -3.4e+38 26.2000007629395 26.2999992370605 26.2999992370605 26.2000007629395 25.8999996185303 25.7000007629395 25.3999996185303 25.8999996185303 25.3999996185303 24.7000007629395 23.8999996185303 24.7999992370605 23.8999996185303 24.5 24.5 23.8999996185303 22 22.2000007629395 21.8999996185303 22.1000003814697 23.7000007629395 23.7000007629395 23.8999996185303 23.8999996185303 23.7999992370605 24 24.5 24.5 -3.4e+38 -3.4e+38 -3.4e+38 -3.4e+38 -3.4e+38 -3.4e+38 -3.4e+38 -3.4e+38 25 24.6000003814697 24.7999992370605 25 -3.4e+38 24.7000007629395 24.7999992370605 -3.4e+38 24.7999992370605 24.6000003814697
26 25.7000007629395 24.6000003814697 24.8999996185303 26.1000003814697 26.7999992370605 -3.4e+38 -3.4e+38 26.2000007629395 26.3999996185303 26.2000007629395 26.1000003814697 26.2000007629395 26.1000003814697 25.7999992370605 25.7000007629395 25.5 25.7000007629395 24.3999996185303 23.8999996185303 23.7000007629395 23.2999992370605 23.2999992370605 24.1000003814697 24.5 23.2000007629395 23.2000007629395 22.2000007629395 23.2000007629395 24 24.2999992370605 24.2999992370605 23.8999996185303 23.8999996185303 24.3999996185303 24.3999996185303 24.6000003814697 -3.4e+38 -3.4e+38 -3.4e+38 -3.4e+38 -3.4e+38 -3.4e+38 -3.4e+38 -3.4e+38 -3.4e+38 -3.4e+38 -3.4e+38 -3.4e+38 -3.4e+38 -3.4e+38 24.8999996185303 24.6000003814697 25.2999992370605 24.3999996185303
