data/bioclim/Tave_sm1.asc
NCOLS 391 
NROWS 575 
XLLCORNER -1773000 
YLLCORNER 4368000 
CELLSIZE 1000 
NODATA_value -3.4e+38 
[rows 500 to 524 of 575, columns 165 to 219 of 391]
-3.4e+38 -3.4e+38 -3.4e+38 -3.4e+38 -3.4e+38 -3.4e+38 -3.4e+38 -3.4e+38 -3.4e+38 -3.4e+38 -3.4e+38 -3.4e+38 -3.4e+38 -3.4e+38 -3.4e+38 -3.4e+38 -3.4e+38 -3.4e+38 -3.4e+38 -3.4e+38 -3.4e+38 -3.4e+38 -3.4e+38 -3.4e+38 31.7000007629395 30.5 31.7999992370605 30.6000003814697 28.7000007629395 27.3999996185303 27.7000007629395 28.6000003814697 29.3999996185303 29.8999996185303 29.7999992370605 30.6000003814697 30.6000003814697 31.2000007629395 31 30.1000003814697 31.2000007629395 29.6000003814697 29.1000003814697 30.5 30.5 30.2000007629395 30.2999992370605 29.7000007629395 29.1000003814697 30.5 30.5 30.5 30.7000007629395 31.2000007629395 31.7000007629395
31.7999992370605 31.7999992370605 31.8999996185303 31.8999996185303 -3.4e+38 -3.4e+38 -3.4e+38 -3.4e+38 -3.4e+38 -3.4e+38 -3.4e+38 -3.4e+38 -3.4e+38 -3.4e+38 -3.4e+38 -3.4e+38 -3.4e+38 -3.4e+38 -3.4e+38 -3.4e+38 -3.4e+38 -3.4e+38 -3.4e+38 -3.4e+38 32.4000015258789 32.4000015258789 32.4000015258789 32 30.5 28.7000007629395 28.3999996185303 28.7999992370605 29.3999996185303 29.1000003814697 29.6000003814697 29.7999992370605 30.3999996185303 31.5 31.3999996185303 31.2000007629395 31.3999996185303 29.3999996185303 29.2000007629395 30.5 31.2999992370605 31.2999992370605 30.2999992370605 31.1000003814697 30.7000007629395 30.5 30.2000007629395 30.5 29.7999992370605 31.2999992370605 31.7000007629395
31.3999996185303 31.5 31.3999996185303 31.2999992370605 31.7999992370605 -3.4e+38 -3.4e+38 -3.4e+38 -3.4e+38 -3.4e+38 -3.4e+38 32.2000007629395 31.7000007629395 31.2999992370605 31.7999992370605 -3.4e+38 -3.4e+38 -3.4e+38 -3.4e+38 -3.4e+38 -3.4e+38 29.7999992370605 30.7999992370605 32 -3.4e+38 -3.4e+38 32.4000015258789 32 31.2000007629395 30.7999992370605 29.2999992370605 29.6000003814697 29.1000003814697 30.2999992370605 29.7999992370605 29.8999996185303 30 31.1000003814697 31.7999992370605 31.8999996185303 31.2000007629395 29.3999996185303 29.3999996185303 31.2000007629395 31.6000003814697 31.8999996185303 31.2999992370605 31.7000007629395 30.8999996185303 31.2000007629395 31.2000007629395 30.3999996185303 31 30.8999996185303 31.1000003814697
31.1000003814697 30.2999992370605 30.6000003814697 31.1000003814697 31.7999992370605 31.8999996185303 -3.4e+38 -3.4e+38 -3.4e+38 -3.4e+38 -3.4e+38 31.6000003814697 30.7999992370605 31.2999992370605 31.2000007629395 31.3999996185303 -3.4e+38 -3.4e+38 -3.4e+38 -3.4e+38 30.3999996185303 30.5 30.7999992370605 31.2000007629395 31.2999992370605 31.6000003814697 -3.4e+38 -3.4e+38 32.2999992370605 31.6000003814697 30.8999996185303 29.7999992370605 30.3999996185303 30.5 29.7999992370605 30.5 30 30.5 31.2999992370605 31.7000007629395 31.2000007629395 31.1000003814697 30.5 31.2999992370605 32.2000007629395 32.0999984741211 31.7999992370605 31.2000007629395 31.2000007629395 30.5 31.2000007629395 31.1000003814697 31.7999992370605 31.8999996185303 31.7999992370605
30.2999992370605 29.5 29.2000007629395 29.8999996185303 31.1000003814697 31.7999992370605 31.7000007629395 -3.4e+38 -3.4e+38 -3.4e+38 32.0999984741211 29.1000003814697 26.7000007629395 29.5 30.7000007629395 31 31.1000003814697 -3.4e+38 31.2999992370605 30.3999996185303 28.3999996185303 28.7999992370605 29.7000007629395 30.5 30.2999992370605 31 31.5 -3.4e+38 -3.4e+38 32.4000015258789 32.4000015258789 29.7999992370605 30.3999996185303 31.1000003814697 30.8999996185303 30.6000003814697 29.7999992370605 30.8999996185303 31.2999992370605 -3.4e+38 -3.4e+38 31.8999996185303 31.1000003814697 -3.4e+38 -3.4e+38 -3.4e+38 -3.4e+38 -3.4e+38 -3.4e+38 31.7999992370605 31.8999996185303 -3.4e+38 -3.4e+38 -3.4e+38 -3.4e+38
29 28.3999996185303 28.7000007629395 28.3999996185303 30.5 30.5 31.1000003814697 32.2000007629395 -3.4e+38 -3.4e+38 29.5 27.3999996185303 26.3999996185303 29 29.8999996185303 29.8999996185303 30.5 31 30.5 30.5 29.7999992370605 27.6000003814697 29.7999992370605 29.6000003814697 29.7000007629395 30.8999996185303 31.5 31.8999996185303 31.8999996185303 -3.4e+38 32.2000007629395 30.7999992370605 30.2999992370605 31.3999996185303 31.1000003814697 30.5 29.3999996185303 30.5 -3.4e+38 -3.4e+38 -3.4e+38 -3.4e+38 31.8999996185303 -3.4e+38 -3.4e+38 -3.4e+38 -3.4e+38 -3.4e+38 -3.4e+38 -3.4e+38 -3.4e+38 -3.4e+38 -3.4e+38 -3.4e+38 -3.4e+38
27.7999992370605 26.2999992370605 27.8999996185303 28.6000003814697 28.6000003814697 29.7000007629395 31.3999996185303 32.2000007629395 -3.4e+38 -3.4e+38 30.3999996185303 29.7999992370605 26.3999996185303 26.8999996185303 28.1000003814697 29.7999992370605 29.2999992370605 29.7000007629395 29.3999996185303 28.8999996185303 27.5 28.2999992370605 28.3999996185303 28.2000007629395 29.1000003814697 29.2000007629395 30.7999992370605 31.5 -3.4e+38 31.8999996185303 30.3999996185303 30.5 31.2000007629395 31.7999992370605 31 29.7999992370605 30.1000003814697 -3.4e+38 -3.4e+38 -3.4e+38 -3.4e+38 -3.4e+38 -3.4e+38 -3.4e+38 -3.4e+38 -3.4e+38 -3.4e+38 -3.4e+38 -3.4e+38 -3.4e+38 -3.4e+38 -3.4e+38 -3.4e+38 -3.4e+38 -3.4e+38
27.7999992370605 26.6000003814697 26.7999992370605 27.1000003814697 26.8999996185303 28.7999992370605 29.3999996185303 -3.4e+38 -3.4e+38 29.7000007629395 30.7000007629395 30.2999992370605 28.3999996185303 28.2000007629395 27.7000007629395 28 27 27.8999996185303 27.7000007629395 28.2999992370605 27.7999992370605 25.7000007629395 26.2000007629395 26.8999996185303 27.7999992370605 27.2999992370605 29.2999992370605 31.2000007629395 -3.4e+38 32.2999992370605 30.5 31.6000003814697 31.7999992370605 31.6000003814697 30.7999992370605 30.3999996185303 30.3999996185303 31.2000007629395 -3.4e+38 -3.4e+38 -3.4e+38 -3.4e+38 -3.4e+38 -3.4e+38 -3.4e+38 -3.4e+38 -3.4e+38 -3.4e+38 -3.4e+38 -3.4e+38 -3.4e+38 -3.4e+38 -3.4e+38 -3.4e+38 -3.4e+38
26.1000003814697 25.1000003814697 26.3999996185303 26.2999992370605 26.2999992370605 28.8999996185303 30.5 31.5 32.2000007629395 30.3999996185303 31.2999992370605 31.1000003814697 29.8999996185303 29 28 26.7999992370605 27 26.5 26.1000003814697 26.8999996185303 27.6000003814697 27.7000007629395 26.2999992370605 26 26.2000007629395 27.2000007629395 28.2999992370605 30.5 31.2000007629395 -3.4e+38 30.5 31.5 -3.4e+38 31.7999992370605 32 31.2999992370605 31 30.8999996185303 -3.4e+38 -3.4e+38 -3.4e+38 -3.4e+38 -3.4e+38 -3.4e+38 -3.4e+38 -3.4e+38 -3.4e+38 -3.4e+38 -3.4e+38 -3.4e+38 -3.4e+38 -3.4e+38 -3.4e+38 -3.4e+38 -3.4e+38
26.6000003814697 26.2999992370605 27 25.7000007629395 26.7000007629395 28.2000007629395 29.7999992370605 32.2000007629395 -3.4e+38 -3.4e+38 31.3999996185303 31.5 31 30.2000007629395 28.7000007629395 27 25.5 24.8999996185303 23.8999996185303 25.1000003814697 26.2999992370605 27.2000007629395 26.7000007629395 27.1000003814697 27.6000003814697 29.7999992370605 30.6000003814697 31.1000003814697 30.5 31.6000003814697 -3.4e+38 32.0999984741211 31.8999996185303 -3.4e+38 -3.4e+38 -3.4e+38 -3.4e+38 32.2000007629395 31.8999996185303 -3.4e+38 -3.4e+38 -3.4e+38 -3.4e+38 -3.4e+38 -3.4e+38 -3.4e+38 -3.4e+38 -3.4e+38 -3.4e+38 -3.4e+38 -3.4e+38 -3.4e+38 -3.4e+38 -3.4e+38 -3.4e+38
27.7000007629395 25.6000003814697 27 25.6000003814697 26.7999992370605 27.7000007629395 28.5 30.3999996185303 30.7999992370605 -3.4e+38 -3.4e+38 31.5 31.6000003814697 31 29.3999996185303 26.8999996185303 24.7000007629395 22.2999992370605 22.6000003814697 24.7999992370605 26.2000007629395 27.6000003814697 28.2999992370605 29.6000003814697 29.7999992370605 28.2999992370605 29.7999992370605 30.6000003814697 30.5 31.8999996185303 29.1000003814697 29.3999996185303 31.2000007629395 31.2000007629395 31 31 31.7999992370605 -3.4e+38 -3.4e+38 -3.4e+38 -3.4e+38 -3.4e+38 -3.4e+38 -3.4e+38 -3.4e+38 -3.4e+38 -3.4e+38 -3.4e+38 -3.4e+38 -3.4e+38 -3.4e+38 -3.4e+38 -3.4e+38 -3.4e+38 -3.4e+38
26.6000003814697 27 27.5 26.7000007629395 27 28.3999996185303 28.5 30.6000003814697 31.7999992370605 32.0999984741211 -3.4e+38 -3.4e+38 32.0999984741211 31.3999996185303 29.7999992370605 25.8999996185303 23.5 23.6000003814697 24.8999996185303 25.8999996185303 26.1000003814697 27.3999996185303 29.1000003814697 28.7000007629395 27.7000007629395 30.5 30.3999996185303 29.1000003814697 29.5 31.8999996185303 30.6000003814697 30.5 31 28.7000007629395 29.6000003814697 30 31.1000003814697 30.5 31.5 31.7999992370605 -3.4e+38 -3.4e+38 -3.4e+38 -3.4e+38 -3.4e+38 -3.4e+38 -3.4e+38 -3.4e+38 -3.4e+38 -3.4e+38 -3.4e+38 -3.4e+38 -3.4e+38 -3.4e+38 -3.4e+38
28.3999996185303 27 28.3999996185303 27.8999996185303 26.8999996185303 28.5 29 29.8999996185303 30.8999996185303 32.2000007629395 -3.4e+38 -3.4e+38 31.7999992370605 30.5 28.2999992370605 24.8999996185303 25.3999996185303 25.7999992370605 25.6000003814697 26.1000003814697 27.2000007629395 28.3999996185303 27.5 26.5 27.7000007629395 27.8999996185303 27.1000003814697 27.6000003814697 28.3999996185303 31.2000007629395 29 28.2999992370605 29.7999992370605 30 29.2000007629395 30.5 30.5 30.5 31.5 31.7999992370605 -3.4e+38 -3.4e+38 -3.4e+38 -3.4e+38 -3.4e+38 -3.4e+38 -3.4e+38 -3.4e+38 -3.4e+38 -3.4e+38 -3.4e+38 -3.4e+38 -3.4e+38 -3.4e+38 -3.4e+38
28.5 26.8999996185303 28.1000003814697 29.2000007629395 28.2999992370605 27.2999992370605 29 31.1000003814697 31.2000007629395 -3.4e+38 -3.4e+38 -3.4e+38 31.7999992370605 31.2000007629395 30.5 27 27 25.5 24.8999996185303 26.1000003814697 26.7000007629395 28.2000007629395 25.7000007629395 27.6000003814697 27.7000007629395 28.8999996185303 29.2999992370605 29.7999992370605 30 30.5 28.5 28.7000007629395 29.6000003814697 30 29.7999992370605 30.3999996185303 30.5 31.1000003814697 31.7999992370605 -3.4e+38 -3.4e+38 -3.4e+38 -3.4e+38 -3.4e+38 -3.4e+38 -3.4e+38 -3.4e+38 -3.4e+38 -3.4e+38 -3.4e+38 -3.4e+38 -3.4e+38 -3.4e+38 -3.4e+38 -3.4e+38
29 27.3999996185303 28.2999992370605 29.2999992370605 28.6000003814697 28.3999996185303 29.8999996185303 31.5 31.8999996185303 -3.4e+38 -3.4e+38 -3.4e+38 31.7999992370605 31.6000003814697 30.6000003814697 29 27.3999996185303 25.2999992370605 24.1000003814697 25.8999996185303 27.6000003814697 25.1000003814697 26.1000003814697 28.2999992370605 27.5 28.7000007629395 29.7000007629395 -3.4e+38 30 29.8999996185303 29.7999992370605 30 30.3999996185303 30.6000003814697 30.6000003814697 31.2000007629395 31.7000007629395 -3.4e+38 -3.4e+38 -3.4e+38 -3.4e+38 -3.4e+38 -3.4e+38 -3.4e+38 -3.4e+38 -3.4e+38 -3.4e+38 -3.4e+38 -3.4e+38 -3.4e+38 -3.4e+38 -3.4e+38 -3.4e+38 -3.4e+38 -3.4e+38
28.7999992370605 28 29 27.2999992370605 29.8999996185303 28.3999996185303 29.7000007629395 30.3999996185303 31 -3.4e+38 -3.4e+38 -3.4e+38 32.0999984741211 31.7000007629395 30.6000003814697 27.7000007629395 25 23.5 23.3999996185303 25.7000007629395 25.2999992370605 24.3999996185303 26.7999992370605 28.2999992370605 29.2999992370605 29 29.7000007629395 -3.4e+38 -3.4e+38 -3.4e+38 -3.4e+38 -3.4e+38 -3.4e+38 -3.4e+38 -3.4e+38 -3.4e+38 -3.4e+38 -3.4e+38 -3.4e+38 -3.4e+38 -3.4e+38 -3.4e+38 -3.4e+38 -3.4e+38 -3.4e+38 -3.4e+38 -3.4e+38 -3.4e+38 -3.4e+38 -3.4e+38 -3.4e+38 -3.4e+38 -3.4e+38 -3.4e+38 -3.4e+38
28.7999992370605 29.7000007629395 29.6000003814697 29.5 29.2000007629395 28.6000003814697 28.7000007629395 30.2999992370605 31.5 -3.4e+38 -3.4e+38 -3.4e+38 31.7999992370605 31.5 29.6000003814697 27.7000007629395 26.7999992370605 24.3999996185303 23.3999996185303 24.8999996185303 24 24.7999992370605 26.5 28.2999992370605 26.8999996185303 28.5 29.1000003814697 29.5 29 29.2999992370605 29.2999992370605 30.6000003814697 -3.4e+38 -3.4e+38 -3.4e+38 -3.4e+38 -3.4e+38 -3.4e+38 -3.4e+38 -3.4e+38 -3.4e+38 -3.4e+38 -3.4e+38 -3.4e+38 -3.4e+38 -3.4e+38 -3.4e+38 -3.4e+38 -3.4e+38 -3.4e+38 -3.4e+38 -3.4e+38 -3.4e+38 -3.4e+38 -3.4e+38
28.7000007629395 29 29.7000007629395 29.7000007629395 30.2000007629395 31 31.6000003814697 31 31 -3.4e+38 -3.4e+38 -3.4e+38 32.0999984741211 31.7000007629395 30.3999996185303 29.6000003814697 27.6000003814697 25.2999992370605 23.3999996185303 23.3999996185303 24 24.1000003814697 25.3999996185303 28.2999992370605 27.1000003814697 27.7000007629395 28.5 29.7999992370605 29 27.5 29 29.6000003814697 31 -3.4e+38 -3.4e+38 -3.4e+38 -3.4e+38 -3.4e+38 -3.4e+38 -3.4e+38 -3.4e+38 -3.4e+38 -3.4e+38 -3.4e+38 -3.4e+38 -3.4e+38 -3.4e+38 -3.4e+38 -3.4e+38 -3.4e+38 -3.4e+38 -3.4e+38 -3.4e+38 -3.4e+38 -3.4e+38
29 29 29.7000007629395 29.7000007629395 30.2999992370605 29.7999992370605 29.6000003814697 30.7000007629395 31.2999992370605 32.2000007629395 -3.4e+38 -3.4e+38 32.0999984741211 31.7000007629395 31 29.6000003814697 27.5 28.2000007629395 24.8999996185303 24.2000007629395 25 25.8999996185303 26.8999996185303 24.7999992370605 25.1000003814697 26.1000003814697 28.1000003814697 29 29 28.2999992370605 28.5 29.7000007629395 30.1000003814697 -3.4e+38 -3.4e+38 -3.4e+38 -3.4e+38 -3.4e+38 -3.4e+38 -3.4e+38 -3.4e+38 -3.4e+38 -3.4e+38 -3.4e+38 -3.4e+38 -3.4e+38 -3.4e+38 -3.4e+38 -3.4e+38 -3.4e+38 -3.4e+38 -3.4e+38 -3.4e+38 -3.4e+38 -3.4e+38
29 29.2999992370605 29.2999992370605 29.2999992370605 29.7000007629395 29.6000003814697 28.2000007629395 28.7999992370605 29.7999992370605 31 -3.4e+38 32.4000015258789 -3.4e+38 31.7000007629395 31.7000007629395 29.5 28.5 27.6000003814697 24.1000003814697 24.2999992370605 24.6000003814697 24.7000007629395 24.5 24.7999992370605 26.2999992370605 27.6000003814697 27.6000003814697 28.7999992370605 28.7999992370605 26.7999992370605 28.2999992370605 28.7000007629395 30.5 31 -3.4e+38 -3.4e+38 -3.4e+38 -3.4e+38 -3.4e+38 -3.4e+38 -3.4e+38 -3.4e+38 -3.4e+38 -3.4e+38 -3.4e+38 -3.4e+38 -3.4e+38 -3.4e+38 -3.4e+38 -3.4e+38 -3.4e+38 -3.4e+38 -3.4e+38 -3.4e+38 -3.4e+38
29.7000007629395 29.1000003814697 29.5 29 29.3999996185303 28.8999996185303 28.2999992370605 27.3999996185303 29.7999992370605 29.8999996185303 31 32.2999992370605 -3.4e+38 31.6000003814697 30.6000003814697 30.7999992370605 30.2999992370605 27.6000003814697 27.2000007629395 25.5 24.2999992370605 23.8999996185303 24.1000003814697 24 26.2999992370605 26.6000003814697 26.3999996185303 27.2999992370605 28.2000007629395 28.6000003814697 29 28.7999992370605 30.2000007629395 30.6000003814697 -3.4e+38 -3.4e+38 -3.4e+38 -3.4e+38 -3.4e+38 -3.4e+38 -3.4e+38 -3.4e+38 -3.4e+38 -3.4e+38 -3.4e+38 -3.4e+38 -3.4e+38 -3.4e+38 -3.4e+38 -3.4e+38 -3.4e+38 -3.4e+38 -3.4e+38 -3.4e+38 -3.4e+38
30.2999992370605 29.8999996185303 29.7000007629395 29 29 28.2999992370605 28.5 29 30 30.2999992370605 30.8999996185303 32.2999992370605 -3.4e+38 31.6000003814697 31.2999992370605 31.1000003814697 29.3999996185303 29.7000007629395 28.2999992370605 28.3999996185303 26.8999996185303 23.8999996185303 23.6000003814697 23.8999996185303 25.2000007629395 26.2999992370605 26.1000003814697 27.5 28.2999992370605 28.8999996185303 29 29.6000003814697 29.7000007629395 30.3999996185303 -3.4e+38 -3.4e+38 -3.4e+38 -3.4e+38 -3.4e+38 -3.4e+38 -3.4e+38 -3.4e+38 -3.4e+38 -3.4e+38 -3.4e+38 -3.4e+38 -3.4e+38 -3.4e+38 -3.4e+38 -3.4e+38 -3.4e+38 -3.4e+38 -3.4e+38 -3.4e+38 -3.4e+38
30.3999996185303 29.6000003814697 29.6000003814697 29 28.5 29 30.2000007629395 30.7999992370605 29.3999996185303 30.7999992370605 32.0999984741211 31.5 -3.4e+38 31.6000003814697 31.2999992370605 30.2000007629395 29.6000003814697 28.3999996185303 28.8999996185303 28.6000003814697 28.2000007629395 24.3999996185303 23.5 24.7000007629395 25.5 26.7999992370605 26.7999992370605 27.2000007629395 28.2000007629395 29.1000003814697 29.2999992370605 29.1000003814697 29.8999996185303 30.2000007629395 -3.4e+38 -3.4e+38 -3.4e+38 -3.4e+38 -3.4e+38 -3.4e+38 -3.4e+38 -3.4e+38 -3.4e+38 -3.4e+38 -3.4e+38 -3.4e+38 -3.4e+38 -3.4e+38 -3.4e+38 -3.4e+38 -3.4e+38 -3.4e+38 -3.4e+38 -3.4e+38 -3.4e+38
30.2999992370605 29.6000003814697 29.7000007629395 29 28.6000003814697 28.2999992370605 30.2999992370605 30.7999992370605 31.2000007629395 31.7000007629395 32.2000007629395 31.6000003814697 -3.4e+38 31.6000003814697 31.1000003814697 29.7000007629395 29.5 28.8999996185303 28.3999996185303 27.5 26.8999996185303 27.1000003814697 24.8999996185303 24.2999992370605 25 26.6000003814697 27.6000003814697 28.5 28.8999996185303 29.3999996185303 29.2999992370605 29.6000003814697 30.2999992370605 30.5 -3.4e+38 -3.4e+38 -3.4e+38 -3.4e+38 -3.4e+38 -3.4e+38 -3.4e+38 -3.4e+38 -3.4e+38 -3.4e+38 -3.4e+38 -3.4e+38 -3.4e+38 -3.4e+38 -3.4e+38 -3.4e+38 -3.4e+38 -3.4e+38 -3.4e+38 -3.4e+38 -3.4e+38
30.3999996185303 30.2000007629395 29.6000003814697 29 28.7000007629395 28.2999992370605 29 31.6000003814697 31.7999992370605 32 31.7999992370605 31.8999996185303 32 -3.4e+38 31.6000003814697 30.2999992370605 28.2000007629395 27.5 28.7999992370605 28.8999996185303 27.8999996185303 26.8999996185303 26.6000003814697 26.1000003814697 25.1000003814697 26.6000003814697 26.8999996185303 28.2000007629395 29.2000007629395 28.8999996185303 29.6000003814697 28.3999996185303 29.6000003814697 30.2999992370605 -3.4e+38 -3.4e+38 -3.4e+38 -3.4e+38 -3.4e+38 -3.4e+38 -3.4e+38 -3.4e+38 -3.4e+38 -3.4e+38 -3.4e+38 -3.4e+38 -3.4e+38 -3.4e+38 -3.4e+38 -3.4e+38 -3.4e+38 -3.4e+38 -3.4e+38 -3.4e+38 -3.4e+38
