data/bioclim/TD1.asc
NCOLS 391 
NROWS 575 
XLLCORNER -1773000 
YLLCORNER 4368000 
CELLSIZE 1000 
NODATA_value -3.4e+38 
[rows 325 to 349 of 575, columns 220 to 274 of 391]
-3.4e+38 16.5 16.7000007629395 16.6000003814697 16.6000003814697 16.6000003814697 16.6000003814697 16.7000007629395 16.7000007629395 16.7000007629395 16.8999996185303 17.1000003814697 17.2000007629395 17.2999992370605 17.3999996185303 17.2000007629395 17.5 17.7000007629395 17.6000003814697 17.2999992370605 17.2999992370605 17.2999992370605 17.7999992370605 18 18 18 18 18.2000007629395 18.2000007629395 18.2999992370605 -3.4e+38 -3.4e+38 -3.4e+38 18.1000003814697 18.2000007629395 18 17.7000007629395 17.7999992370605 17.8999996185303 17.7999992370605 17.7999992370605 17.6000003814697 17.6000003814697 17.5 17 16.8999996185303 16.7999992370605 16.6000003814697 16.2999992370605 16.1000003814697 15.6999998092651 15.5 15.8999996185303 16.3999996185303 16.1000003814697
16.6000003814697 16.7000007629395 16.7999992370605 16.7000007629395 16.6000003814697 16.6000003814697 16.6000003814697 16.7000007629395 16.6000003814697 16.7000007629395 16.8999996185303 17 17.1000003814697 17.2000007629395 17 17.2999992370605 17.5 17.6000003814697 17.3999996185303 17.7000007629395 17.2999992370605 17.6000003814697 18.1000003814697 18.1000003814697 18.1000003814697 18.1000003814697 18 18 18.1000003814697 18.2999992370605 -3.4e+38 -3.4e+38 18.2000007629395 18.1000003814697 18.2000007629395 18.2000007629395 18.1000003814697 18 18 17.7999992370605 17.7999992370605 17.7999992370605 17.7999992370605 17.5 17.2000007629395 16.6000003814697 16.1000003814697 16.1000003814697 16.2000007629395 15.6999998092651 15.6999998092651 15.6999998092651 15.5 15.8999996185303 15.6000003814697
16.6000003814697 16.7000007629395 16.6000003814697 16.5 16.5 16.6000003814697 16.6000003814697 16.6000003814697 16.6000003814697 16.7999992370605 16.6000003814697 16.5 16.6000003814697 16.7999992370605 17.2999992370605 17.3999996185303 17.2999992370605 16.7999992370605 16.7000007629395 17 18.1000003814697 18.2000007629395 17.8999996185303 18.1000003814697 18.1000003814697 18.2000007629395 18.2999992370605 18.2999992370605 18.2999992370605 18.2999992370605 -3.4e+38 -3.4e+38 18.2999992370605 18.1000003814697 18.1000003814697 18.1000003814697 18.2000007629395 18.2000007629395 18 18 18 17.8999996185303 17.7999992370605 17.3999996185303 17.2000007629395 16.7000007629395 16 15.8999996185303 15.8000001907349 15.8000001907349 15.8000001907349 15.8999996185303 15.6000003814697 15.5 15.3999996185303
16.6000003814697 16.5 16.3999996185303 16.2999992370605 16.2000007629395 16.6000003814697 16.6000003814697 16.5 16.5 16.2999992370605 16.6000003814697 15.8000001907349 16.3999996185303 16.8999996185303 17.2999992370605 17.3999996185303 16.8999996185303 16.5 16.8999996185303 16.7999992370605 17.3999996185303 17.6000003814697 17.7999992370605 17.7999992370605 18.2000007629395 18.1000003814697 18.2999992370605 18.3999996185303 18.3999996185303 18.2999992370605 -3.4e+38 18.3999996185303 18.2999992370605 18.1000003814697 17.8999996185303 17.8999996185303 18 17.8999996185303 18.1000003814697 17.7999992370605 17.7999992370605 17.7000007629395 17.7000007629395 17.2000007629395 16.8999996185303 16.2000007629395 16.2999992370605 16.2000007629395 15.8999996185303 16 15.8999996185303 16.1000003814697 15.8000001907349 15.3999996185303 15.8000001907349
16.5 16.6000003814697 16.5 16.3999996185303 16.3999996185303 16.3999996185303 16.5 16.5 16.3999996185303 16.1000003814697 16.6000003814697 16.3999996185303 16.3999996185303 16.7999992370605 17 17 16.5 16.7000007629395 17 17.3999996185303 17.1000003814697 17.2999992370605 17.6000003814697 18 18 17.8999996185303 18.1000003814697 18.1000003814697 18.2999992370605 -3.4e+38 -3.4e+38 18.2000007629395 18.2000007629395 18.1000003814697 18.1000003814697 18.1000003814697 18.1000003814697 18 17.7000007629395 17.7000007629395 17.5 17.2999992370605 17.3999996185303 17.3999996185303 17.5 17.3999996185303 17.2000007629395 16.2000007629395 16.7000007629395 16.1000003814697 15.8000001907349 16 15.6000003814697 16 16.1000003814697
16.3999996185303 16.6000003814697 16.5 16.5 16.5 16.5 16.3999996185303 16.2999992370605 16.3999996185303 16.2000007629395 16.7000007629395 16.3999996185303 16.5 17 16.3999996185303 17.2000007629395 16.7999992370605 17.1000003814697 17.2999992370605 17.3999996185303 17.3999996185303 17.6000003814697 17.5 18 18.2000007629395 18.2000007629395 18.1000003814697 18.3999996185303 18.5 -3.4e+38 -3.4e+38 18.2999992370605 18.2000007629395 18.2000007629395 18.2000007629395 18.2000007629395 18 18 18 17.2999992370605 17.2999992370605 17.3999996185303 17.3999996185303 16.7999992370605 16.5 16.7999992370605 16.7000007629395 17.1000003814697 17.1000003814697 16 16.1000003814697 16.1000003814697 15.8999996185303 15.8999996185303 15.8999996185303
16.3999996185303 16.3999996185303 16.3999996185303 16.5 16.2999992370605 16.3999996185303 16.3999996185303 16.2000007629395 16.1000003814697 16.1000003814697 16.2999992370605 16 16.1000003814697 16.7000007629395 16.6000003814697 16.5 16.7999992370605 17 17.1000003814697 17.2000007629395 17.1000003814697 17 17.2999992370605 17.7000007629395 18.2999992370605 18.3999996185303 18.3999996185303 18.3999996185303 18.5 -3.4e+38 -3.4e+38 18.3999996185303 18.2999992370605 18.2000007629395 18.1000003814697 18.2000007629395 17.8999996185303 18 17.7000007629395 17.5 17.2999992370605 17.1000003814697 17.2000007629395 17.1000003814697 16.7000007629395 16.1000003814697 16.2999992370605 16.3999996185303 16.5 16.7000007629395 16.2000007629395 16.1000003814697 16 15.8999996185303 15.8000001907349
16.2999992370605 16.2999992370605 16.2000007629395 16.2000007629395 16.3999996185303 16.2999992370605 16.3999996185303 16.2999992370605 16.1000003814697 16.1000003814697 15.8000001907349 15.6999998092651 16.2000007629395 16.1000003814697 16.6000003814697 16.8999996185303 16 16.5 16.8999996185303 17.3999996185303 17.7000007629395 17.5 17.6000003814697 17.8999996185303 18 18.1000003814697 18.2000007629395 18.3999996185303 -3.4e+38 -3.4e+38 -3.4e+38 18.2999992370605 18.2000007629395 18.2000007629395 17.6000003814697 17.3999996185303 17.7000007629395 17.6000003814697 17.3999996185303 17.2999992370605 17.1000003814697 16.8999996185303 17 16.7000007629395 15.8999996185303 15.6999998092651 15.6999998092651 16.1000003814697 16.1000003814697 15.8000001907349 15.8999996185303 16.1000003814697 16 16 16.2999992370605
16.2999992370605 16.2000007629395 16.2000007629395 16.2999992370605 16.2999992370605 16.2999992370605 16.2999992370605 16.2999992370605 15.8000001907349 14.8999996185303 14.6000003814697 15.3000001907349 15.6999998092651 16.2000007629395 16.2999992370605 16.7999992370605 16.5 16.2999992370605 16.5 17.5 17.6000003814697 17.7999992370605 17.7999992370605 17.8999996185303 18 18.1000003814697 18.2000007629395 18.3999996185303 -3.4e+38 -3.4e+38 -3.4e+38 -3.4e+38 18.1000003814697 18 17.5 17 17.3999996185303 17.7999992370605 17.2999992370605 17.2000007629395 16.8999996185303 17 16.8999996185303 16.3999996185303 16 15.8000001907349 15.6999998092651 15.6999998092651 16.1000003814697 15.8000001907349 15.6999998092651 16.1000003814697 16 16.2000007629395 16
16.2999992370605 16.2999992370605 16.2999992370605 16.2999992370605 16.2999992370605 16.2000007629395 16.2000007629395 16.1000003814697 16 14.8999996185303 14.3999996185303 15.5 16.1000003814697 15.8999996185303 16.5 15.8999996185303 16.2999992370605 16.6000003814697 16.7999992370605 16.7999992370605 17.2999992370605 17.6000003814697 18 17.7999992370605 18 18.1000003814697 18.1000003814697 18.6000003814697 -3.4e+38 -3.4e+38 -3.4e+38 -3.4e+38 18.2000007629395 18.1000003814697 17.7000007629395 17.1000003814697 17 17.5 17.3999996185303 17.2999992370605 17.3999996185303 17 16.8999996185303 16.7999992370605 16.7000007629395 16.2999992370605 15.3999996185303 15.3000001907349 15.8000001907349 15.8999996185303 16.2000007629395 16.3999996185303 16.6000003814697 16.1000003814697 16.1000003814697
16.3999996185303 16.2999992370605 16.2999992370605 16.2000007629395 16.1000003814697 16.1000003814697 16 16.1000003814697 16 15.1000003814697 14.6999998092651 15.3000001907349 16.1000003814697 16 16.5 16.1000003814697 16.5 16.8999996185303 16.7999992370605 17.2000007629395 17.6000003814697 17.3999996185303 17.3999996185303 18 18.2000007629395 18.2999992370605 18.3999996185303 18.5 -3.4e+38 -3.4e+38 -3.4e+38 -3.4e+38 18.2000007629395 18.1000003814697 17.7999992370605 17.3999996185303 17.1000003814697 17.2000007629395 17.5 17.1000003814697 17.1000003814697 17.1000003814697 16.7999992370605 16.6000003814697 16.5 16 15.6000003814697 15.3999996185303 15.6000003814697 16 16.2999992370605 16.3999996185303 16.7999992370605 16.8999996185303 16.8999996185303
16.2999992370605 16.2999992370605 16.2000007629395 16.2000007629395 16.1000003814697 16.1000003814697 15.8999996185303 15.8000001907349 15.8999996185303 15.5 15 16.1000003814697 16.7999992370605 16 16.2000007629395 16.5 16.6000003814697 16.6000003814697 17.1000003814697 17.1000003814697 17 17.7000007629395 17.7000007629395 17.7999992370605 17.8999996185303 18.1000003814697 18.2999992370605 18.5 -3.4e+38 -3.4e+38 -3.4e+38 18.3999996185303 18.2000007629395 18.1000003814697 17.2999992370605 16.8999996185303 16.7999992370605 16.8999996185303 17.2999992370605 16.7000007629395 16.7999992370605 16.8999996185303 16.7000007629395 16.7000007629395 16.3999996185303 15.8000001907349 15.1999998092651 15.1999998092651 15.6999998092651 15.8999996185303 16.2999992370605 16.6000003814697 16.7999992370605 17 17.2000007629395
-3.4e+38 16.2999992370605 16.2999992370605 16.2000007629395 16 16.1000003814697 16.1000003814697 16.1000003814697 16.1000003814697 15.6000003814697 15.5 16.2999992370605 16.7000007629395 16.5 16.3999996185303 16.5 16.2999992370605 16.2000007629395 16.7000007629395 17.3999996185303 17.3999996185303 17.1000003814697 17.5 17.6000003814697 17.7999992370605 18 18.2000007629395 18.3999996185303 -3.4e+38 -3.4e+38 -3.4e+38 18.2999992370605 18.1000003814697 17.7000007629395 17.6000003814697 17.3999996185303 17 16.3999996185303 17 16.6000003814697 16.3999996185303 16.6000003814697 16.5 16.5 16.3999996185303 15.8000001907349 15.6999998092651 15.3000001907349 15.6000003814697 16.1000003814697 16.3999996185303 16.5 16.6000003814697 17.2000007629395 16.6000003814697
-3.4e+38 -3.4e+38 -3.4e+38 16.2000007629395 16.2000007629395 16.1000003814697 16.1000003814697 16.1000003814697 16.1000003814697 16 16 16.6000003814697 16.7000007629395 17.1000003814697 16.7000007629395 16.7999992370605 16.7000007629395 16.7000007629395 16.7999992370605 16.5 16.7999992370605 17 17.2000007629395 17.7999992370605 18 18 18.3999996185303 18.5 -3.4e+38 -3.4e+38 -3.4e+38 18.2999992370605 18.2000007629395 18.2000007629395 17.6000003814697 16.7000007629395 16.8999996185303 16.6000003814697 16.7999992370605 16.3999996185303 16.6000003814697 16.6000003814697 16.2000007629395 16.7999992370605 16.2999992370605 16.2000007629395 16 15.6999998092651 15.3999996185303 15.6999998092651 16.2000007629395 16.2000007629395 16.3999996185303 16.7000007629395 16.6000003814697
-3.4e+38 -3.4e+38 -3.4e+38 16.2000007629395 16.1000003814697 16.2000007629395 16.1000003814697 16 16.1000003814697 16.2000007629395 16.2000007629395 16.7000007629395 16.7000007629395 16.8999996185303 16.7000007629395 16.6000003814697 17 16.3999996185303 16.5 15.8999996185303 16.5 17.1000003814697 17.2000007629395 17.7000007629395 18.1000003814697 18.2000007629395 18.3999996185303 18.3999996185303 -3.4e+38 -3.4e+38 -3.4e+38 18.2999992370605 18.2000007629395 18.1000003814697 17.8999996185303 17.2999992370605 16.5 16.3999996185303 16.3999996185303 16.2000007629395 16 16.2999992370605 16.6000003814697 16.7999992370605 16.3999996185303 16.2999992370605 16.5 15.6000003814697 15.8999996185303 15.6999998092651 15.8000001907349 15.8000001907349 15.6999998092651 16.5 16.7000007629395
16.2000007629395 -3.4e+38 16.1000003814697 16.2000007629395 16.1000003814697 16.2000007629395 16.2999992370605 16.2999992370605 16.2999992370605 16.2999992370605 16.3999996185303 16.7000007629395 16.7000007629395 17.1000003814697 16.8999996185303 16.6000003814697 16.6000003814697 16.8999996185303 16.8999996185303 17.1000003814697 17 17.5 17.5 17.7999992370605 18 18.2000007629395 18.2000007629395 18.2000007629395 -3.4e+38 -3.4e+38 -3.4e+38 18.3999996185303 18.1000003814697 18.1000003814697 17.2999992370605 16.8999996185303 16.7999992370605 16.7999992370605 16.3999996185303 15.8999996185303 16.3999996185303 16.7000007629395 16.8999996185303 16.6000003814697 16.6000003814697 16.7999992370605 16.1000003814697 16.1000003814697 15.8999996185303 15.6999998092651 15.1999998092651 15.6000003814697 15.8000001907349 15.8000001907349 16.3999996185303
16.1000003814697 15.8999996185303 15.8999996185303 16.1000003814697 16.2000007629395 16.2999992370605 16.3999996185303 16.3999996185303 16.2999992370605 16.7000007629395 16.5 16.7000007629395 16.7999992370605 16.8999996185303 17 16.7000007629395 16.5 16.3999996185303 16.7999992370605 17.2000007629395 17.1000003814697 17.5 17.6000003814697 17.7999992370605 18 18.2000007629395 18.2000007629395 18.2000007629395 -3.4e+38 -3.4e+38 18.2999992370605 18.2000007629395 18.1000003814697 17.8999996185303 17.2999992370605 16.5 16.2999992370605 16.3999996185303 16.1000003814697 16 16.2999992370605 16.7000007629395 17 16.8999996185303 16.6000003814697 17 17 16.2999992370605 16 15.6999998092651 15.6999998092651 15.1999998092651 15.6999998092651 16.2000007629395 16.5
16.1000003814697 15.8999996185303 15.8000001907349 16 16 16.2999992370605 16.3999996185303 16.3999996185303 16.3999996185303 16.7000007629395 16.7000007629395 16.7000007629395 17 16.8999996185303 17 17 16.2000007629395 16.7999992370605 16.8999996185303 17.1000003814697 17.6000003814697 17 17.5 17.7000007629395 17.8999996185303 18.1000003814697 -3.4e+38 -3.4e+38 -3.4e+38 -3.4e+38 18.2000007629395 18.1000003814697 18.1000003814697 17.8999996185303 17.3999996185303 16.5 16.2999992370605 16.1000003814697 16.5 16.2999992370605 16.7000007629395 16.8999996185303 17 17.2000007629395 16.7999992370605 17.1000003814697 16.7000007629395 16.7999992370605 16.2999992370605 15.3999996185303 15.3000001907349 15.1000003814697 15.8999996185303 16.3999996185303 16.7000007629395
16.2000007629395 16.1000003814697 16 16.1000003814697 16.2000007629395 16.2999992370605 16.3999996185303 16.2999992370605 16.5 16.7999992370605 16.8999996185303 16.7999992370605 17 17 17.2999992370605 17.2000007629395 16.7000007629395 17 17.1000003814697 17.1000003814697 17.3999996185303 17.3999996185303 17.6000003814697 18 18.1000003814697 18.2000007629395 -3.4e+38 -3.4e+38 -3.4e+38 18.2999992370605 18.2000007629395 18.1000003814697 18 17.7000007629395 17.3999996185303 16.7000007629395 16.5 16.5 16.6000003814697 16.2999992370605 16.6000003814697 16.7999992370605 17 17 17 17.2000007629395 16.7999992370605 16.2999992370605 16.1000003814697 15.8000001907349 15.6999998092651 15.1999998092651 15.6999998092651 16.3999996185303 16.2999992370605
16.2000007629395 15.8999996185303 16 15.8000001907349 16.1000003814697 16.2999992370605 16.2999992370605 16.5 16.7000007629395 16.7999992370605 16.8999996185303 17 17.1000003814697 17.2000007629395 17 17.1000003814697 17.2999992370605 17.2999992370605 17.3999996185303 17.1000003814697 17.3999996185303 17.6000003814697 17.7999992370605 17.7999992370605 18.1000003814697 18.2999992370605 -3.4e+38 -3.4e+38 18.2000007629395 18.2000007629395 18.2000007629395 17.8999996185303 17.8999996185303 17.3999996185303 16.7000007629395 16.3999996185303 16.1000003814697 16.7000007629395 16.7999992370605 16.6000003814697 16.5 16.7000007629395 16.7999992370605 17.1000003814697 17.2000007629395 17.1000003814697 17.2000007629395 16.7000007629395 16.1000003814697 16.2999992370605 16 15.6000003814697 15.3000001907349 16 16.1000003814697
16.2999992370605 16.2999992370605 16.2000007629395 16.1000003814697 16.1000003814697 16.3999996185303 16.3999996185303 16.5 16.7999992370605 16.8999996185303 17 16.8999996185303 17.1000003814697 17.2999992370605 17.2000007629395 17 17.3999996185303 17.3999996185303 17.5 17.5 17.2999992370605 17.5 17.7000007629395 17.8999996185303 18 18.2999992370605 -3.4e+38 18.2999992370605 18.2000007629395 18 17.7999992370605 17.5 17.2999992370605 17 16.7000007629395 16.5 16.2999992370605 16.7000007629395 16.8999996185303 16.7000007629395 16.7000007629395 16.7999992370605 17.2000007629395 17.3999996185303 17.2999992370605 17.3999996185303 17.3999996185303 16.6000003814697 16.6000003814697 16 15.6999998092651 15.6999998092651 15.3999996185303 15.3999996185303 15.8999996185303
16.2999992370605 16.2999992370605 16.2999992370605 16.2999992370605 16.2999992370605 16.5 16.2000007629395 16.3999996185303 16.8999996185303 16.8999996185303 17.1000003814697 17 17.1000003814697 17.1000003814697 17.2000007629395 17.1000003814697 17.3999996185303 17.3999996185303 17.5 17.6000003814697 17.5 17.5 17.7000007629395 17.7999992370605 18 -3.4e+38 -3.4e+38 18.1000003814697 17.8999996185303 17.8999996185303 17.7000007629395 17.6000003814697 17.1000003814697 16.6000003814697 16.2000007629395 16.2000007629395 16 16.5 16.6000003814697 16.8999996185303 16.8999996185303 16.8999996185303 16.8999996185303 17.2999992370605 17.3999996185303 17.3999996185303 17.3999996185303 17 16.2000007629395 16.2000007629395 16.1000003814697 15.6999998092651 15.3000001907349 15.8000001907349 15.6999998092651
16.1000003814697 16.2000007629395 16.2999992370605 16.5 16.2999992370605 16.7999992370605 16.3999996185303 16.3999996185303 16.6000003814697 16.7999992370605 17 17.1000003814697 17.1000003814697 17.1000003814697 17.3999996185303 17.3999996185303 17.3999996185303 17.6000003814697 17.5 17.6000003814697 17.7000007629395 17.7000007629395 17.7999992370605 17.7999992370605 18.2000007629395 18.2999992370605 -3.4e+38 17.8999996185303 17.8999996185303 17.8999996185303 17.7000007629395 17.5 17.2000007629395 16.6000003814697 16.5 16.2000007629395 15.8000001907349 16.7999992370605 16.8999996185303 17 17.2000007629395 17.2999992370605 17.2000007629395 17.2999992370605 17.3999996185303 17.5 17.3999996185303 16.6000003814697 16.7000007629395 16 16.1000003814697 15.5 15.3000001907349 15.6000003814697 16.2000007629395
16 16.2000007629395 16.2999992370605 16.3999996185303 16.7999992370605 16.7999992370605 16.7000007629395 16.6000003814697 16.6000003814697 16.7999992370605 17.1000003814697 17.2000007629395 17.1000003814697 17.1000003814697 17.1000003814697 17.5 17.6000003814697 17.6000003814697 17.7000007629395 17.6000003814697 17.7000007629395 17.8999996185303 17.8999996185303 17.8999996185303 18 18.2000007629395 -3.4e+38 17.7999992370605 17.8999996185303 17.8999996185303 17.7000007629395 17 17.1000003814697 16.5 15.6999998092651 15.6000003814697 16.3999996185303 16.6000003814697 16.7000007629395 16.7999992370605 16.7999992370605 17.1000003814697 17.3999996185303 17.2999992370605 17.6000003814697 17.2999992370605 17 16.6000003814697 15.8999996185303 15.5 15.8000001907349 15.6999998092651 15.5 16.1000003814697 16.3999996185303
15.8999996185303 16.2000007629395 16.2000007629395 16.2000007629395 16.3999996185303 16.7000007629395 16.8999996185303 16.8999996185303 17 17 17 17.1000003814697 17.2000007629395 17.2999992370605 17.2999992370605 17.2000007629395 17.2000007629395 17.2999992370605 17.7000007629395 17.7000007629395 17.7999992370605 17.7000007629395 17.7000007629395 17.7999992370605 18.2000007629395 17.8999996185303 18 17.6000003814697 17.6000003814697 17.7999992370605 17.7000007629395 17.5 16.7999992370605 16.7000007629395 16.2000007629395 15.6999998092651 16.3999996185303 16.6000003814697 16.7000007629395 17 16.7999992370605 17 17.2999992370605 17.6000003814697 17.3999996185303 17.3999996185303 17.2999992370605 16.7000007629395 16.3999996185303 15.5 15.6000003814697 15.6999998092651 16.2999992370605 16.5 16.6000003814697
