data/bioclim/TD1.asc
NCOLS 391 
NROWS 575 
XLLCORNER -1773000 
YLLCORNER 4368000 
CELLSIZE 1000 
NODATA_value -3.4e+38 
[rows 25 to 49 of 575, columns 165 to 219 of 391]
-3.4e+38 -3.4e+38 -3.4e+38 -3.4e+38 -3.4e+38 -3.4e+38 -3.4e+38 -3.4e+38 -3.4e+38 -3.4e+38 -3.4e+38 -3.4e+38 -3.4e+38 -3.4e+38 -3.4e+38 -3.4e+38 -3.4e+38 -3.4e+38 -3.4e+38 -3.4e+38 -3.4e+38 -3.4e+38 -3.4e+38 -3.4e+38 -3.4e+38 -3.4e+38 -3.4e+38 -3.4e+38 -3.4e+38 -3.4e+38 -3.4e+38 20.3999996185303 20.2000007629395 -3.4e+38 -3.4e+38 -3.4e+38 -3.4e+38 -3.4e+38 -3.4e+38 -3.4e+38 -3.4e+38 19.6000003814697 19.6000003814697 19.7000007629395 19.7000007629395 19.6000003814697 19.2999992370605 19.1000003814697 19.1000003814697 18.7000007629395 18.7000007629395 18.7000007629395 18.6000003814697 18.7999992370605 18.7000007629395
-3.4e+38 -3.4e+38 -3.4e+38 -3.4e+38 -3.4e+38 -3.4e+38 -3.4e+38 -3.4e+38 -3.4e+38 -3.4e+38 -3.4e+38 -3.4e+38 -3.4e+38 -3.4e+38 -3.4e+38 -3.4e+38 -3.4e+38 -3.4e+38 -3.4e+38 -3.4e+38 -3.4e+38 -3.4e+38 -3.4e+38 -3.4e+38 -3.4e+38 -3.4e+38 -3.4e+38 -3.4e+38 -3.4e+38 20.3999996185303 20.1000003814697 19.8999996185303 19.7999992370605 20.2000007629395 19.7999992370605 -3.4e+38 -3.4e+38 -3.4e+38 -3.4e+38 -3.4e+38 -3.4e+38 -3.4e+38 20.2000007629395 20 19.7000007629395 19.7000007629395 19.2999992370605 19.2000007629395 18.8999996185303 18.8999996185303 18.7000007629395 18.7000007629395 18.8999996185303 18.7999992370605 18.6000003814697
-3.4e+38 -3.4e+38 -3.4e+38 -3.4e+38 -3.4e+38 -3.4e+38 -3.4e+38 -3.4e+38 -3.4e+38 -3.4e+38 -3.4e+38 -3.4e+38 -3.4e+38 -3.4e+38 -3.4e+38 -3.4e+38 -3.4e+38 -3.4e+38 -3.4e+38 -3.4e+38 -3.4e+38 -3.4e+38 -3.4e+38 -3.4e+38 -3.4e+38 -3.4e+38 -3.4e+38 -3.4e+38 20.6000003814697 20.2999992370605 20.2000007629395 19.6000003814697 19.6000003814697 19.7000007629395 19.7000007629395 20 19.7000007629395 20.2000007629395 -3.4e+38 -3.4e+38 -3.4e+38 -3.4e+38 -3.4e+38 -3.4e+38 -3.4e+38 -3.4e+38 -3.4e+38 19.2999992370605 19.1000003814697 18.8999996185303 18.8999996185303 19 18.2999992370605 18.6000003814697 18.6000003814697
-3.4e+38 -3.4e+38 -3.4e+38 -3.4e+38 -3.4e+38 -3.4e+38 -3.4e+38 -3.4e+38 -3.4e+38 -3.4e+38 -3.4e+38 -3.4e+38 -3.4e+38 -3.4e+38 -3.4e+38 -3.4e+38 -3.4e+38 -3.4e+38 -3.4e+38 -3.4e+38 -3.4e+38 -3.4e+38 -3.4e+38 -3.4e+38 -3.4e+38 -3.4e+38 20.7999992370605 20.6000003814697 20.7000007629395 20.1000003814697 19.5 19.5 19.5 19.5 19.5 19.5 19.6000003814697 19.7999992370605 20.2000007629395 -3.4e+38 -3.4e+38 -3.4e+38 -3.4e+38 -3.4e+38 -3.4e+38 -3.4e+38 -3.4e+38 -3.4e+38 19.2999992370605 19 19.2999992370605 18.7999992370605 18.7000007629395 18.5 18.5
-3.4e+38 -3.4e+38 -3.4e+38 -3.4e+38 -3.4e+38 -3.4e+38 -3.4e+38 -3.4e+38 -3.4e+38 -3.4e+38 -3.4e+38 -3.4e+38 -3.4e+38 -3.4e+38 -3.4e+38 -3.4e+38 -3.4e+38 -3.4e+38 -3.4e+38 -3.4e+38 -3.4e+38 -3.4e+38 -3.4e+38 -3.4e+38 -3.4e+38 20.7999992370605 20.5 20.2000007629395 19.8999996185303 19.8999996185303 19.3999996185303 19.5 19.2999992370605 19.2000007629395 19.2999992370605 19.2999992370605 19.5 19.5 19.7000007629395 20.2000007629395 -3.4e+38 -3.4e+38 -3.4e+38 -3.4e+38 -3.4e+38 -3.4e+38 -3.4e+38 -3.4e+38 19.6000003814697 19.3999996185303 19.2999992370605 18.8999996185303 18.7000007629395 18.6000003814697 18.6000003814697
-3.4e+38 -3.4e+38 -3.4e+38 -3.4e+38 -3.4e+38 -3.4e+38 -3.4e+38 -3.4e+38 -3.4e+38 -3.4e+38 -3.4e+38 -3.4e+38 -3.4e+38 -3.4e+38 -3.4e+38 -3.4e+38 -3.4e+38 -3.4e+38 -3.4e+38 -3.4e+38 -3.4e+38 -3.4e+38 -3.4e+38 -3.4e+38 20.8999996185303 20.7000007629395 20.5 20.2000007629395 19.7999992370605 19.6000003814697 19.2000007629395 19.1000003814697 19.1000003814697 19.1000003814697 19.1000003814697 19.2000007629395 19.3999996185303 19.3999996185303 19.8999996185303 20.1000003814697 20 20.2999992370605 20.2000007629395 -3.4e+38 -3.4e+38 -3.4e+38 -3.4e+38 -3.4e+38 -3.4e+38 19.5 19.1000003814697 19 18.8999996185303 18.6000003814697 18.3999996185303
-3.4e+38 -3.4e+38 -3.4e+38 -3.4e+38 -3.4e+38 -3.4e+38 -3.4e+38 -3.4e+38 -3.4e+38 -3.4e+38 -3.4e+38 -3.4e+38 -3.4e+38 -3.4e+38 -3.4e+38 -3.4e+38 -3.4e+38 -3.4e+38 -3.4e+38 -3.4e+38 -3.4e+38 -3.4e+38 -3.4e+38 21 20.7000007629395 20.7000007629395 20.2000007629395 20.1000003814697 19.7999992370605 19.6000003814697 19.2999992370605 19 19.1000003814697 19 18.8999996185303 19.1000003814697 19.2000007629395 19.2999992370605 19.7000007629395 19.7999992370605 19.8999996185303 20.3999996185303 20.1000003814697 19.7999992370605 -3.4e+38 -3.4e+38 -3.4e+38 -3.4e+38 -3.4e+38 19.6000003814697 19.2999992370605 19.1000003814697 18.7000007629395 18.5 18.3999996185303
-3.4e+38 -3.4e+38 -3.4e+38 -3.4e+38 -3.4e+38 -3.4e+38 -3.4e+38 -3.4e+38 -3.4e+38 -3.4e+38 -3.4e+38 -3.4e+38 -3.4e+38 -3.4e+38 -3.4e+38 -3.4e+38 -3.4e+38 -3.4e+38 -3.4e+38 -3.4e+38 -3.4e+38 -3.4e+38 21 21 20.7000007629395 20.2000007629395 20.1000003814697 19.8999996185303 19.5 18.7000007629395 18.7999992370605 19.1000003814697 19 19.1000003814697 19 18.8999996185303 19.1000003814697 19.1000003814697 19.2999992370605 19.3999996185303 19.8999996185303 20.2000007629395 19.8999996185303 19.7999992370605 20.2999992370605 -3.4e+38 -3.4e+38 -3.4e+38 -3.4e+38 19.7000007629395 19.5 19.1000003814697 19 18.7000007629395 18.2999992370605
-3.4e+38 -3.4e+38 -3.4e+38 -3.4e+38 -3.4e+38 -3.4e+38 -3.4e+38 -3.4e+38 -3.4e+38 -3.4e+38 -3.4e+38 -3.4e+38 -3.4e+38 -3.4e+38 -3.4e+38 -3.4e+38 -3.4e+38 -3.4e+38 -3.4e+38 -3.4e+38 -3.4e+38 -3.4e+38 20.8999996185303 20.7999992370605 20.3999996185303 20.2999992370605 20 19.8999996185303 19.2999992370605 19.1000003814697 18.5 19 18.5 18.6000003814697 18.8999996185303 18.7000007629395 19.1000003814697 19 19.2999992370605 19.3999996185303 20 20.2000007629395 20 19.7999992370605 20.1000003814697 20.2999992370605 -3.4e+38 -3.4e+38 -3.4e+38 -3.4e+38 19.7999992370605 19.6000003814697 19.2999992370605 18.8999996185303 18.5
-3.4e+38 -3.4e+38 -3.4e+38 -3.4e+38 -3.4e+38 -3.4e+38 -3.4e+38 -3.4e+38 -3.4e+38 -3.4e+38 -3.4e+38 -3.4e+38 -3.4e+38 -3.4e+38 -3.4e+38 -3.4e+38 -3.4e+38 -3.4e+38 -3.4e+38 -3.4e+38 -3.4e+38 -3.4e+38 20.8999996185303 20.5 20.3999996185303 19.8999996185303 19.7999992370605 19.7999992370605 18.8999996185303 18.2000007629395 17.8999996185303 18.5 18.2000007629395 18.1000003814697 18.8999996185303 18.7000007629395 18.7999992370605 19.2000007629395 19.2000007629395 19.2999992370605 20 20.1000003814697 20.2000007629395 20 19.5 19.8999996185303 20 -3.4e+38 -3.4e+38 -3.4e+38 19.8999996185303 19.8999996185303 19 19 18.3999996185303
-3.4e+38 -3.4e+38 -3.4e+38 -3.4e+38 -3.4e+38 -3.4e+38 -3.4e+38 -3.4e+38 -3.4e+38 -3.4e+38 -3.4e+38 -3.4e+38 -3.4e+38 -3.4e+38 -3.4e+38 -3.4e+38 -3.4e+38 -3.4e+38 -3.4e+38 -3.4e+38 -3.4e+38 -3.4e+38 20.6000003814697 20.3999996185303 20.1000003814697 20 19.7999992370605 19.5 19.2999992370605 18.6000003814697 18 18.2000007629395 18.1000003814697 18.5 18.7000007629395 18.7000007629395 18.6000003814697 18.6000003814697 18.8999996185303 19.2000007629395 19.7999992370605 19.7999992370605 20 19.6000003814697 20 19.2000007629395 19.3999996185303 19.8999996185303 -3.4e+38 -3.4e+38 19.8999996185303 19.7999992370605 19.5 19 18.7000007629395
-3.4e+38 -3.4e+38 -3.4e+38 -3.4e+38 -3.4e+38 -3.4e+38 -3.4e+38 -3.4e+38 -3.4e+38 -3.4e+38 -3.4e+38 -3.4e+38 -3.4e+38 -3.4e+38 -3.4e+38 -3.4e+38 -3.4e+38 -3.4e+38 -3.4e+38 -3.4e+38 -3.4e+38 -3.4e+38 20.6000003814697 20.3999996185303 20.2999992370605 20 19.5 19.2000007629395 19.3999996185303 19.2000007629395 18.7999992370605 17.5 17.2999992370605 18.6000003814697 18.6000003814697 18.5 18.6000003814697 18.5 18.7000007629395 19.3999996185303 19.3999996185303 19.7999992370605 19.7999992370605 19.6000003814697 19.7000007629395 19 19 19.7000007629395 -3.4e+38 -3.4e+38 20 20 19.7999992370605 19.2999992370605 19
-3.4e+38 -3.4e+38 -3.4e+38 -3.4e+38 -3.4e+38 -3.4e+38 -3.4e+38 -3.4e+38 -3.4e+38 -3.4e+38 -3.4e+38 -3.4e+38 -3.4e+38 -3.4e+38 -3.4e+38 -3.4e+38 -3.4e+38 -3.4e+38 -3.4e+38 -3.4e+38 -3.4e+38 -3.4e+38 20.6000003814697 20.2999992370605 20.1000003814697 19.7999992370605 19.7000007629395 19.2999992370605 18.6000003814697 18.8999996185303 18.8999996185303 17.6000003814697 18.2999992370605 18.3999996185303 18.2999992370605 18.3999996185303 18.2000007629395 18.3999996185303 18.2999992370605 18.7000007629395 19.2000007629395 19.6000003814697 19.7000007629395 19.6000003814697 19.3999996185303 19.2000007629395 19.5 19.6000003814697 20.2000007629395 -3.4e+38 20.1000003814697 20 19.6000003814697 19 18.8999996185303
-3.4e+38 -3.4e+38 -3.4e+38 -3.4e+38 -3.4e+38 -3.4e+38 -3.4e+38 -3.4e+38 -3.4e+38 -3.4e+38 -3.4e+38 -3.4e+38 -3.4e+38 -3.4e+38 -3.4e+38 -3.4e+38 -3.4e+38 -3.4e+38 -3.4e+38 -3.4e+38 -3.4e+38 -3.4e+38 20.7000007629395 20.2999992370605 20 19.7999992370605 19.7000007629395 19.3999996185303 19.1000003814697 19 18.3999996185303 17.8999996185303 17.7999992370605 18 18 18.3999996185303 18.2999992370605 18.3999996185303 18.2999992370605 18.7000007629395 19 19.1000003814697 19.5 19.5 19.2000007629395 19.2000007629395 19.2999992370605 19.6000003814697 20 -3.4e+38 20.1000003814697 19.8999996185303 19.5 19.1000003814697 19
-3.4e+38 -3.4e+38 -3.4e+38 -3.4e+38 -3.4e+38 -3.4e+38 -3.4e+38 -3.4e+38 -3.4e+38 -3.4e+38 -3.4e+38 -3.4e+38 -3.4e+38 -3.4e+38 -3.4e+38 -3.4e+38 -3.4e+38 -3.4e+38 -3.4e+38 -3.4e+38 -3.4e+38 -3.4e+38 20.5 20.2999992370605 20 19.7000007629395 19.6000003814697 19.2999992370605 19.2000007629395 19.2000007629395 18.7999992370605 18.5 18.2999992370605 17.2999992370605 18.6000003814697 18.3999996185303 18.2000007629395 18.2999992370605 18.5 18.7000007629395 18.7999992370605 18.7999992370605 19.2999992370605 19.3999996185303 19.1000003814697 19 19.2999992370605 19.6000003814697 19.7999992370605 -3.4e+38 20 20 19.6000003814697 19.5 19.1000003814697
-3.4e+38 -3.4e+38 -3.4e+38 -3.4e+38 -3.4e+38 -3.4e+38 -3.4e+38 -3.4e+38 -3.4e+38 -3.4e+38 -3.4e+38 -3.4e+38 -3.4e+38 -3.4e+38 -3.4e+38 -3.4e+38 -3.4e+38 -3.4e+38 -3.4e+38 -3.4e+38 -3.4e+38 -3.4e+38 20.5 20.3999996185303 20.2000007629395 19.7000007629395 19.7000007629395 19.5 19.2999992370605 19.2000007629395 19 18.7999992370605 18.2000007629395 17.7999992370605 18.3999996185303 18.2000007629395 18.3999996185303 18.2000007629395 18.3999996185303 18.7000007629395 18.6000003814697 18.7999992370605 19 19.2999992370605 19.2000007629395 19.2000007629395 19.7000007629395 19.8999996185303 20 20 -3.4e+38 20 19.6000003814697 19.2999992370605 19.2000007629395
-3.4e+38 -3.4e+38 -3.4e+38 -3.4e+38 -3.4e+38 -3.4e+38 -3.4e+38 -3.4e+38 -3.4e+38 -3.4e+38 -3.4e+38 -3.4e+38 -3.4e+38 -3.4e+38 -3.4e+38 -3.4e+38 -3.4e+38 -3.4e+38 -3.4e+38 -3.4e+38 -3.4e+38 -3.4e+38 20.5 20.2000007629395 20 19.7000007629395 19.5 19.2999992370605 19.3999996185303 19.1000003814697 18.8999996185303 18.7999992370605 18.6000003814697 18.5 18.2999992370605 18.1000003814697 18.2000007629395 18.2000007629395 18.5 18.5 18.5 18.5 18.7999992370605 19 19 19.6000003814697 19.6000003814697 19.7999992370605 19.7000007629395 19.8999996185303 -3.4e+38 19.8999996185303 19.6000003814697 19.2999992370605 19
-3.4e+38 -3.4e+38 -3.4e+38 -3.4e+38 -3.4e+38 -3.4e+38 -3.4e+38 -3.4e+38 -3.4e+38 -3.4e+38 -3.4e+38 -3.4e+38 -3.4e+38 -3.4e+38 -3.4e+38 -3.4e+38 -3.4e+38 -3.4e+38 -3.4e+38 -3.4e+38 -3.4e+38 -3.4e+38 20.5 20.2999992370605 20.1000003814697 19.7999992370605 19.7999992370605 19.6000003814697 19.2999992370605 19.1000003814697 18.5 18.1000003814697 18.2000007629395 18 18.2999992370605 17.7000007629395 18 18.2000007629395 18.1000003814697 18.2000007629395 18.1000003814697 18.2999992370605 18.7999992370605 18.8999996185303 19.2000007629395 19.3999996185303 19.2999992370605 19.3999996185303 19.5 19.7000007629395 19.8999996185303 -3.4e+38 19.6000003814697 19.3999996185303 19.1000003814697
-3.4e+38 -3.4e+38 -3.4e+38 -3.4e+38 -3.4e+38 -3.4e+38 -3.4e+38 -3.4e+38 -3.4e+38 -3.4e+38 -3.4e+38 -3.4e+38 -3.4e+38 -3.4e+38 -3.4e+38 -3.4e+38 -3.4e+38 -3.4e+38 -3.4e+38 -3.4e+38 -3.4e+38 -3.4e+38 20.5 20.2999992370605 20 19.8999996185303 19.5 19.2999992370605 19.3999996185303 19.1000003814697 18.7999992370605 18.5 18.6000003814697 18.2999992370605 17.7000007629395 17.8999996185303 17.8999996185303 17.8999996185303 18.1000003814697 18.1000003814697 18.2000007629395 18.7000007629395 18.5 18.7000007629395 19.1000003814697 19.2999992370605 18.8999996185303 18.7999992370605 19.2999992370605 19.6000003814697 19.7000007629395 19.7000007629395 19.7000007629395 19.6000003814697 19.3999996185303
-3.4e+38 -3.4e+38 -3.4e+38 -3.4e+38 -3.4e+38 -3.4e+38 -3.4e+38 -3.4e+38 -3.4e+38 -3.4e+38 -3.4e+38 -3.4e+38 -3.4e+38 -3.4e+38 -3.4e+38 -3.4e+38 -3.4e+38 -3.4e+38 -3.4e+38 -3.4e+38 -3.4e+38 -3.4e+38 20.5 20.2999992370605 20 19.7999992370605 19.7000007629395 19.5 19.3999996185303 19.2000007629395 19 18.7000007629395 19 18.7999992370605 18.2000007629395 18.3999996185303 18.2999992370605 18.3999996185303 18.2000007629395 18.3999996185303 18.1000003814697 18.6000003814697 18.6000003814697 19 19 19.1000003814697 18.7999992370605 18.8999996185303 19.2999992370605 19.2000007629395 19.2999992370605 19.7999992370605 -3.4e+38 19.7999992370605 19.5
-3.4e+38 -3.4e+38 -3.4e+38 -3.4e+38 -3.4e+38 -3.4e+38 -3.4e+38 -3.4e+38 -3.4e+38 -3.4e+38 -3.4e+38 -3.4e+38 -3.4e+38 -3.4e+38 -3.4e+38 -3.4e+38 -3.4e+38 -3.4e+38 -3.4e+38 -3.4e+38 -3.4e+38 -3.4e+38 20.5 20.2999992370605 20 19.7999992370605 19.6000003814697 19.5 19.2000007629395 19.1000003814697 19 19.1000003814697 19.1000003814697 18.7000007629395 18.5 18.5 18.5 18.2999992370605 18.1000003814697 18 18 18.2000007629395 18.6000003814697 18.7000007629395 18.7999992370605 18.5 18.7000007629395 18.7000007629395 18.8999996185303 19 19.2999992370605 19.6000003814697 19.7000007629395 -3.4e+38 19.7000007629395
-3.4e+38 -3.4e+38 -3.4e+38 -3.4e+38 -3.4e+38 -3.4e+38 -3.4e+38 -3.4e+38 -3.4e+38 -3.4e+38 -3.4e+38 -3.4e+38 -3.4e+38 -3.4e+38 -3.4e+38 -3.4e+38 -3.4e+38 -3.4e+38 -3.4e+38 -3.4e+38 -3.4e+38 -3.4e+38 -3.4e+38 20.2999992370605 20 19.7999992370605 19.7000007629395 19.7999992370605 19.7000007629395 19.7000007629395 19.6000003814697 19 19 18.8999996185303 18.8999996185303 18.5 18.5 18.2999992370605 18.2000007629395 18.1000003814697 17.8999996185303 18 18.5 18.7000007629395 18.6000003814697 18.2999992370605 18.5 18.6000003814697 18.7000007629395 18.7999992370605 19.5 19.2999992370605 19.6000003814697 19.7000007629395 19.6000003814697
-3.4e+38 -3.4e+38 -3.4e+38 -3.4e+38 -3.4e+38 -3.4e+38 -3.4e+38 -3.4e+38 -3.4e+38 -3.4e+38 -3.4e+38 -3.4e+38 -3.4e+38 -3.4e+38 -3.4e+38 -3.4e+38 -3.4e+38 -3.4e+38 -3.4e+38 -3.4e+38 -3.4e+38 -3.4e+38 -3.4e+38 20.2999992370605 20 20.1000003814697 20 19.8999996185303 19.6000003814697 19.6000003814697 19.2000007629395 19 18.7000007629395 18.5 18.3999996185303 18.2999992370605 18.2000007629395 18.3999996185303 18.2000007629395 18.1000003814697 17.8999996185303 18.2000007629395 18.6000003814697 18.5 18.5 18.2000007629395 18.3999996185303 18.3999996185303 18.7000007629395 18.8999996185303 19.5 19.2000007629395 19.6000003814697 19.5 -3.4e+38
-3.4e+38 -3.4e+38 -3.4e+38 -3.4e+38 -3.4e+38 -3.4e+38 -3.4e+38 -3.4e+38 -3.4e+38 -3.4e+38 -3.4e+38 -3.4e+38 -3.4e+38 -3.4e+38 -3.4e+38 -3.4e+38 -3.4e+38 -3.4e+38 -3.4e+38 -3.4e+38 -3.4e+38 -3.4e+38 20.5 20.2999992370605 20.2999992370605 20 19.7999992370605 19.6000003814697 19.3999996185303 19.2999992370605 18.7000007629395 18.6000003814697 18.7000007629395 18.6000003814697 18.2999992370605 18.2000007629395 18.2999992370605 18.2999992370605 17.7000007629395 17.8999996185303 17.7999992370605 18.2000007629395 18.5 18.2000007629395 18.2999992370605 18.3999996185303 18.3999996185303 18.5 18.7000007629395 18.8999996185303 19.1000003814697 19.1000003814697 19.5 19.2999992370605 19.6000003814697
-3.4e+38 -3.4e+38 -3.4e+38 -3.4e+38 -3.4e+38 -3.4e+38 -3.4e+38 -3.4e+38 -3.4e+38 -3.4e+38 -3.4e+38 -3.4e+38 -3.4e+38 -3.4e+38 -3.4e+38 -3.4e+38 -3.4e+38 -3.4e+38 -3.4e+38 -3.4e+38 -3.4e+38 -3.4e+38 20.5 20.2999992370605 19.8999996185303 19.7000007629395 19.8999996185303 19.6000003814697 19.2000007629395 19.2000007629395 19.2000007629395 18.3999996185303 18.6000003814697 18.6000003814697 18.6000003814697 18.3999996185303 18.2000007629395 17.7000007629395 17.6000003814697 17.8999996185303 18 18.2999992370605 18.2000007629395 18.1000003814697 18.2999992370605 18.3999996185303 18.3999996185303 18.7000007629395 18.7999992370605 19 19.1000003814697 19 18.7999992370605 19.1000003814697 19.2999992370605
